000201798 148160
000201799 55840
000201800 127040
000210001 60960
000210002 177280
000210003 94880
000210004 116800
000210005 146880
000210006 91200
000210007 105280
000210008 86720
000210009 62720
000210010 94720
000210011 71520
000210012 127520
000210013 88000
000210014 132480
000210015 117440
000210017 70240
000210018 92320
000210019 136144
000210020 87200
000210021 41376
000210022 60896
000210023 63360
000210024 60000
000210025 84160
000210026 54880
000210027 56960
000210028 48960
000210029 55040
000210030 59680
000210031 70400
000210033 95040
000210034 103040
000210035 40176
000210036 55360
000210037 80480
000210038 54400
000210039 53280
000210040 68480
000210041 29152
000210042 36800
000210043 66400
000210044 46032
000210045 38912
000210046 41952
000210047 42880
000210049 46400
000210050 55200
000210052 81600
000210053 41952
000210054 38592
000210055 57920
000210056 64480
000210058 66560
000210059 51200
000210060 60160
000210062 51360
000210063 78400
000210064 72640
000210065 56480
000210066 57920
000210067 49600
000210068 68960
000210069 64160
000210070 57120
000210071 45792
000210072 60320
000210073 62240
000210074 73440
000210075 55840
000210076 108320
000210077 57600
000210078 78832
000210079 62400
000210080 43040
000210081 61120
000210082 91200
000210083 65280
000210084 68800
000210085 62080
000210087 77120
000210088 68000
000210089 98880
000210090 78560
000210091 71360
000210092 93408
000210093 68640
000210094 60000
000210095 70560
000210096 59680
000210097 59200
000210098 86240
000210099 61760
000210100 80160
000210102 72480
000210103 103040
000210104 114720
000210105 119200
000210106 112960
000210107 83680
000210108 66560
000210110 86880
000210111 87360
000210112 66560
000210113 67680
000210114 59360
000210115 69440
000210116 95520
000210117 87744
000210118 127840
000210119 100000
000210120 144320
000210121 71360
000210123 110720
000210124 84320
000210125 89648
000210126 66560
000210127 97600
000210128 64480
000210129 49440
000210130 139040
000210134 71360
000210135 65440
000210136 164800
000210137 64800
000210138 127360
000210139 88640
000210140 60320
000210141 48160
000210142 78720
000210143 51520
000210144 126240
000210145 115840
000210146 150624
000210147 107200
000210148 38080
000210149 63184
000210150 80640
000210151 57120
000210152 120000
000210153 148800
000210155 41120
000210156 47952
000210157 73968
000210158 65760
000210159 53696
000210160 139840
000210161 122560
000210163 83680
000210165 33280
000210166 81440
000210168 55360
000210169 60640
000210170 115040
000210171 123520
000210172 96480
000210173 132640
000210174 94720
000210175 141280
000210176 78720
000210177 71040
000210178 42400
000210179 91360
000210180 87040
000210181 107040
000210182 74880
000210183 65440
000210184 58208
000210185 62560
000210186 70400
000210187 84960
000210188 87680
000210189 116480
000210190 73440
000210191 52000
000210192 96000
000210193 113280
000210194 44384
000210195 85760
000210196 95824
000210197 106400
000210198 48000
000210199 45168
000210200 65440
000210201 91184
000210203 180000
000210204 95920
000210205 84960
000210206 65280
000210207 100960
000210208 79072
000210209 34912
000210210 118400
000210211 85120
000210212 82560
000210213 93440
000210214 74240
000210215 112640
000210216 44480
000210217 72640
000210218 80960
000210219 93760
000210220 86624
000210221 66080
000210222 54720
000210223 114720
000210224 56528
000210225 63200
000210226 33872
000210227 47520
000210228 90880
000210229 116160
000210230 101280
000210231 88480
000210232 53280
000210233 65600
000210234 50000
000210235 64751
000210236 68480
000210238 75840
000210239 79680
000210240 75040
000210241 181120
000210242 106080
000210243 87952
000210244 51680
000210245 34896
000210246 49920
000210247 85600
000210248 151200
000210249 47040
000210250 86080
000210251 101920
000210252 44960
000210253 65168
000210254 42720
000210255 70128
000210257 93440
000210258 112800
000210259 52000
000210260 51040
000210261 53600
000210262 72960
000210263 50880
000210264 72320
000210265 59520
000210266 106720
000210267 91200
000210268 101824
000210269 99520
000210270 74240
000210273 62448
000210274 118608
000210275 52208
000210276 37920
000210277 150080
000210278 46240
000210280 102560
000210282 82720
000210283 61712
000210284 53424
000210285 79248
000210286 37696
000210287 75200
000210288 101920
000210289 95040
000210290 54192
000210291 67040
000210292 100800
000210293 92640
000210295 109696
000210296 93440
000210297 107200
000210298 34832
000210299 55200
000210300 117920
000210301 66400
000210302 70080
000210303 126240
000210304 106880
000210305 76960
000210306 76800
000210307 53280
000210309 89920
000210310 34400
000210311 80320
000210312 37904
000210313 102080
000210314 101280
000210315 93440
000210316 113440
000210317 96800
000210318 61392
000210319 108480
000210320 89920
000210321 91680
000210322 66720
000210323 145440
000210325 88000
000210326 65120
000210327 91520
000210328 80640
000210329 105296
000210330 174240
000210331 74240
000210332 76960
000210333 88320
000210334 90080
000210335 75360
000210336 90000
000210337 60160
000210338 48960
000210339 82400
000210340 92320
000210341 108192
000210342 81696
000210343 38560
000210344 35680
000210345 59680
000210346 84480
000210347 60272
000210348 40560
000210349 45440
000210350 97920
000210351 44800
000210352 52160
000210353 95504
000210354 73600
000210355 56528
000210356 70576
000210357 108160
000210358 56800
000210360 98080
000210361 46416
000210362 74560
000210363 48000
000210364 41280
000210365 80000
000210366 47136
000210367 108160
000210368 96640
000210370 55888
000210371 130400
000210372 122080
000210373 112960
000210374 64319
000210375 98080
000210376 67840
000210377 98240
000210378 92800
000210379 71680
000210380 166560
000210382 102240
000210383 76992
000210384 92720
000210385 112960
000210386 72320
000210388 136000
000210389 90240
000210390 107200
000210391 103200
000210393 80000
000210394 62496
000210395 158080
000210396 97920
000210397 140800
000210398 69984
000210399 123504
000210400 89408
000211401 49280
000211402 60160
000211403 54400
000211404 67680
000211405 54864
000211406 44032
000211407 48800
000211408 59040
000211409 36992
000211410 50848
000211411 66080
000211412 60320
000211413 31840
000211414 58400
000211415 46720
000211416 51952
000211417 65712
000211418 48640
000211419 44800
000211420 37440
000211421 30688
000211422 38720
000211423 36464
000211424 44480
000211425 42080
000211426 44960
000211427 63040
000211428 37440
000211429 38256
000211430 74400
000211432 79040
000211433 67520
000211434 49760
000211437 45936
000211438 39360
000211439 80160
000211440 31920
000211441 63360
000211443 63840
000211445 47264
000211446 72144
000211447 44640
000211448 46080
000211449 52000
000211450 53760
000211451 86144
000211452 63040
000211453 56320
000211454 31664
000211456 57440
000211457 56480
000211458 87552
000211459 46096
000211460 48160
000211461 47872
000211462 35520
000211463 51840
000211464 49600
000211465 44320
000211466 49600
000211467 41600
000211468 50896
000211469 51360
000211470 54080
000211471 41760
000211473 52320
000211474 41280
000211475 56480
000211476 50368
000211477 64544
000211478 47680
000211479 55840
000211480 76640
000211481 57008
000211482 41920
000211483 45920
000211484 39856
000211485 45008
000211486 43088
000211487 64160
000211488 45840
000211489 77600
000211490 39552
000211491 39680
000211492 48208
000211493 38672
000211494 41760
000211495 40464
000211496 53440
000211497 40976
000211498 47360
000211499 46080
000211500 45600
000211501 33120
000211503 41600
000211505 56320
000211506 71840
000211507 78720
000211509 88640
000211510 48000
000211511 87360
000211513 75296
000211514 34400
000211515 87520
000211516 106192
000211517 48320
000211518 108064
000211519 69264
000211520 52640
000211521 63360
000211522 102560
000211523 70736
000211524 65120
000211525 91520
000211526 68736
000211527 61024
000211528 58880
000211529 50640
000211530 34992
000211531 31040
000211532 38400
000211533 32960
000211534 63360
000211536 34960
000211537 38560
000211538 83520
000211539 61056
000211540 84480
000211541 34720
000211542 134400
000211543 40960
000211544 62384
000211545 80960
000211546 55360
000211547 98192
000211548 97120
000211549 60480
000211550 39360
000211551 60640
000211552 93280
000211554 75520
000211555 64288
000211556 49600
000211557 59008
000211558 28960
000211559 28160
000211560 42944
000211562 71216
000211563 50560
000211564 56448
000211565 44000
000211566 78240
000211567 111360
000211568 65440
000211569 61280
000211570 85760
000211571 36640
000211572 52432
000211573 48000
000211574 68960
000211575 54432
000211576 106560
000211577 39504
000211578 44640
000211579 94048
000211580 75040
000211581 66480
000211582 50400
000211583 103200
000211584 78400
000211585 79040
000211586 65296
000211587 96160
000211588 34400
000211589 91040
000211590 38080
000211591 89920
000211592 59760
000211593 52800
000211594 60480
000211595 96320
000211596 90240
000211598 40688
000211599 93120
000211600 33600
000211601 64959
000211602 68480
000211603 57760
000211604 59680
000211605 87520
000211606 101760
000211607 63504
000211608 78416
000211609 38240
000211610 49600
000211611 120960
000211612 80800
000211613 53760
000211615 76160
000211616 62240
000211617 57760
000211618 74240
000211619 40000
000211621 93600
000211623 67680
000211624 68800
000211625 90240
000211627 32720
000211628 52000
000211629 86880
000211630 46880
000211631 52480
000211632 73760
000211633 51520
000211634 85280
000211635 55520
000211636 42880
000211637 97120
000211638 114240
000211640 110560
000211642 70880
000211643 45280
000211644 51040
000211645 67200
000211646 42400
000211648 45440
000211649 39024
000211650 52640
000211651 99360
000211652 60960
000211653 44160
000211654 82720
000211655 92160
000211656 66992
000211657 58080
000211659 67680
000211660 38736
000211661 48000
000211662 52560
000211663 30928
000211666 75520
000211667 36096
000211668 53440
000211670 67520
000211671 27744
000211672 88160
000211673 51680
000211674 28848
000211675 39696
000211676 73440
000211677 51632
000211678 70720
000211680 51680
000211682 91200
000211683 65120
000211684 36800
000211685 47744
000211686 50912
000211687 84000
000211688 65232
000211690 52480
000211691 51520
000211692 66624
000211693 60320
000211694 39296
000211696 61440
000211697 44480
000211698 81120
000211699 84960
000211700 65760
000211703 91840
000211704 60320
000211705 45440
000211706 44688
000211708 100320
000211709 82400
000211710 54720
000211711 55520
000211712 59424
000211713 104000
000211714 89440
000211715 88384
000211716 71040
000211717 83520
000211718 62720
000211719 111200
000211720 57552
000211721 81600
000211723 49968
000211724 80640
000211725 40272
000211726 52960
000211727 75520
000211730 63040
000211733 92320
000211734 99680
000211735 108064
000211736 60800
000211737 35840
000211738 89920
000211739 67040
000211740 64160
000211741 109760
000211742 63840
000211743 33952
000211744 51360
000211745 93440
000211746 77904
000211747 59680
000211748 55200
000211749 67200
000211750 76320
000211751 70432
000211752 69120
000211753 55696
000211754 35888
000211755 77280
000211756 80160
000211757 29696
000211758 40160
000211759 34208
000211760 76160
000211761 74240
000211762 61280
000211764 49760
000211765 69600
000211766 55040
000211768 70736
000211769 78560
000211770 75984
000211771 103168
000211772 74208
000211773 92960
000211774 88480
000211775 82880
000211776 70720
000211777 78720
000211778 82880
000211779 70720
000211780 61920
000211781 88960
000211782 48800
000211783 33440
000211784 40800
000211785 103680
000211786 49360
000211787 56304
000211788 86400
000211789 38768
000211790 92480
000211791 39360
000211792 72432
000211793 34544
000211794 73280
000211795 43680
000211796 51856
000211797 64640
000211798 82688
000211799 51360
000211800 79200
000220001 86240
000220003 116992
000220005 203680
000220006 96576
000220007 152032
000220009 109456
000220010 135840
000220011 104320
000220015 148960
000220016 218400
000220021 56960
000220022 92000
000220023 99408
000220024 88160
000220025 115840
000220026 72816
000220027 76960
000220028 69840
000220029 81792
000220030 96160
000220031 106272
000220032 98000
000220034 139200
000220035 59776
000220037 116560
000220039 81392
000220040 104160
000220041 34400
000220042 48320
000220043 90560
000220044 71360
000220045 56464
000220046 60320
000220047 58720
000220048 120320
000220049 76784
000220050 76800
000220051 53072
000220052 110336
000220053 52976
000220054 46880
000220055 73280
000220056 99216
000220057 104800
000220058 84960
000220060 95520
000220061 80000
000220062 76640
000220063 113440
000220064 91296
000220065 81776
000220066 69696
000220067 76160
000220068 94624
000220069 86560
000220070 80800
000220071 59840
000220072 83040
000220073 88000
000220074 100512
000220075 77280
000220076 140640
000220077 70560
000220078 132320
000220079 87840
000220080 70080
000220081 80960
000220082 116320
000220083 88176
000220084 100640
000220085 93440
000220086 94080
000220087 97920
000220088 110400
000220089 147360
000220090 117440
000220091 118080
000220092 152800
000220093 107840
000220094 91520
000220095 96480
000220096 90240
000220097 93152
000220098 115744
000220099 82880
000220100 106240
000220102 97600
000220104 121760
000220105 68000
000220106 100160
000220107 191840
000220112 150560
000220114 166240
000220115 153440
000220116 86624
000220118 63840
000220119 174240
000220120 75440
000220123 152160
000220128 234880
000220129 147200
000220131 196480
000220132 44480
000220135 95040
000220137 140800
000220139 124160
000220142 151040
000220143 68960
000220145 179040
000220146 129840
000220149 181472
000220151 197440
000220152 125344
000220153 140160
000220155 75520
000220156 128479
000220157 149760
000220158 54560
000220162 72320
000220164 57760
000220166 114080
000220167 83936
000220168 99520
000220169 204320
000220171 135040
000220172 171360
000220174 83680
000220175 75328
000220177 117920
000220178 116160
000220181 187360
000220182 145120
000220184 70624
000220185 68320
000220188 241760
000220189 118720
000220192 169600
000220193 44640
000220195 86080
000220200 205920
000220202 84000
000220203 115680
000220206 72160
000220208 154400
000220209 106720
000220210 50640
000220211 73120
000220212 54720
000220213 213760
000220214 64208
000220215 140160
000220216 210080
000220217 55840
000220218 118080
000220219 132160
000220220 81040
000220221 158080
000220224 114576
000220225 126400
000220226 121760
000220227 219520
000220228 223520
000220229 104640
000220230 83776
000220231 154080
000220232 113600
000220233 151920
000220234 163520
000220235 57120
000220236 64480
000220237 168320
000220238 190400
000220239 80640
000220240 51040
000220241 95040
000220242 158080
000220243 208320
000220244 169664
000220245 108752
000220246 117760
000220247 100000
000220249 75040
000220250 80960
000220251 159360
000220252 91936
000220253 56160
000220255 223200
000220256 59952
000220257 64160
000220258 83840
000220259 148480
000220260 191696
000220261 186720
000220263 85920
000220264 246544
000220265 56160
000220268 104640
000220270 154080
000220271 119840
000220272 143680
000220274 74000
000220275 104480
000220276 75792
000220280 66720
000220281 83760
000220283 99104
000220285 83712
000220286 82560
000220287 165920
000220288 164640
000220289 219520
000220290 145312
000220291 125760
000220292 143360
000220293 136800
000220295 135904
000220297 174720
000220298 69120
000220299 146240
000220300 152320
000220302 121760
000220304 89760
000220308 73248
000220310 149424
000220312 112160
000220318 49168
000220322 133120
000220323 158400
000220324 153280
000220334 60448
000220336 73600
000220338 216960
000220339 102880
000220341 208096
000220343 175296
000220344 66080
000220345 91168
000220347 173120
000220350 120320
000220351 206720
000220353 111520
000220354 111680
000220355 123984
000220356 127040
000220358 136320
000220359 62768
000220364 93120
000220365 146400
000220366 111248
000220367 187760
000220368 183520
000220369 201280
000220371 67040
000220372 195520
000220373 95744
000220375 96480
000220377 162560
000220378 106864
000220379 175664
000220382 103520
000220383 143360
000220384 98560
000220387 163680
000220388 201280
000220389 218880
000220390 194080
000220391 146240
000220392 141280
000220393 130431
000220394 140160
000220395 182080
000220396 119040
000220397 74400
000220398 128800
000220399 154720
000220400 99360
000221402 100352
000221403 85920
000221404 120480
000221405 89824
000221406 71200
000221407 87200
000221408 94832
000221409 56160
000221411 108160
000221412 110080
000221413 42880
000221414 112032
000221415 70240
000221416 97920
000221417 127200
000221418 78688
000221419 73440
000221422 63520
000221423 60368
000221424 73328
000221425 75680
000221426 77792
000221427 121824
000221428 62112
000221429 59696
000221430 84976
000221431 51792
000221432 110208
000221433 109440
000221434 88800
000221435 72000
000221436 76800
000221437 83680
000221438 75552
000221440 47520
000221441 83152
000221442 106400
000221443 96800
000221444 126400
000221445 66016
000221446 116608
000221447 81280
000221449 82640
000221450 100112
000221451 103856
000221452 117584
000221453 100960
000221454 56640
000221455 120160
000221456 97280
000221457 96480
000221458 131360
000221459 62608
000221460 75200
000221461 86240
000221462 59216
000221463 125440
000221464 92480
000221465 93440
000221466 98992
000221467 69280
000221468 80640
000221469 95360
000221470 82560
000221471 71056
000221472 90912
000221474 65696
000221475 99360
000221476 104320
000221478 72000
000221479 93328
000221480 130880
000221481 83360
000221482 82560
000221483 70880
000221484 75840
000221485 93920
000221486 68960
000221487 102240
000221488 68800
000221489 112160
000221490 69280
000221491 66880
000221492 83040
000221493 57984
000221494 76480
000221495 71680
000221496 87840
000221497 68320
000221499 81136
000221500 77920
000221501 101504
000221502 185760
000221503 161120
000221504 166080
000221505 164160
000221507 120160
000221510 164960
000221511 154560
000221512 140640
000221513 83968
000221514 102080
000221515 95840
000221516 127040
000221517 49600
000221518 158880
000221520 106880
000221521 53440
000221522 108000
000221524 93760
000221525 99360
000221526 92800
000221527 88800
000221528 123520
000221529 92320
000221530 88160
000221531 130400
000221532 156000
000221533 177600
000221534 63520
000221535 91840
000221536 126720
000221538 107200
000221540 54720
000221541 87360
000221543 183360
000221544 215840
000221545 184160
000221547 111520
000221550 143840
000221552 112640
000221554 139840
000221555 64480
000221556 165760
000221557 103520
000221558 129600
000221559 151360
000221560 103680
000221561 153744
000221562 178880
000221564 157600
000221565 70880
000221566 61120
000221567 144896
000221568 135520
000221569 58880
000221570 212960
000221571 170240
000221572 119184
000221574 119040
000221575 156960
000221576 175840
000221577 56256
000221578 131360
000221580 111520
000221581 73760
000221582 156800
000221585 139200
000221587 55200
000221590 183200
000221591 125808
000221593 110880
000221594 79520
000221595 149440
000221596 91840
000221601 139360
000221602 61760
000221606 96064
000221607 160000
000221612 132320
000221615 150880
000221616 140480
000221618 126560
000221619 89760
000221620 139520
000221621 106336
000221623 63200
000221624 88160
000221625 66240
000221626 173632
000221627 139520
000221628 164960
000221630 63680
000221631 144800
000221632 140480
000221635 94880
000221636 148480
000221640 98480
000221642 199680
000221643 96480
000221644 58496
000221646 55360
000221647 101120
000221648 77920
000221649 50240
000221650 67680
000221651 80768
000221652 79200
000221653 116640
000221654 103200
000221655 139360
000221656 145616
000221657 68000
000221658 160480
000221659 108640
000221660 158080
000221661 125440
000221662 178080
000221663 99360
000221664 134080
000221665 129759
000221666 152160
000221667 119680
000221668 147840
000221669 129503
000221670 104800
000221671 131520
000221672 100960
000221673 128112
000221674 119040
000221676 130560
000221677 145920
000221678 69232
000221679 156288
000221680 92000
000221681 153280
000221682 128800
000221683 70464
000221684 126720
000221685 146080
000221686 149120
000221687 206720
000221688 73120
000221689 116000
000221690 120400
000221691 91840
000221692 72000
000221693 180960
000221694 60800
000221696 131680
000221698 97776
000221700 76816
000221701 150240
000221702 199056
000221703 86080
000221705 144480
000221706 112000
000221707 56960
000221708 106752
000221709 140320
000221710 192320
000221711 126080
000221712 130240
000221714 169760
000221715 99840
000221716 79360
000221717 78720
000221718 58720
000221719 148960
000221720 182080
000221722 186560
000221723 118880
000221727 124960
000221728 108480
000221729 156960
000221730 96320
000221731 73760
000221732 166624
000221733 158560
000221734 120480
000221736 87360
000221739 180160
000221740 239680
000221741 75840
000221743 142240
000221745 172960
000221746 115648
000221747 75936
000221748 71360
000221749 68640
000221750 89600
000221751 120960
000221752 103040
000221753 236640
000221754 141120
000221755 159360
000221756 140160
000221757 98240
000221758 128816
000221759 105440
000221760 156800
000221761 130720
000221762 131680
000221763 85120
000221764 121600
000221765 125920
000221766 76480
000221767 47840
000221768 55680
000221769 198080
000221770 150560
000221771 107520
000221772 99680
000221773 147520
000221774 128479
000221775 211840
000221776 168320
000221777 155536
000221778 60480
000221779 112640
000221780 181920
000221781 96160
000221782 136640
000221783 160320
000221784 91040
000221785 144640
000221786 100960
000221787 120960
000221788 150720
000221789 150928
000221790 119200
000221791 143840
000221792 160480
000221793 125120
000221795 111040
000221796 181120
000221797 198400
000221798 228816
000221799 74560
000221800 163040
000230002 169120
000230003 95360
000230004 107360
000230005 173760
000230006 124960
000230007 121600
000230008 101280
000230009 72640
000230010 106400
000230011 77760
000230012 138400
000230013 111184
000230014 172240
000230015 110560
000230016 180320
000230017 91200
000230018 99680
000230019 178720
000230020 87136
000230021 45440
000230022 62080
000230023 70400
000230024 73280
000230025 107040
000230027 62544
000230028 48800
000230029 63200
000230030 66096
000230033 89920
000230034 109120
000230035 45296
000230036 59680
000230037 84000
000230038 56800
000230039 60960
000230040 68640
000230042 35392
000230044 51600
000230045 41120
000230046 45120
000230049 57760
000230050 66080
000230051 45120
000230052 82720
000230055 57440
000230056 89936
000230060 70240
000230063 77280
000230064 62400
000230065 64688
000230066 52704
000230069 68640
000230073 75360
000230075 59360
000230076 124800
000230078 88480
000230079 81760
000230080 56640
000230081 58720
000230082 89920
000230083 64160
000230084 70560
000230085 71840
000230088 74880
000230089 111680
000230091 84640
000230092 129600
000230093 101440
000230094 73920
000230095 76800
000230096 80432
000230098 90560
000230099 92800
000230102 38240
000230105 127360
000230107 158720
000230109 144000
000230113 61200
000230115 61440
000230117 54720
000230118 156960
000230119 92480
000230121 120640
000230123 100800
000230124 74720
000230127 34720
000230128 130400
000230129 99408
000230130 81920
000230131 107040
000230132 110672
000230133 135072
000230136 114880
000230137 138560
000230138 38560
000230140 90432
000230141 151680
000230142 66560
000230143 130560
000230144 35680
000230145 121760
000230146 140960
000230147 66240
000230150 167232
000230151 62400
000230156 127344
000230158 124000
000230159 56480
000230162 138880
000230164 137280
000230166 67040
000230168 86560
000230169 44960
000230171 120480
000230174 75424
000230177 78016
000230180 52160
000230181 52800
000230184 51360
000230185 113440
000230186 154560
000230187 66240
000230189 97600
000230193 94240
000230197 67360
000230199 96480
000230206 46304
000230207 106880
000230209 116048
000230211 89744
000230214 113600
000230216 105120
000230219 150560
000230220 62400
000230222 69120
000230226 144016
000230229 113600
000230230 115200
000230232 98080
000230233 128960
000230235 83744
000230236 106624
000230237 96576
000230238 80928
000230239 49968
000230241 76640
000230242 64464
000230243 103760
000230244 98240
000230245 93280
000230246 77280
000230247 144480
000230248 70720
000230249 118400
000230250 87520
000230252 111520
000230253 133600
000230254 56960
000230255 94080
000230256 173600
000230257 107040
000230258 108640
000230259 59744
000230260 106240
000230261 50240
000230262 84640
000230263 57600
000230265 71360
000230266 54704
000230267 90240
000230268 59520
000230269 89760
000230270 63600
000230272 88160
000230273 87520
000230274 120000
000230275 69600
000230276 87200
000230277 114880
000230278 115040
000230279 69120
000230280 116000
000230281 46240
000230282 52960
000230283 148480
000230284 116960
000230285 119680
000230287 54080
000230288 90240
000230289 93760
000230291 72480
000230292 180160
000230293 136320
000230294 72288
000230295 49440
000230297 118560
000230298 41600
000230299 58080
000230300 130064
000230301 118720
000230302 126880
000230303 57440
000230304 142240
000230305 56160
000230306 114720
000230307 66896
000230308 35200
000230309 75520
000230310 75840
000230311 74560
000230312 72320
000230313 100480
000230314 180960
000230315 57280
000230318 128479
000230319 87840
000230322 78912
000230323 76640
000230324 90880
000230325 107360
000230326 106880
000230327 64000
000230328 115664
000230329 84960
000230330 80960
000230331 75040
000230332 83200
000230333 62800
000230334 103920
000230335 148480
000230337 105440
000230338 59680
000230342 171680
000230343 76160
000230345 155040
000230346 138720
000230347 46720
000230350 96800
000230351 86400
000230352 61440
000230356 140704
000230358 137536
000230359 52560
000230361 116960
000230362 124000
000230363 105280
000230364 62800
000230365 87520
000230368 90400
000230369 99520
000230370 127200
000230372 98240
000230376 66400
000230377 131552
000230380 62560
000230382 74560
000230383 138400
000230384 103040
000230385 89984
000230386 118560
000230387 79040
000230388 105760
000230390 106880
000230391 88864
000230393 131840
000230394 57936
000230396 80160
000230397 91200
000230398 60800
000231402 74816
000231405 60160
000231406 52000
000231407 57760
000231408 72960
000231409 51360
000231410 70720
000231411 110400
000231412 74720
000231413 32607
000231414 106400
000231415 49920
000231416 60160
000231417 100160
000231418 57280
000231419 51760
000231420 43360
000231421 40000
000231422 45120
000231423 42400
000231424 55040
000231425 55680
000231426 62400
000231427 83680
000231428 48160
000231429 46720
000231430 68640
000231431 39216
000231432 69920
000231433 86880
000231434 60992
000231435 47200
000231436 57120
000231437 52800
000231438 58720
000231439 100800
000231440 46560
000231441 62560
000231442 77440
000231443 77120
000231444 92000
000231445 54240
000231446 74880
000231447 56928
000231448 57280
000231449 62080
000231450 56624
000231451 90720
000231452 100640
000231453 73120
000231454 36480
000231455 81440
000231456 67520
000231457 69280
000231458 84480
000231459 48000
000231460 84000
000231461 71840
000231462 44480
000231464 67840
000231465 53936
000231467 50000
000231468 73936
000231469 93760
000231470 66720
000231471 46560
000231472 74560
000231473 40000
000231474 62240
000231475 69920
000231476 55520
000231477 66880
000231478 53760
000231479 65120
000231480 95840
000231481 73120
000231482 55680
000231484 55840
000231487 81424
000231488 47520
000231489 102880
000231490 46400
000231491 48752
000231492 62240
000231493 48704
000231494 51040
000231495 49280
000231496 62080
000231497 49120
000231498 56320
000231499 56016
000231500 63616
000231501 120000
000231502 99520
000231503 111840
000231505 68800
000231506 66720
000231507 39360
000231508 72320
000231509 78080
000231510 64319
000231511 68800
000231512 87200
000231513 123520
000231514 53920
000231515 65600
000231516 101760
000231517 41680
000231518 89600
000231520 112480
000231521 138560
000231522 148160
000231523 50080
000231525 155360
000231526 114560
000231527 46512
000231528 91040
000231529 56640
000231530 81280
000231531 109920
000231532 80960
000231533 42480
000231534 71008
000231536 56224
000231537 32048
000231538 75024
000231539 160576
000231540 40480
000231541 70208
000231542 133440
000231543 129600
000231544 46880
000231545 56160
000231546 60000
000231547 96800
000231548 84480
000231549 86720
000231552 40656
000231553 82240
000231555 103840
000231556 47840
000231557 51200
000231558 76160
000231559 73600
000231560 135360
000231561 112640
000231562 111520
000231563 161120
000231565 135840
000231567 85920
000231569 80704
000231570 187056
000231571 100416
000231572 52800
000231573 112384
000231574 86304
000231575 116480
000231576 87840
000231579 70080
000231580 113936
000231582 175040
000231584 40800
000231585 149600
000231586 92480
000231587 38192
000231590 36480
000231591 145920
000231593 79200
000231597 85600
000231598 89440
000231599 89440
000231600 114080
000231601 103200
000231603 138032
000231604 92320
000231605 34672
000231606 89920
000231607 157760
000231608 98560
000231609 121920
000231611 52640
000231612 71520
000231614 110720
000231616 85920
000231617 45904
000231618 51680
000231619 103680
000231620 93760
000231622 113920
000231630 103040
000231632 143840
000231633 131680
000231634 92352
000231635 116640
000231637 46400
000231638 40480
000231640 66880
000231641 117600
000231642 67200
000231644 131456
000231646 111888
000231649 197664
000231658 72480
000231664 124944
000231665 108960
000231666 131504
000231667 95360
000231674 72960
000231676 85760
000231678 50256
000231684 55536
000231686 46080
000231688 63760
000231689 66880
000231695 104480
000231696 167360
000231697 101440
000231698 93280
000231700 51360
000231701 63840
000231702 47200
000231703 84960
000231707 106080
000231708 81920
000231709 109120
000231710 159040
000231711 75840
000231713 55040
000231714 134400
000231716 131039
000231718 85440
000231719 147040
000231720 58336
000231722 61280
000231724 147360
000231725 100960
000231726 98240
000231727 49920
000231729 80160
000231731 69440
000231734 98400
000231736 73856
000231737 40000
000231739 80800
000231740 57600
000231741 94080
000231742 41120
000231743 69760
000231744 60960
000231745 78720
000231746 53920
000231747 104320
000231748 46880
000231749 47200
000231750 60160
000231751 88560
000231752 52000
000231753 46240
000231754 67632
000231755 84640
000231756 121920
000231757 39360
000231758 37904
000231759 87360
000231760 91360
000231761 86112
000231762 69552
000231763 71264
000231764 47840
000231765 58720
000231766 69008
000231767 52160
000231768 49120
000231769 64480
000231771 56320
000231773 93120
000231774 82192
000231775 88800
000231776 70720
000231777 80800
000231778 37440
000231779 58720
000231780 94400
000231781 155840
000231782 64000
000231783 98080
000231784 91040
000231785 50880
000231786 103840
000231787 72000
000231788 79040
000231790 131039
000231791 130383
000231792 90736
000231793 126448
000231794 141920
000231795 87520
000231796 89600
000231797 81440
000231798 88000
000231799 49184
000231800 107584
000240001 62864
000240002 149600
000240003 85120
000240004 104640
000240005 133920
000240006 78240
000240007 98400
000240008 88800
000240009 75360
000240010 95520
000240011 66320
000240012 128960
000240013 86576
000240014 129696
000240015 98400
000240016 137920
000240017 75680
000240018 93760
000240019 135360
000240020 68960
000240021 43200
000240022 60720
000240023 69936
000240025 84480
000240027 58560
000240028 47840
000240029 59840
000240030 52752
000240031 61312
000240032 61760
000240033 93600
000240034 94880
000240036 55040
000240037 76160
000240038 54880
000240039 57600
000240040 69424
000240041 28496
000240042 36640
000240043 58400
000240044 42720
000240045 42080
000240046 44000
000240047 42400
000240048 72640
000240049 47680
000240050 62560
000240052 69440
000240053 39520
000240054 36800
000240056 63216
000240057 68160
000240058 58720
000240059 54080
000240060 60640
000240062 52160
000240063 73120
000240064 55840
000240065 60400
000240066 49968
000240067 48800
000240068 64480
000240069 54048
000240070 50560
000240071 45440
000240072 59520
000240073 61440
000240074 66560
000240075 54720
000240076 79840
000240077 49760
000240078 76640
000240079 57760
000240080 39616
000240081 48320
000240082 81760
000240083 54720
000240084 62720
000240085 59520
000240087 58720
000240088 71200
000240089 92320
000240090 68640
000240091 73440
000240092 102080
000240093 68960
000240094 59040
000240095 63040
000240096 60400
000240097 67680
000240098 79360
000240099 68960
000240101 63520
000240102 131632
000240103 98080
000240104 84960
000240105 84160
000240106 52160
000240107 64959
000240108 119040
000240109 60656
000240110 156800
000240111 97440
000240112 86880
000240113 79200
000240114 80896
000240115 77920
000240116 47760
000240117 77920
000240118 100768
000240119 87360
000240121 48528
000240122 100960
000240123 93440
000240124 61392
000240125 81760
000240126 76960
000240127 95840
000240128 44976
000240129 53280
000240130 66384
000240131 54400
000240133 70560
000240134 117600
000240135 72640
000240136 64640
000240137 45600
000240138 68480
000240139 109920
000240140 137824
000240141 131680
000240143 61120
000240144 87840
000240145 69920
000240146 70080
000240147 122240
000240148 52448
000240149 34256
000240150 70112
000240151 79248
000240152 90224
000240153 49440
000240154 54080
000240155 83520
000240156 122832
000240157 111680
000240158 89280
000240160 31104
000240161 40320
000240162 57600
000240163 61840
000240164 79200
000240165 79200
000240166 47360
000240167 108000
000240168 92320
000240169 127680
000240171 88000
000240172 76528
000240173 77760
000240174 105760
000240175 105600
000240176 72640
000240177 144800
000240178 96000
000240179 107360
000240180 90400
000240181 96000
000240182 101920
000240183 54000
000240184 83840
000240185 44640
000240186 107648
000240187 125760
000240188 52000
000240189 75040
000240190 62224
000240191 59680
000240192 120960
000240193 64000
000240194 133600
000240196 75520
000240197 90768
000240199 64000
000240200 59040
000240201 50400
000240202 108160
000240203 35360
000240204 73760
000240205 110880
000240206 113440
000240207 67056
000240208 74720
000240209 78880
000240210 77920
000240211 82720
000240212 59200
000240213 83632
000240214 55680
000240215 34240
000240217 32720
000240218 132000
000240219 75040
000240220 59200
000240221 128160
000240222 51840
000240223 60144
000240224 50720
000240225 77440
000240226 47200
000240227 118960
000240228 72000
000240229 81760
000240231 87040
000240232 64959
000240233 63520
000240234 62880
000240235 57440
000240236 122880
000240237 101120
000240238 69104
000240239 85600
000240240 64688
000240241 64319
000240242 85120
000240243 86736
000240244 92640
000240245 57824
000240246 59040
000240247 54336
000240248 101440
000240249 60720
000240250 60000
000240251 100400
000240252 55776
000240254 77440
000240256 67040
000240257 52000
000240258 79200
000240259 77600
000240260 41120
000240262 80640
000240263 123840
000240264 78720
000240265 61120
000240266 52320
000240267 39840
000240268 119680
000240269 50304
000240270 80000
000240271 73600
000240272 98560
000240273 41440
000240274 77920
000240275 44112
000240276 64959
000240277 109440
000240278 64480
000240279 44800
000240280 55840
000240281 55680
000240282 46720
000240283 84000
000240285 90096
000240286 108960
000240287 55200
000240288 73616
000240289 66784
000240290 47840
000240291 101536
000240292 98080
000240293 45120
000240294 97760
000240295 68640
000240296 60000
000240297 52336
000240298 96320
000240299 53120
000240300 43680
000240301 99840
000240302 112320
000240303 63456
000240304 91360
000240305 95040
000240306 105424
000240307 67520
000240308 78400
000240309 88272
000240310 63200
000240311 108000
000240312 112000
000240313 84160
000240314 52640
000240316 46080
000240317 72960
000240318 62880
000240319 46560
000240320 68960
000240321 116000
000240322 106560
000240323 53600
000240324 119520
000240325 61280
000240326 100320
000240327 41120
000240328 84640
000240329 105920
000240330 51680
000240331 94592
000240333 54080
000240334 94560
000240335 49920
000240336 99040
000240337 109280
000240338 62240
000240340 91200
000240341 81760
000240342 43200
000240344 79040
000240345 117120
000240346 60160
000240347 68640
000240348 118304
000240349 48800
000240350 95840
000240351 63200
000240352 61936
000240353 50720
000240354 83680
000240355 88640
000240356 49760
000240357 113760
000240358 72960
000240359 120800
000240360 104000
000240361 54208
000240362 97120
000240363 87360
000240364 96640
000240365 42560
000240366 112800
000240367 84160
000240368 112800
000240369 58032
000240370 53920
000240371 76064
000240372 64480
000240373 48640
000240374 77760
000240375 76112
000240376 70848
000240377 57760
000240378 82384
000240379 61440
000240380 87568
000240381 48336
000240382 61760
000240383 133056
000240384 118560
000240385 118240
000240386 53968
000240387 68000
000240388 64640
000240390 78080
000240391 73392
000240392 90928
000240393 99360
000240394 49120
000240395 60480
000240396 48640
000240397 46240
000240398 75552
000240399 100960
000240400 115568
000241401 54880
000241402 77760
000241403 61056
000241404 73296
000241405 62560
000241406 51952
000241407 61920
000241408 66240
000241409 45600
000241410 56960
000241411 69440
000241412 72000
000241413 35520
000241414 71040
000241415 49440
000241416 60480
000241417 78832
000241418 53760
000241419 49296
000241420 43168
000241421 39040
000241422 49120
000241423 46400
000241424 52960
000241425 49600
000241426 57600
000241427 66400
000241428 42880
000241429 43840
000241430 57280
000241431 35840
000241432 62400
000241433 71360
000241434 56640
000241435 51840
000241436 73280
000241437 42864
000241438 54080
000241439 75200
000241440 36640
000241441 58080
000241442 63040
000241443 66560
000241444 75200
000241445 51680
000241446 70080
000241447 53440
000241448 55040
000241449 52800
000241450 54880
000241451 69280
000241452 92720
000241453 63360
000241454 36960
000241455 65007
000241456 55680
000241457 57920
000241458 66560
000241459 42288
000241460 59680
000241461 52880
000241462 39552
000241463 69600
000241464 55840
000241465 59200
000241466 64640
000241467 51360
000241468 56800
000241469 63664
000241470 54240
000241471 46720
000241472 63136
000241473 44928
000241474 45120
000241475 65904
000241476 52848
000241477 62560
000241478 43360
000241479 54240
000241480 76480
000241481 59520
000241482 54240
000241483 48992
000241484 45104
000241485 51040
000241487 62560
000241488 44512
000241489 71040
000241490 44480
000241492 57776
000241493 40656
000241494 52160
000241495 47040
000241496 58720
000241497 45600
000241498 50880
000241499 54400
000241500 55040
000241501 99200
000241502 69760
000241504 82240
000241505 100960
000241506 108640
000241507 69760
000241508 54032
000241509 57120
000241510 121280
000241511 90080
000241512 93280
000241513 65440
000241514 97280
000241515 80480
000241516 99040
000241517 62192
000241518 90592
000241519 48640
000241520 140320
000241521 119200
000241522 80960
000241524 115840
000241525 44800
000241526 85552
000241527 65760
000241528 76160
000241529 62560
000241530 86080
000241531 121920
000241532 107200
000241533 61040
000241534 104048
000241535 66688
000241536 107520
000241537 56160
000241538 72800
000241539 115200
000241540 35360
000241542 59360
000241543 145280
000241544 50400
000241545 81760
000241546 75680
000241547 98640
000241548 37952
000241549 78080
000241550 86240
000241551 118400
000241552 32159
000241553 120480
000241554 114080
000241555 79808
000241556 92800
000241557 59680
000241558 106720
000241559 107840
000241560 66560
000241561 50880
000241562 61760
000241563 67200
000241564 75040
000241565 48000
000241566 134880
000241567 140640
000241568 111360
000241569 99040
000241570 75840
000241571 103360
000241572 77280
000241573 113600
000241574 40384
000241575 78080
000241576 84960
000241577 90880
000241578 101920
000241579 98080
000241580 47200
000241581 130400
000241582 140480
000241583 65600
000241585 34896
000241586 64000
000241587 81488
000241588 82160
000241589 101600
000241590 42080
000241592 87040
000241593 49920
000241594 61920
000241596 112960
000241597 96960
000241598 151360
000241599 53280
000241600 64160
000241601 100960
000241602 41488
000241603 77920
000241604 93280
000241605 120160
000241606 111360
000241607 107840
000241608 52160
000241609 34384
000241610 95680
000241611 82880
000241613 78400
000241614 65280
000241615 121920
000241616 92960
000241617 52320
000241619 77440
000241620 59680
000241621 95360
000241622 98880
000241623 50960
000241624 105600
000241625 67360
000241626 141760
000241627 100480
000241628 66240
000241629 52640
000241630 84688
000241631 61600
000241632 102560
000241633 53600
000241634 71680
000241635 107360
000241636 99136
000241637 117920
000241638 68480
000241639 88800
000241640 36624
000241641 84480
000241642 45456
000241644 65920
000241645 73120
000241646 61120
000241647 71360
000241648 45312
000241649 46080
000241650 83360
000241651 32960
000241652 42816
000241653 103360
000241654 116000
000241655 102080
000241656 57920
000241657 39680
000241658 97440
000241659 44000
000241660 51360
000241661 83024
000241662 69600
000241663 58400
000241664 78240
000241665 67840
000241666 41232
000241667 49120
000241668 119040
000241669 36256
000241670 33600
000241671 58720
000241672 81280
000241673 91360
000241674 64800
000241675 48480
000241676 44000
000241677 56800
000241678 83360
000241679 66240
000241680 101120
000241681 50400
000241682 37984
000241683 108656
000241684 91520
000241685 91520
000241686 87840
000241687 52912
000241688 87680
000241689 65760
000241690 125440
000241691 79840
000241692 90560
000241693 36704
000241694 81280
000241696 107200
000241697 71360
000241698 81280
000241700 117600
000241701 106352
000241702 86160
000241703 78016
000241704 89120
000241705 58592
000241707 92480
000241708 48160
000241709 72640
000241710 95648
000241711 86240
000241712 111040
000241713 73920
000241714 72976
000241715 42240
000241716 44320
000241717 114400
000241718 35520
000241720 59840
000241721 39856
000241722 112960
000241723 70400
000241724 80576
000241725 108640
000241726 104000
000241727 89280
000241728 72640
000241729 89600
000241730 59536
000241731 70432
000241732 31728
000241733 56960
000241734 54880
000241735 75680
000241736 70960
000241737 112800
000241738 35664
000241739 87840
000241740 106240
000241741 91440
000241742 90880
000241743 58928
000241744 80960
000241745 101920
000241746 87360
000241747 76592
000241748 121440
000241749 120320
000241750 91520
000241751 56416
000241752 106880
000241753 37120
000241754 73920
000241755 45600
000241756 81120
000241757 85280
000241758 108960
000241759 103520
000241760 123200
000241761 64319
000241762 92000
000241763 65760
000241764 78880
000241765 68800
000241766 72640
000241767 96000
000241768 107520
000241769 100768
000241770 105280
000241771 77120
000241772 36864
000241773 87680
000241774 85600
000241775 74400
000241776 89040
000241777 42080
000241778 58560
000241779 138080
000241780 97440
000241781 107360
000241782 96800
000241783 57440
000241784 56096
000241785 62768
000241786 90224
000241787 77440
000241788 98560
000241789 76960
000241790 71840
000241791 90880
000241792 76800
000241793 64640
000241794 68960
000241795 53536
000241796 64959
000241797 81600
000241798 63840
000241799 69440
000241800 41280
000250001 59056
000250002 144160
000250003 80064
000250004 108880
000250005 124160
000250006 84016
000250007 101600
000250008 102560
000250009 72608
000250010 90880
000250011 66720
000250012 119680
000250013 81008
000250014 131680
000250015 99056
000250016 143520
000250017 79040
000250018 98656
000250019 126880
000250020 81760
000250023 67840
000250024 62176
000250025 77280
000250026 51040
000250027 52480
000250028 47968
000250029 66400
000250030 66208
000250031 69776
000250032 72960
000250033 89248
000250034 98720
000250036 59376
000250037 80960
000250038 55424
000250039 56320
000250040 72640
000250042 39360
000250043 62064
000250044 40112
000250045 38592
000250046 45840
000250047 43840
000250048 74720
000250049 49760
000250050 52640
000250052 67312
000250053 38160
000250054 43392
000250055 56480
000250056 69120
000250057 71840
000250058 60640
000250060 59792
000250061 55200
000250062 53440
000250063 77440
000250064 60640
000250065 61280
000250066 60160
000250067 55840
000250068 69248
000250069 72640
000250070 59840
000250071 46560
000250072 68320
000250073 68800
000250074 70720
000250075 54240
000250076 87840
000250077 56320
000250078 84800
000250079 67520
000250080 48000
000250081 59360
000250082 79040
000250083 59680
000250084 65760
000250085 64800
000250086 60096
000250087 70080
000250088 71680
000250089 103840
000250090 84000
000250091 75680
000250092 98560
000250093 80800
000250094 69440
000250095 62880
000250096 61056
000250098 88000
000250099 69120
000250100 75520
000250101 85760
000250102 47680
000250103 48800
000250104 62720
000250105 100960
000250106 60640
000250107 67200
000250108 101120
000250109 79680
000250110 40832
000250111 93232
000250112 70080
000250113 127840
000250114 82144
000250115 40720
000250116 115360
000250117 72784
000250118 67200
000250119 98240
000250120 113200
000250121 72000
000250122 75040
000250123 80960
000250124 57440
000250125 115840
000250126 113120
000250127 69920
000250128 56640
000250129 52640
000250130 57744
000250131 60320
000250132 49616
000250133 131680
000250134 99488
000250135 127200
000250136 80480
000250137 52800
000250138 121104
000250139 123680
000250140 129120
000250141 130304
000250142 107680
000250143 71840
000250145 79520
000250146 83024
000250147 158080
000250148 96368
000250149 36352
000250150 63520
000250151 43200
000250152 72000
000250154 89984
000250155 116160
000250156 100640
000250157 80800
000250158 89056
000250159 50224
000250160 130240
000250161 89600
000250162 98880
000250163 63040
000250164 48640
000250165 72320
000250166 38160
000250167 73600
000250168 55968
000250169 72960
000250170 75840
000250171 47216
000250172 57984
000250173 65120
000250174 91680
000250175 120320
000250176 75360
000250177 105744
000250178 43072
000250179 47936
000250180 85232
000250181 88480
000250182 46624
000250183 66400
000250184 36256
000250185 111680
000250186 108000
000250187 95840
000250188 61552
000250189 97120
000250190 66704
000250191 79872
000250192 60432
000250193 43360
000250194 84480
000250195 91200
000250196 96800
000250197 86080
000250198 75200
000250199 68800
000250200 63840
000250201 68208
000250202 72800
000250203 98240
000250204 38240
000250205 141280
000250206 106080
000250207 36208
000250208 45120
000250209 95840
000250210 119840
000250211 82880
000250212 96480
000250213 112672
000250214 40960
000250215 104320
000250216 72160
000250217 104960
000250218 71200
000250219 123888
000250220 55520
000250221 97552
000250222 58720
000250223 74736
000250224 38240
000250225 48480
000250226 90880
000250227 74080
000250229 39312
000250230 64000
000250231 55040
000250232 105600
000250233 41728
000250236 92160
000250237 80160
000250238 102048
000250239 65152
000250240 72320
000250241 91520
000250242 79040
000250244 53120
000250245 103840
000250246 52816
000250247 52320
000250248 109920
000250249 90080
000250250 50544
000250252 106400
000250253 111408
000250254 84480
000250255 59344
000250256 87664
000250259 43312
000250260 83520
000250261 54080
000250262 91200
000250263 77280
000250264 62256
000250265 84320
000250266 85600
000250267 53120
000250268 86080
000250269 58304
000250270 93920
000250271 120000
000250272 118880
000250273 100160
000250274 71040
000250275 57600
000250276 104160
000250277 84320
000250278 109280
000250279 77456
000250280 116320
000250281 59792
000250282 108640
000250283 58400
000250284 48960
000250285 111792
000250286 68912
000250287 93312
000250288 69760
000250290 91360
000250291 84800
000250292 128479
000250293 85600
000250294 121952
000250295 98368
000250296 53584
000250297 42400
000250298 118720
000250299 87360
000250300 44608
000250301 98608
000250303 78944
000250304 106720
000250305 72480
000250306 113424
000250307 83008
000250310 113120
000250311 95040
000250312 87200
000250313 71040
000250314 77440
000250315 80000
000250316 100000
000250317 82688
000250318 49440
000250319 56800
000250320 59360
000250321 121920
000250322 138400
000250323 102880
000250324 55456
000250325 59936
000250326 96320
000250327 84480
000250328 89760
000250329 95200
000250330 73120
000250331 87984
000250333 89440
000250334 110080
000250335 41440
000250336 67360
000250337 82720
000250338 96320
000250340 128639
000250343 109280
000250344 96112
000250345 91968
000250346 131360
000250347 68368
000250348 49632
000250349 88000
000250350 131808
000250351 101440
000250352 64319
000250353 64160
000250354 125760
000250355 80640
000250356 121280
000250357 140960
000250358 62400
000250359 59952
000250360 66720
000250361 104240
000250362 118624
000250363 47056
000250364 105920
000250365 71760
000250366 67696
000250367 40640
000250368 86560
000250369 96112
000250370 100000
000250371 81760
000250372 61280
000250373 94720
000250374 103840
000250376 72960
000250377 99296
000250378 51520
000250379 43840
000250380 76160
000250381 60320
000250382 78080
000250384 99520
000250385 52000
000250386 105280
000250387 93056
000250388 86240
000250389 75504
000250391 57248
000250392 35632
000250393 52800
000250394 48832
000250395 53760
000250396 53280
000250397 66880
000250398 99680
000250399 78240
000250400 100832
000251401 52960
000251402 71584
000251403 59840
000251405 60160
000251406 51840
000251407 57872
000251408 68960
000251409 43376
000251411 74240
000251412 74720
000251413 34720
000251414 77440
000251415 52528
000251416 65760
000251418 54560
000251422 48000
000251423 50400
000251424 52800
000251425 54560
000251427 78720
000251428 51392
000251429 46400
000251430 67200
000251432 74720
000251433 81760
000251434 65040
000251435 53920
000251436 58576
000251438 58240
000251439 74400
000251440 40144
000251441 60384
000251443 65152
000251444 77440
000251445 46080
000251447 51136
000251448 54704
000251449 52288
000251450 60480
000251451 72752
000251453 70400
000251454 42560
000251456 67936
000251458 79360
000251459 45808
000251460 54128
000251463 66880
000251464 62112
000251465 53360
000251466 57760
000251467 48800
000251468 62448
000251470 61440
000251471 56832
000251474 51744
000251475 68800
000251476 55024
000251478 54080
000251479 65360
000251480 88160
000251481 61872
000251482 55200
000251483 52144
000251484 54080
000251485 54128
000251487 78240
000251488 61680
000251489 85696
000251490 52416
000251494 49440
000251495 51040
000251496 56640
000251497 48000
000251498 59328
000251499 60960
000251500 59360
000251501 60480
000251502 110560
000251503 39280
000251504 107680
000251506 75584
000251507 62112
000251509 46400
000251510 64480
000251511 39136
000251512 58400
000251513 80992
000251514 52432
000251515 116960
000251517 108464
000251518 80592
000251519 74784
000251520 121760
000251521 123088
000251522 106784
000251523 75200
000251524 55808
000251525 55088
000251526 97744
000251527 104016
000251529 61248
000251530 78880
000251531 103360
000251532 64288
000251533 80704
000251534 100000
000251535 87360
000251536 104000
000251539 42560
000251540 103072
000251541 57584
000251542 71360
000251544 89760
000251548 51840
000251549 63232
000251550 100640
000251551 92848
000251552 69280
000251553 63360
000251554 122560
000251556 93600
000251557 83360
000251558 85440
000251559 82976
000251560 78352
000251561 95200
000251562 96800
000251563 60160
000251564 80000
000251565 68960
000251566 67200
000251568 55040
000251569 55840
000251570 82240
000251571 109440
000251572 142720
000251573 60688
000251574 85920
000251576 84656
000251577 101280
000251578 73520
000251579 51872
000251580 55568
000251581 81120
000251582 43600
000251583 90224
000251584 88416
000251585 99760
000251586 85440
000251587 55760
000251588 66880
000251589 57600
000251590 98608
000251591 108320
000251593 39280
000251594 79360
000251595 54880
000251596 106240
000251597 58400
000251598 137920
000251599 99520
000251600 83040
000251601 60800
000251602 52480
000251603 46576
000251604 110080
000251606 107680
000251607 65552
000251608 74304
000251609 109440
000251610 146400
000251611 99840
000251612 105120
000251613 123840
000251614 57120
000251615 59680
000251617 79520
000251618 102880
000251620 54864
000251622 96800
000251623 47040
000251624 57600
000251625 61120
000251626 57264
000251627 63808
000251628 58080
000251629 54880
000251630 41120
000251631 64480
000251632 76384
000251633 74880
000251635 90720
000251636 98000
000251637 88800
000251639 93120
000251640 49888
000251642 85712
000251643 62240
000251644 80960
000251645 81104
000251647 61600
000251648 66496
000251649 80000
000251650 127200
000251651 90720
000251653 99360
000251654 85120
000251655 90560
000251656 58880
000251657 70240
000251658 87200
000251659 45440
000251660 76960
000251661 67040
000251665 155200
000251666 61712
000251667 41856
000251668 59136
000251669 40224
000251671 102096
000251672 41072
000251673 103744
000251674 89120
000251675 68800
000251676 115120
000251677 77024
000251678 69952
000251679 95024
000251681 111392
000251682 49280
000251683 50720
000251684 96640
000251687 93280
000251688 64959
000251689 88960
000251690 79680
000251691 77280
000251692 96480
000251693 72960
000251694 80640
000251695 39712
000251696 56800
000251697 64160
000251698 94400
000251699 61920
000251702 112160
000251705 47408
000251706 107520
000251708 65552
000251709 96640
000251710 92320
000251711 68992
000251712 95360
000251713 68320
000251716 71680
000251717 81312
000251718 75392
000251720 74784
000251722 95360
000251723 48400
000251724 75680
000251725 91200
000251726 112800
000251727 78560
000251728 65920
000251729 122240
000251730 92640
000251731 62560
000251732 95856
000251734 120016
000251735 60000
000251736 52640
000251737 86560
000251738 89440
000251739 37600
000251742 45632
000251744 84320
000251745 72592
000251747 138880
000251749 125440
000251750 90080
000251751 50064
000251752 84320
000251754 42912
000251755 79040
000251756 102400
000251757 129120
000251758 62464
000251759 77120
000251760 95072
000251761 64864
000251762 60320
000251763 77760
000251764 90480
000251765 84320
000251766 104640
000251767 56800
000251769 101280
000251770 99488
000251771 58848
000251772 91520
000251773 93120
000251774 59520
000251775 140800
000251776 103360
000251777 155328
000251778 132800
000251781 118080
000251782 93168
000251783 50736
000251784 83680
000251785 103840
000251786 78752
000251787 127200
000251788 94560
000251789 120544
000251790 101536
000251791 48320
000251792 53088
000251793 143840
000251794 113920
000251796 127840
000251798 65728
000251799 107392
000251800 94720
000260001 75440
000260002 183360
000260003 90560
000260004 121920
000260005 145600
000260006 89600
000260007 111200
000260008 107520
000260009 81760
000260010 104160
000260012 135520
000260013 87712
000260014 143040
000260015 116960
000260016 168480
000260017 95840
000260018 96256
000260019 146080
000260020 85600
000260021 50240
000260024 65920
000260025 89056
000260026 61312
000260027 57120
000260028 53200
000260029 66560
000260030 74160
000260031 75200
000260032 71520
000260033 88640
000260034 108160
000260036 64319
000260037 92000
000260038 60800
000260039 59520
000260040 72080
000260041 36528
000260042 40512
000260043 67040
000260044 52480
000260045 47520
000260046 46496
000260047 49280
000260048 81600
000260049 56480
000260050 56960
000260052 81440
000260053 43216
000260056 69120
000260057 73920
000260058 64160
000260059 63952
000260060 68480
000260061 60480
000260062 57568
000260063 85920
000260064 62880
000260065 61920
000260067 58752
000260068 76640
000260069 67856
000260070 63168
000260071 52960
000260072 72448
000260073 71520
000260074 75680
000260075 59200
000260077 52960
000260078 82240
000260079 64640
000260080 44688
000260081 58240
000260082 87040
000260083 62720
000260084 74720
000260085 73280
000260086 66240
000260087 71360
000260088 65936
000260089 102560
000260090 81952
000260092 106880
000260093 72960
000260094 61600
000260095 83040
000260096 81920
000260097 74240
000260098 93440
000260100 79408
000260102 82560
000260103 54528
000260104 78704
000260105 69440
000260106 119520
000260107 82400
000260108 103200
000260109 156960
000260110 109760
000260111 91840
000260112 103360
000260113 76480
000260114 78864
000260116 72320
000260117 126720
000260118 87200
000260119 78240
000260120 132160
000260121 73440
000260123 52960
000260124 100416
000260125 95072
000260126 99200
000260127 104160
000260128 54080
000260129 58720
000260130 45120
000260131 94240
000260133 79200
000260134 115520
000260135 111200
000260136 97120
000260138 99200
000260139 55680
000260140 104000
000260141 137440
000260142 58080
000260144 104976
000260145 84320
000260147 85920
000260148 78080
000260149 111680
000260150 90560
000260151 114720
000260152 97936
000260153 113920
000260154 117280
000260155 121136
000260157 51520
000260158 112960
000260159 108960
000260160 80864
000260161 136000
000260162 117920
000260163 54240
000260164 44256
000260165 53760
000260166 61824
000260168 78720
000260170 59520
000260171 99360
000260175 92608
000260176 113760
000260177 108640
000260179 94912
000260180 104480
000260183 124960
000260184 81280
000260185 146400
000260186 102736
000260187 92960
000260189 113280
000260191 45280
000260192 64480
000260193 70880
000260194 87424
000260195 74400
000260196 96624
000260197 60480
000260198 61152
000260199 113600
000260200 56640
000260201 68640
000260202 104160
000260203 63440
000260204 89280
000260205 82240
000260207 108480
000260208 40624
000260209 109120
000260210 65920
000260211 84800
000260212 140800
000260213 88160
000260214 114720
000260215 110560
000260216 54176
000260217 91680
000260218 96480
000260219 130080
000260220 61600
000260221 104960
000260222 100976
000260223 100000
000260225 68944
000260226 121760
000260227 47040
000260229 114880
000260233 42048
000260234 88000
000260235 128639
000260238 155680
000260239 110880
000260240 57872
000260241 78400
000260243 52640
000260244 111040
000260245 103984
000260246 119040
000260248 113088
000260250 81440
000260251 46560
000260252 77440
000260253 79760
000260254 48640
000260256 47840
000260257 62880
000260258 76000
000260259 80160
000260261 77280
000260262 59520
000260263 103680
000260264 86288
000260265 105600
000260266 96480
000260267 60800
000260268 87840
000260269 98720
000260270 102880
000260273 80480
000260274 66400
000260275 97600
000260276 52480
000260278 151360
000260280 92800
000260281 127040
000260282 133600
000260284 58720
000260285 121280
000260286 124800
000260288 55520
000260290 122080
000260291 150560
000260292 123040
000260293 73504
000260294 66560
000260295 98720
000260296 92000
000260297 103344
000260298 83040
000260299 50880
000260300 145120
000260301 51520
000260302 76480
000260303 94400
000260305 72800
000260306 84976
000260307 93120
000260309 47024
000260311 130880
000260313 65744
000260314 89600
000260315 108624
000260316 96800
000260317 90560
000260318 80960
000260319 120960
000260320 117856
000260321 105280
000260323 80064
000260324 69440
000260325 137024
000260326 97280
000260327 88160
000260331 86448
000260333 101120
000260334 80032
000260336 95360
000260337 97120
000260338 101760
000260340 86400
000260341 46080
000260343 63040
000260344 128160
000260345 83200
000260346 109760
000260347 77600
000260348 103264
000260349 115200
000260350 115360
000260352 97280
000260353 98560
000260354 89760
000260355 60048
000260356 61600
000260357 67200
000260358 119520
000260361 126560
000260363 123520
000260364 58880
000260365 113280
000260366 104640
000260368 118400
000260369 110080
000260370 68320
000260373 88960
000260374 74560
000260375 73120
000260376 126080
000260377 128431
000260378 130880
000260379 77760
000260380 125440
000260381 69600
000260382 85760
000260383 80704
000260384 108320
000260386 95920
000260387 131344
000260388 87680
000260389 83840
000260390 132160
000260392 77440
000260393 95360
000260394 82720
000260395 82240
000260396 62016
000260397 124640
000260398 89920
000260399 69760
000260400 130400
000261401 66912
000261402 90080
000261403 71360
000261404 90368
000261405 69440
000261406 67440
000261407 72112
000261408 80400
000261409 52544
000261411 88320
000261412 90720
000261413 41120
000261414 88160
000261415 57440
000261416 79680
000261418 68000
000261419 59424
000261422 59360
000261423 56656
000261424 64000
000261425 57760
000261428 54720
000261429 55040
000261430 69600
000261432 85600
000261433 98400
000261434 66880
000261435 57280
000261438 69920
000261439 82528
000261440 44480
000261441 76640
000261443 81920
000261444 95200
000261445 66240
000261447 66080
000261448 65280
000261449 69760
000261451 91360
000261453 90240
000261454 48176
000261457 85728
000261458 108864
000261460 66544
000261463 78240
000261464 87200
000261465 61280
000261466 86720
000261467 62016
000261468 78832
000261470 74720
000261471 67680
000261474 58720
000261475 91200
000261476 74880
000261478 63840
000261479 81072
000261480 105760
000261482 76480
000261483 63376
000261485 72960
000261487 93440
000261488 65440
000261489 111200
000261491 60320
000261494 69440
000261495 66560
000261496 71040
000261497 61120
000261498 67360
000261499 75200
000261500 82560
000261502 96000
000261504 82720
000261505 102080
000261507 151040
000261509 99200
000261510 75680
000261511 78080
000261512 108320
000261513 149600
000261514 45280
000261518 93152
000261520 81120
000261521 106400
000261522 130416
000261523 111200
000261525 70224
000261526 114240
000261527 120640
000261528 60640
000261529 109440
000261530 79040
000261533 176480
000261535 151840
000261537 66400
000261538 97760
000261539 124000
000261540 120160
000261543 85904
000261544 67984
000261545 162080
000261546 69440
000261547 42880
000261548 89920
000261549 184640
000261550 69440
000261551 60640
000261552 111520
000261553 123680
000261554 91520
000261555 53120
000261557 100496
000261559 96640
000261560 59952
000261561 92400
000261562 65440
000261563 90560
000261565 99040
000261566 93280
000261567 83904
000261568 131984
000261570 47008
000261571 65920
000261572 114240
000261573 114240
000261575 50560
000261576 70240
000261577 74672
000261579 120160
000261580 133600
000261582 115360
000261584 79040
000261586 124800
000261587 119360
000261589 154400
000261591 80640
000261592 62560
000261593 64160
000261594 48064
000261595 76640
000261596 99520
000261598 134560
000261599 104224
000261600 73280
000261601 59296
000261603 108800
000261604 102880
000261605 122240
000261606 93920
000261607 100000
000261608 119520
000261609 88160
000261610 115040
000261611 70992
000261612 92000
000261613 137920
000261614 151520
000261615 96208
000261616 61920
000261620 89120
000261621 80320
000261622 117760
000261624 55040
000261625 67424
000261626 104640
000261627 64640
000261630 132640
000261631 96960
000261632 53600
000261633 56912
000261634 138080
000261635 103040
000261636 100640
000261637 73760
000261638 58720
000261639 109440
000261641 102432
000261642 106240
000261643 75424
000261645 158080
000261646 116912
000261647 139360
000261648 55520
000261649 109440
000261650 89440
000261651 96160
000261652 107040
000261656 153920
000261657 64959
000261658 55200
000261659 78144
000261662 102880
000261663 122080
000261665 97280
000261666 180640
000261667 121600
000261670 106800
000261671 92480
000261673 119200
000261674 67248
000261675 122768
000261676 119360
000261677 123200
000261678 71680
000261684 105280
000261685 151840
000261686 147520
000261687 111360
000261690 47680
000261691 43840
000261692 71840
000261693 108800
000261694 72000
000261695 125760
000261696 67680
000261697 89120
000261698 54752
000261699 132256
000261700 61600
000261702 142720
000261703 118144
000261704 52320
000261705 160960
000261706 99040
000261707 105600
000261710 121088
000261711 55568
000261712 57920
000261714 78240
000261717 83840
000261718 127520
000261719 109120
000261720 63200
000261721 151680
000261722 111152
000261724 98400
000261726 72320
000261727 66880
000261729 46720
000261731 128000
000261732 128960
000261733 108432
000261735 114240
000261737 132800
000261738 88480
000261740 99680
000261741 113216
000261742 84160
000261744 92160
000261745 52688
000261746 89760
000261747 82176
000261748 112640
000261749 92320
000261751 100800
000261752 46880
000261753 105760
000261754 101600
000261756 132320
000261757 53392
000261758 71360
000261759 72320
000261761 59136
000261762 62240
000261764 118240
000261765 62240
000261768 66720
000261770 138880
000261771 118384
000261773 99200
000261774 99040
000261776 59520
000261777 115360
000261778 105440
000261779 151520
000261780 108160
000261781 145440
000261782 100960
000261783 113280
000261784 76400
000261785 63200
000261786 151680
000261787 55520
000261789 91840
000261790 84016
000261791 95200
000261794 121280
000261795 124320
000261797 87104
000261798 86352
000270001 56480
000270002 151056
000270003 79296
000270004 94992
000270005 122080
000270006 71200
000270008 81616
000270009 69440
000270010 82784
000270012 122016
000270013 76592
000270014 124400
000270015 97920
000270016 141440
000270017 74400
000270019 122720
000270020 68800
000270021 45392
000270022 57824
000270024 60208
000270025 83360
000270026 51680
000270027 51472
000270028 48240
000270029 59184
000270030 65135
000270031 70816
000270032 65760
000270033 76800
000270034 98224
000270035 41056
000270036 54240
000270037 74080
000270038 53440
000270039 56592
000270040 65456
000270041 31200
000270043 58304
000270044 42560
000270045 51904
000270047 43904
000270048 80480
000270049 49168
000270050 60480
000270052 79520
000270053 42016
000270054 38400
000270055 52160
000270057 70080
000270058 56256
000270059 52000
000270060 58544
000270062 53216
000270063 74400
000270064 55680
000270065 53984
000270067 52800
000270068 68112
000270070 56000
000270071 48160
000270072 70720
000270073 60800
000270074 64319
000270075 52528
000270076 88624
000270077 51568
000270078 74720
000270079 62864
000270081 50064
000270082 73760
000270083 57920
000270085 63424
000270086 58560
000270087 67328
000270088 64191
000270089 93280
000270090 74048
000270091 77376
000270092 94352
000270093 67344
000270094 58352
000270095 63424
000270100 69920
000270101 130720
000270103 128479
000270104 62240
000270105 125600
000270108 90016
000270109 44160
000270110 68032
000270111 92432
000270113 71984
000270115 95488
000270116 66032
000270118 89840
000270119 82096
000270120 81280
000270121 61552
000270122 101824
000270124 138704
000270125 60288
000270126 106368
000270128 69440
000270130 58880
000270131 74608
000270132 78080
000270135 94272
000270136 83280
000270139 86128
000270140 72160
000270141 103200
000270142 75376
000270143 128479
000270144 107680
000270146 58240
000270148 98240
000270149 99872
000270150 72800
000270151 164800
000270152 68160
000270153 88368
000270154 110368
000270155 105296
000270156 53472
000270157 84480
000270159 98240
000270160 89232
000270161 105536
000270162 96224
000270163 76000
000270165 63200
000270166 62560
000270167 77440
000270168 88512
000270170 82128
000270171 76000
000270172 77440
000270173 51680
000270174 75440
000270175 68240
000270176 82128
000270177 103680
000270178 98288
000270179 119152
000270180 127040
000270183 114288
000270184 105328
000270185 82240
000270186 80928
000270187 95680
000270188 91520
000270189 80176
000270190 44928
000270191 81728
000270193 63536
000270194 84960
000270196 135360
000270197 114240
000270198 76912
000270199 43360
000270200 98400
000270201 68208
000270203 120592
000270204 75296
000270205 108160
000270206 51600
000270207 71488
000270208 69920
000270210 132800
000270211 62560
000270212 60304
000270213 47968
000270214 59200
000270215 97664
000270216 58080
000270217 49008
000270218 41552
000270219 79920
000270221 56528
000270222 60320
000270223 49120
000270224 61280
000270226 90336
000270227 104240
000270230 41440
000270231 79360
000270234 119200
000270235 59104
000270236 89120
000270237 64736
000270238 97760
000270239 99840
000270240 104400
000270241 64495
000270243 98720
000270244 130880
000270245 95040
000270246 72496
000270247 65760
000270248 76112
000270250 105648
000270252 74736
000270253 56544
000270254 90992
000270255 89280
000270257 74592
000270258 54880
000270259 56720
000270260 51584
000270262 110080
000270266 117872
000270267 47120
000270268 112640
000270269 88160
000270270 100544
000270271 143344
000270273 114720
000270274 91520
000270276 64480
000270277 83664
000270278 51680
000270279 76960
000270280 114720
000270281 138240
000270282 60800
000270283 119360
000270284 102080
000270285 61760
000270286 64623
000270287 81280
000270289 62960
000270291 115040
000270292 60272
000270293 104320
000270294 54608
000270297 116160
000270299 100624
000270300 35888
000270301 112608
000270302 47216
000270303 114240
000270304 59824
000270305 79152
000270306 72912
000270307 120640
000270308 105072
000270310 114496
000270311 88176
000270315 59424
000270316 102384
000270317 68880
000270318 78720
000270320 89760
000270322 62656
000270323 90080
000270325 86448
000270326 52000
000270327 86880
000270328 96048
000270329 104464
000270330 61760
000270331 115680
000270332 49984
000270333 59520
000270334 65920
000270335 74480
000270336 99520
000270337 69824
000270339 104640
000270340 102720
000270341 94624
000270342 104320
000270343 60320
000270344 69744
000270345 49760
000270346 50720
000270347 107520
000270348 54928
000270349 90880
000270350 81760
000270351 78400
000270352 67728
000270353 77472
000270354 104688
000270355 53536
000270356 104000
000270357 112320
000270358 119280
000270359 77120
000270361 55520
000270362 82080
000270363 77920
000270364 153168
000270365 61120
000270366 84960
000270368 80032
000270369 66560
000270371 72848
000270372 91104
000270373 98896
000270375 92192
000270376 100720
000270377 118240
000270379 69760
000270380 58688
000270381 105232
000270382 63264
000270383 112320
000270384 94256
000270387 78384
000270388 74240
000270389 47024
000270390 114880
000270391 74720
000270392 68400
000270393 80128
000270395 135472
000270396 61232
000270397 58240
000270398 99072
000270399 69600
000270400 97088
000271401 52000
000271402 75200
000271403 65280
000271405 61360
000271406 50000
000271407 60816
000271408 72640
000271411 79360
000271412 65600
000271414 81120
000271415 54992
000271416 73088
000271417 79984
000271418 56320
000271420 42720
000271421 37504
000271422 46224
000271424 54560
000271425 53120
000271427 69280
000271428 46944
000271429 53280
000271430 60320
000271431 40000
000271432 66560
000271433 70720
000271434 62064
000271435 52208
000271436 59680
000271438 61600
000271439 70128
000271440 38736
000271441 59488
000271443 62720
000271444 83200
000271445 47360
000271446 67792
000271447 58240
000271448 53600
000271449 51360
000271450 60704
000271451 65120
000271452 67840
000271453 68912
000271456 64400
000271457 68576
000271458 82560
000271459 49440
000271460 55728
000271461 69280
000271463 73168
000271464 58400
000271465 58560
000271466 66080
000271467 51552
000271470 57920
000271472 64480
000271473 45760
000271474 53280
000271475 71248
000271476 62880
000271478 50064
000271479 65040
000271480 82240
000271481 63024
000271482 58608
000271483 53552
000271485 55360
000271486 55200
000271487 71568
000271488 55568
000271489 84640
000271491 50992
000271495 53440
000271497 52960
000271498 59248
000271499 68800
000271500 60480
000271501 88992
000271503 100000
000271504 68480
000271505 118384
000271507 97168
000271508 82080
000271509 102720
000271510 82400
000271511 116000
000271512 67904
000271513 133280
000271514 80544
000271515 92560
000271516 129120
000271517 105232
000271518 92960
000271519 57840
000271520 135360
000271521 75008
000271522 62560
000271523 111872
000271524 129440
000271525 36400
000271526 94560
000271527 65776
000271528 79040
000271529 69632
000271530 73120
000271531 133120
000271532 61568
000271533 72816
000271534 61920
000271535 134240
000271536 89280
000271537 66720
000271538 49456
000271539 81184
000271540 90560
000271541 122640
000271542 86560
000271543 42240
000271544 146560
000271545 46480
000271546 109920
000271547 101600
000271548 51552
000271552 66032
000271553 120160
000271554 47040
000271555 64160
000271556 130880
000271557 88288
000271558 59040
000271559 66240
000271560 119568
000271561 50064
000271562 65600
000271563 51840
000271564 70048
000271565 99056
000271566 80432
000271567 62720
000271568 59360
000271569 106240
000271570 79040
000271572 124640
000271574 96576
000271575 70240
000271577 95040
000271578 84000
000271579 86368
000271580 72000
000271583 65600
000271584 78320
000271585 89920
000271586 71824
000271588 86880
000271589 98240
000271591 115648
000271592 131712
000271593 115040
000271594 84960
000271595 105744
000271596 143040
000271597 51840
000271598 108496
000271599 131568
000271601 92640
000271602 64879
000271603 54720
000271604 105344
000271605 62080
000271606 89216
000271607 62336
000271608 61760
000271609 105168
000271610 99568
000271613 67824
000271614 147200
000271615 91520
000271616 88032
000271617 70032
000271618 92464
000271619 80160
000271620 77280
000271621 70352
000271622 65280
000271625 116112
000271626 94880
000271627 106160
000271628 75040
000271629 64000
000271630 58560
000271631 109600
000271633 49760
000271634 75680
000271635 65440
000271636 47632
000271637 129919
000271638 93184
000271639 93760
000271640 83520
000271641 125760
000271642 78720
000271643 61920
000271645 124560
000271646 142672
000271647 102608
000271648 113472
000271649 114240
000271651 140640
000271652 48384
000271654 99408
000271655 67632
000271657 87872
000271658 109248
000271659 84320
000271660 67680
000271661 107040
000271662 67232
000271663 72800
000271664 53280
000271665 63968
000271666 70160
000271667 76640
000271668 83680
000271669 66560
000271670 89120
000271671 94368
000271672 87840
000271674 139520
000271677 111568
000271678 80640
000271679 48960
000271680 73664
000271682 101280
000271684 70080
000271687 64640
000271688 95344
000271689 59360
000271690 67040
000271692 96080
000271693 88528
000271694 82320
000271695 119520
000271696 104240
000271697 88800
000271698 127040
000271699 107040
000271700 53040
000271701 97744
000271702 113680
000271703 100960
000271704 134512
000271705 56832
000271706 76480
000271707 48288
000271709 140624
000271710 128000
000271711 52640
000271712 98624
000271714 51200
000271717 58400
000271718 97440
000271719 81120
000271720 83680
000271722 127872
000271723 101440
000271724 106720
000271725 117120
000271726 104320
000271727 72112
000271729 116000
000271731 86720
000271732 51520
000271733 62544
000271734 113456
000271735 63664
000271736 60624
000271737 101488
000271738 73280
000271739 44832
000271740 52176
000271741 64800
000271742 85616
000271743 111920
000271745 62080
000271746 49904
000271747 116000
000271748 91904
000271749 88960
000271750 114624
000271751 52224
000271752 82400
000271753 68512
000271754 68480
000271755 61760
000271756 64800
000271757 115648
000271758 49280
000271759 92000
000271760 68000
000271761 73664
000271762 96480
000271763 92960
000271764 103264
000271765 84256
000271766 53440
000271767 131696
000271768 86960
000271769 113440
000271770 116320
000271771 64688
000271772 81120
000271773 105920
000271774 62880
000271775 99728
000271776 70752
000271777 57664
000271778 84176
000271780 79904
000271781 112160
000271782 135840
000271783 130240
000271784 77920
000271785 119360
000271786 151840
000271787 150592
000271788 57760
000271789 103200
000271790 109760
000271791 96000
000271792 121328
000271793 68640
000271794 72160
000271796 91680
000271799 80544
000280001 73936
000280002 177760
000280003 109600
000280004 141280
000280005 163360
000280006 91360
000280007 109920
000280008 110160
000280009 91040
000280010 117904
000280011 83520
000280012 150080
000280013 100304
000280014 156160
000280015 116800
000280016 198560
000280017 93664
000280018 119536
000280019 166480
000280020 114656
000280021 54896
000280022 72000
000280023 82288
000280024 82880
000280025 94816
000280027 69216
000280028 57024
000280029 79280
000280030 87872
000280031 83040
000280032 78080
000280033 112976
000280034 131920
000280035 58784
000280036 70480
000280037 107952
000280038 65280
000280039 74208
000280040 92000
000280041 37120
000280042 44032
000280043 70368
000280044 62160
000280045 53760
000280047 55792
000280048 93424
000280049 60704
000280050 66048
000280052 98544
000280053 54576
000280054 50000
000280055 80480
000280056 87792
000280057 93440
000280058 79552
000280059 82432
000280060 84592
000280061 78768
000280064 84320
000280065 74400
000280066 71168
000280067 72304
000280068 104576
000280069 99040
000280070 83360
000280071 72320
000280072 94080
000280073 91552
000280074 106608
000280075 77696
000280076 126144
000280077 68368
000280078 119616
000280079 93440
000280080 64703
000280081 81904
000280082 135024
000280083 88352
000280084 109712
000280085 96432
000280086 84048
000280087 101120
000280088 101104
000280089 145760
000280090 122032
000280092 153408
000280093 99280
000280094 82128
000280095 91680
000280096 96000
000280097 93856
000280098 128768
000280099 96512
000280101 133440
000280102 128208
000280103 140944
000280104 192160
000280105 112096
000280106 161600
000280107 133920
000280108 152800
000280109 181920
000280110 84144
000280111 164960
000280112 128000
000280113 112208
000280114 168560
000280115 70784
000280116 114880
000280117 57408
000280118 97472
000280120 153600
000280121 120800
000280122 129232
000280123 119360
000280124 160784
000280125 207520
000280126 164160
000280127 134208
000280128 145872
000280129 169280
000280130 84960
000280131 79104
000280132 111296
000280133 140560
000280134 91056
000280135 122848
000280136 196288
000280137 174352
000280138 85664
000280139 131360
000280140 134432
000280141 183360
000280142 100640
000280143 160000
000280144 140800
000280145 157920
000280146 160496
000280147 95040
000280148 55472
000280149 55904
000280150 93536
000280151 63680
000280152 151040
000280153 112320
000280154 96480
000280155 142880
000280156 116080
000280157 156640
000280158 125920
000280159 88208
000280160 161600
000280161 137760
000280162 113440
000280163 143200
000280164 135520
000280165 66240
000280166 151680
000280167 129808
000280168 110224
000280169 86720
000280170 224320
000280171 95456
000280173 163360
000280174 76000
000280175 159520
000280176 142128
000280177 80512
000280178 74720
000280180 95744
000280181 118592
000280182 82656
000280183 129280
000280184 124480
000280185 133120
000280186 85120
000280187 87040
000280189 159680
000280190 155840
000280191 65296
000280192 51680
000280193 152800
000280194 93920
000280195 108256
000280196 44528
000280197 122416
000280198 152480
000280199 149200
000280200 152480
000280201 95488
000280202 126208
000280203 73600
000280204 109120
000280205 143680
000280206 126080
000280207 116704
000280208 131152
000280209 110048
000280210 137136
000280211 147840
000280212 138240
000280213 150720
000280214 95040
000280215 125280
000280217 135344
000280218 69216
000280219 149600
000280220 154560
000280221 133280
000280222 193600
000280223 132944
000280224 85280
000280225 149120
000280226 166880
000280227 112480
000280228 120784
000280229 128352
000280230 120912
000280231 124544
000280232 163360
000280233 61856
000280234 147216
000280235 94352
000280236 134496
000280237 81440
000280239 126400
000280241 193696
000280242 42080
000280243 152272
000280244 79040
000280245 57120
000280246 140368
000280247 131680
000280248 151840
000280249 128000
000280250 55872
000280251 195360
000280252 158080
000280253 128160
000280254 137104
000280255 131039
000280256 96288
000280257 94528
000280258 69136
000280259 168960
000280260 106080
000280261 112960
000280262 77680
000280263 187200
000280264 122080
000280266 112512
000280267 117600
000280268 67040
000280269 122560
000280270 90080
000280271 141760
000280272 57760
000280273 122880
000280274 56160
000280275 83520
000280276 105440
000280277 131520
000280278 190720
000280279 121008
000280280 154880
000280281 164176
000280282 108496
000280283 63040
000280284 148000
000280285 57120
000280286 181440
000280287 87680
000280288 58240
000280289 104816
000280291 106240
000280293 73376
000280294 244000
000280295 146864
000280296 66720
000280297 144432
000280298 148640
000280299 94880
000280300 114240
000280301 160000
000280302 68624
000280304 97760
000280305 141280
000280306 139680
000280307 80320
000280308 129600
000280309 79808
000280310 159888
000280311 125072
000280312 95040
000280313 53760
000280314 93120
000280315 94880
000280316 53600
000280317 191200
000280318 123680
000280319 65696
000280320 91904
000280322 141600
000280323 159040
000280324 80112
000280325 114400
000280326 155360
000280327 172336
000280328 127360
000280329 113824
000280331 80256
000280332 97440
000280333 95840
000280334 167520
000280335 91040
000280336 58720
000280337 57200
000280338 147680
000280339 97120
000280340 123680
000280341 114016
000280342 129759
000280343 109920
000280344 120000
000280345 103040
000280346 123440
000280348 80928
000280349 55648
000280350 170560
000280351 111200
000280352 167040
000280353 133424
000280354 100000
000280355 196160
000280356 111200
000280357 115136
000280358 64480
000280359 75680
000280360 128160
000280361 126400
000280362 129424
000280363 59152
000280364 115872
000280365 164000
000280366 99616
000280367 90880
000280368 89280
000280369 148320
000280370 135200
000280371 143360
000280372 87040
000280373 143920
000280374 89840
000280375 68480
000280376 158240
000280377 73440
000280378 134880
000280379 99200
000280380 140000
000280381 152784
000280382 87040
000280384 131200
000280385 86432
000280386 129440
000280387 73088
000280388 72640
000280389 80592
000280390 199840
000280391 159616
000280392 89120
000280393 76096
000280394 58944
000280396 146880
000280397 100000
000280398 120240
000280399 83408
000280400 67872
000281401 69600
000281402 93120
000281403 84640
000281404 109904
000281405 81760
000281406 62080
000281407 61968
000281408 80320
000281409 56640
000281410 83360
000281411 98560
000281412 95072
000281414 96576
000281415 53760
000281416 73856
000281417 98832
000281418 80960
000281419 65296
000281420 65920
000281421 44672
000281422 59184
000281423 64640
000281424 82560
000281425 70240
000281426 81280
000281427 98688
000281428 56480
000281429 53920
000281430 74400
000281431 50560
000281432 88480
000281433 89600
000281434 68800
000281435 76928
000281436 71360
000281437 66560
000281438 85440
000281439 116320
000281440 56432
000281441 71168
000281442 85760
000281444 105280
000281445 72400
000281446 101216
000281447 65840
000281448 69248
000281449 78000
000281450 102720
000281451 90560
000281452 100864
000281453 106400
000281454 57712
000281455 86080
000281456 103968
000281457 78560
000281458 119520
000281459 56000
000281460 76160
000281461 114176
000281462 52000
000281463 104960
000281464 102240
000281465 72960
000281466 81008
000281467 73936
000281468 81184
000281469 71520
000281470 83824
000281471 75328
000281472 104640
000281473 54560
000281474 55520
000281476 82720
000281477 104704
000281478 63456
000281479 81248
000281480 122880
000281481 98288
000281483 61072
000281484 58080
000281487 95344
000281488 86064
000281489 137840
000281490 69744
000281491 71392
000281492 76048
000281493 68960
000281494 66240
000281495 70720
000281496 91360
000281497 66080
000281498 74064
000281499 72832
000281500 85440
000281501 82720
000281502 51360
000281503 63872
000281504 91840
000281505 155152
000281506 204320
000281507 82640
000281508 59360
000281509 113120
000281510 70240
000281511 167680
000281512 74880
000281513 97120
000281514 126240
000281515 99696
000281516 146400
000281517 69568
000281518 94640
000281519 95808
000281520 105200
000281521 45392
000281522 74048
000281523 55456
000281524 50560
000281525 86704
000281526 101120
000281527 149264
000281528 157440
000281529 128800
000281530 47680
000281531 76192
000281532 121552
000281533 135680
000281534 114368
000281535 115680
000281536 122176
000281537 89280
000281539 80960
000281540 113680
000281541 110896
000281542 170096
000281543 77280
000281544 108144
000281545 64160
000281546 153440
000281547 88000
000281548 56768
000281549 70560
000281550 113120
000281551 96800
000281552 63520
000281553 163040
000281554 59680
000281555 127840
000281556 82400
000281557 60176
000281558 160320
000281559 154720
000281560 174560
000281561 86928
000281562 135200
000281563 84800
000281564 77344
000281565 39776
000281566 129120
000281567 143536
000281568 103968
000281569 136944
000281570 98400
000281571 57440
000281573 143680
000281574 66880
000281576 75520
000281577 79040
000281578 100160
000281579 111680
000281580 113120
000281581 168960
000281582 101984
000281583 119696
000281584 72848
000281585 74080
000281586 98560
000281587 99456
000281588 124800
000281589 160800
000281590 78400
000281591 93120
000281592 80448
000281593 68384
000281594 123712
000281595 107680
000281596 54880
000281597 64319
000281598 86560
000281599 84976
000281600 48944
000281601 156960
000281602 77424
000281604 100960
000281605 138224
000281606 84976
000281607 153280
000281608 139680
000281609 110944
000281610 173936
000281611 66368
000281612 139840
000281613 57104
000281614 127840
000281615 102704
000281617 126944
000281618 155360
000281620 44960
000281621 88592
000281622 77024
000281623 75168
000281624 131632
000281625 86880
000281626 72768
000281627 148192
000281628 115840
000281629 125760
000281630 81328
000281631 97760
000281632 113280
000281633 145120
000281634 141024
000281635 161056
000281636 128735
000281637 131680
000281638 114832
000281639 132688
000281640 97296
000281641 48640
000281642 100864
000281643 114560
000281644 110880
000281645 197920
000281646 38368
000281647 136640
000281648 167360
000281649 130400
000281650 118400
000281651 96000
000281652 127040
000281653 80240
000281654 115200
000281655 93328
000281656 113712
000281657 82240
000281659 145920
000281660 118240
000281661 68960
000281662 75360
000281663 76800
000281664 53200
000281665 87680
000281666 123520
000281667 48560
000281668 52096
000281669 165120
000281670 185440
000281671 163680
000281672 140320
000281673 110080
000281674 107536
000281675 145264
000281676 119520
000281677 133136
000281678 90720
000281679 104640
000281680 66080
000281681 113920
000281682 86880
000281683 121760
000281684 83040
000281687 65280
000281688 52880
000281689 92640
000281690 149280
000281691 163760
000281692 77744
000281693 119472
000281695 109920
000281696 70272
000281697 75840
000281698 161104
000281699 137568
000281700 212976
000281701 169088
000281702 86592
000281703 171520
000281704 149088
000281705 76752
000281706 156960
000281707 113216
000281708 104800
000281709 136496
000281710 95040
000281711 145760
000281712 90240
000281713 123488
000281714 123200
000281715 83360
000281716 114400
000281717 114240
000281720 135200
000281721 124160
000281722 95696
000281723 54096
000281724 143680
000281725 139520
000281726 136960
000281727 78016
000281729 137120
000281731 80000
000281732 88880
000281733 77472
000281734 91840
000281736 156960
000281737 119216
000281738 97600
000281739 108800
000281740 109120
000281741 153984
000281742 97328
000281743 74560
000281744 78560
000281745 167040
000281746 93008
000281747 52640
000281748 162400
000281749 106080
000281750 90720
000281752 68464
000281753 154080
000281754 142448
000281755 68400
000281757 127344
000281758 140000
000281759 141760
000281760 107632
000281761 157920
000281762 98400
000281763 125856
000281764 120240
000281765 92000
000281766 84000
000281767 108160
000281768 130223
000281769 104800
000281770 108608
000281771 132000
000281772 69600
000281773 128160
000281774 71840
000281775 86240
000281776 103520
000281777 142880
000281778 111040
000281779 60896
000281780 118720
000281781 142400
000281782 88960
000281783 88640
000281784 86464
000281785 109120
000281786 147680
000281787 79360
000281788 117280
000281789 123040
000281790 52864
000281791 74560
000281792 76000
000281793 77120
000281794 157280
000281795 69760
000281796 114560
000281797 132816
000281798 123200
000281799 141280
000281800 118400
000290002 176480
000290003 104480
000290004 135040
000290005 140800
000290007 106864
000290008 97760
000290009 79840
000290010 115296
000290011 87680
000290012 120480
000290013 90544
000290014 142720
000290015 108320
000290016 152160
000290017 89920
000290018 100480
000290019 143520
000290020 91840
000290021 50400
000290022 70400
000290024 65648
000290025 92640
000290026 66192
000290027 64160
000290028 53680
000290029 76160
000290030 76800
000290031 75152
000290032 69600
000290033 89280
000290034 100640
000290036 59808
000290037 82720
000290038 63040
000290039 60320
000290042 38672
000290043 61600
000290044 52000
000290045 45616
000290046 48960
000290047 46880
000290048 90880
000290049 54560
000290050 61920
000290051 52992
000290052 81280
000290053 50080
000290054 51840
000290056 77760
000290057 82880
000290058 67520
000290059 68480
000290060 69760
000290061 60480
000290062 58080
000290064 64319
000290065 64640
000290067 65792
000290068 78912
000290069 69120
000290070 64959
000290071 60160
000290072 80064
000290073 69920
000290074 78560
000290075 64319
000290078 91360
000290079 65440
000290080 48688
000290081 63808
000290082 94880
000290083 70128
000290084 83520
000290085 80960
000290086 75360
000290087 85120
000290088 82720
000290089 107200
000290092 117296
000290093 85280
000290094 68496
000290095 78720
000290096 71168
000290097 71648
000290099 71200
000290100 83184
000290101 61216
000290105 95040
000290106 82880
000290107 112960
000290108 92960
000290109 146080
000290110 89280
000290111 123840
000290113 68464
000290114 103040
000290115 77472
000290116 80320
000290117 85920
000290118 111680
000290119 115632
000290120 107680
000290121 74560
000290122 92320
000290124 127040
000290125 80272
000290126 56512
000290127 118880
000290128 144400
000290129 78160
000290131 79360
000290134 77760
000290136 82560
000290138 135200
000290140 74560
000290141 144384
000290142 90384
000290143 90720
000290144 82240
000290145 64319
000290146 116640
000290147 74720
000290148 106736
000290149 112448
000290150 61280
000290151 95520
000290152 56160
000290153 93952
000290154 82768
000290155 79472
000290156 111520
000290157 120480
000290158 56896
000290159 71392
000290160 80640
000290162 97968
000290166 72960
000290167 147328
000290168 118080
000290169 80128
000290170 101760
000290172 102240
000290174 116752
000290175 51840
000290178 82400
000290181 60320
000290182 82144
000290183 93120
000290186 64736
000290187 90560
000290190 66400
000290191 82944
000290192 130720
000290193 56848
000290194 94400
000290195 77104
000290196 42816
000290197 123040
000290198 66000
000290200 87840
000290201 103360
000290203 123360
000290204 94400
000290206 77440
000290207 97264
000290208 64224
000290210 79232
000290211 97872
000290212 128496
000290213 56448
000290214 110560
000290215 141184
000290218 56144
000290219 131712
000290221 88320
000290222 106896
000290223 116800
000290224 88960
000290225 63200
000290226 98016
000290230 136496
000290231 63200
000290232 112000
000290234 114336
000290235 99568
000290237 78240
000290238 72720
000290239 104496
000290240 100480
000290241 109488
000290242 63840
000290243 83200
000290244 50080
000290245 82400
000290246 94400
000290247 98720
000290248 126560
000290250 146880
000290251 118560
000290252 144000
000290253 78416
000290254 77920
000290255 120000
000290256 89920
000290257 93600
000290260 67008
000290261 92768
000290263 72640
000290264 125920
000290265 102720
000290266 77920
000290267 93760
000290268 132160
000290269 79760
000290270 133424
000290272 69488
000290273 103680
000290275 72640
000290277 102208
000290279 98080
000290280 94400
000290281 92640
000290282 91712
000290283 131520
000290285 123200
000290286 49440
000290288 48880
000290289 77120
000290290 64319
000290291 107200
000290292 134560
000290293 102624
000290294 70080
000290295 125440
000290297 96320
000290298 84160
000290299 95840
000290300 75520
000290301 45440
000290302 125440
000290303 103680
000290304 80160
000290305 82880
000290306 84768
000290307 120160
000290309 104800
000290311 136000
000290313 78016
000290314 93440
000290315 61920
000290316 55840
000290317 77040
000290318 100960
000290319 67840
000290320 108640
000290322 59040
000290323 94240
000290325 60288
000290328 66880
000290330 56160
000290331 66240
000290332 112800
000290334 122880
000290335 64000
000290337 86880
000290339 96960
000290340 69328
000290342 104064
000290343 65280
000290344 105600
000290345 62864
000290346 88752
000290347 59200
000290348 82400
000290349 92160
000290350 114656
000290351 96640
000290352 80000
000290353 72320
000290354 76768
000290355 100320
000290356 140320
000290357 133600
000290358 124000
000290360 93600
000290361 110720
000290362 50720
000290363 86240
000290364 85440
000290365 75360
000290366 110240
000290367 66240
000290370 129104
000290372 119360
000290375 115840
000290376 89760
000290377 71952
000290379 94720
000290380 49760
000290381 84320
000290383 94720
000290384 100000
000290385 44160
000290386 112416
000290387 46880
000290389 82400
000290390 67520
000290391 46320
000290392 74256
000290393 84000
000290394 76224
000290396 98720
000290397 60160
000290400 46064
000291401 71840
000291402 84992
000291403 69920
000291405 65600
000291406 61120
000291408 76160
000291409 46752
000291411 92640
000291412 80640
000291413 42400
000291414 93280
000291415 65760
000291416 70400
000291418 62720
000291421 43904
000291422 56800
000291423 55200
000291424 62720
000291425 59520
000291428 57536
000291429 49760
000291430 73920
000291431 51840
000291432 78720
000291433 87680
000291434 66368
000291435 59680
000291436 65648
000291438 62240
000291439 89120
000291440 47680
000291441 72256
000291442 75840
000291443 85120
000291444 87840
000291445 58240
000291447 63616
000291448 62880
000291449 69280
000291450 74240
000291451 89120
000291453 83200
000291459 61792
000291460 63824
000291461 71232
000291463 75840
000291464 72000
000291465 63424
000291466 80320
000291467 62560
000291470 71040
000291471 72000
000291474 59360
000291475 83040
000291476 67680
000291477 74400
000291478 58880
000291480 91840
000291482 66400
000291483 61472
000291485 69888
000291487 75200
000291488 72640
000291489 97760
000291490 63840
000291491 58240
000291494 61120
000291495 56080
000291496 70448
000291497 54720
000291498 67056
000291499 66720
000291500 67520
000291501 126560
000291502 58880
000291503 107040
000291504 107520
000291507 119840
000291509 116640
000291510 122400
000291511 42576
000291512 107680
000291513 101280
000291516 68896
000291517 69600
000291518 114560
000291519 87680
000291520 95840
000291521 114720
000291522 141600
000291524 138720
000291525 100160
000291526 82080
000291527 89456
000291529 114720
000291531 84160
000291532 66768
000291533 117760
000291534 81120
000291535 96800
000291536 103520
000291538 100800
000291539 71680
000291540 97920
000291541 110976
000291542 105760
000291543 109760
000291545 90080
000291546 89280
000291547 63584
000291548 62544
000291549 95840
000291550 99840
000291551 47200
000291552 129919
000291554 87840
000291556 65040
000291558 96960
000291559 133600
000291560 131200
000291561 115360
000291562 88000
000291563 99840
000291564 98720
000291565 115856
000291567 101440
000291568 66240
000291570 124640
000291572 116000
000291573 80160
000291574 70992
000291576 114400
000291577 105120
000291578 117760
000291579 88272
000291583 63040
000291584 100000
000291585 73600
000291586 78560
000291587 137760
000291588 131680
000291589 91680
000291590 84640
000291591 87200
000291592 107040
000291593 97040
000291594 105920
000291595 77280
000291596 73280
000291597 80640
000291598 43776
000291601 56960
000291603 101440
000291604 97600
000291608 88800
000291609 86560
000291610 71744
000291611 110720
000291612 96640
000291613 109600
000291614 90272
000291615 95360
000291617 66720
000291619 99120
000291620 76640
000291623 84800
000291624 135360
000291626 76368
000291629 86400
000291630 51808
000291631 81280
000291632 69440
000291634 106560
000291636 63360
000291637 143200
000291639 107360
000291640 51136
000291641 109760
000291642 66352
000291643 81280
000291645 51200
000291647 104800
000291648 65760
000291650 53920
000291651 85760
000291653 61920
000291654 134240
000291655 58400
000291656 93440
000291657 106240
000291658 134560
000291659 99360
000291660 87408
000291661 72640
000291663 79840
000291664 58720
000291665 52160
000291666 65120
000291667 101440
000291668 60672
000291669 83680
000291672 106560
000291674 67360
000291675 103360
000291676 52640
000291679 58880
000291681 73920
000291682 94560
000291683 81680
000291684 123040
000291686 79040
000291687 103280
000291688 106240
000291689 143520
000291690 102240
000291691 62400
000291693 138400
000291694 122720
000291695 66240
000291696 104000
000291697 93760
000291698 122080
000291699 64480
000291700 53440
000291701 108320
000291703 97280
000291706 100320
000291707 70560
000291708 70560
000291711 110976
000291712 146400
000291713 66800
000291714 131728
000291715 99120
000291716 86240
000291717 52480
000291719 115840
000291720 60480
000291721 64239
000291724 97440
000291725 87200
000291726 114080
000291727 93392
000291728 106400
000291729 128639
000291731 129280
000291732 57120
000291733 159040
000291734 120000
000291736 52576
000291737 84640
000291738 68800
000291741 78880
000291742 59680
000291743 114080
000291744 106336
000291746 104960
000291747 101280
000291750 116320
000291751 87360
000291754 56800
000291755 111360
000291756 103248
000291757 100160
000291758 91680
000291759 75040
000291760 58240
000291762 86240
000291763 68960
000291764 81440
000291765 69760
000291766 74400
000291769 98720
000291771 121440
000291772 57600
000291773 84320
000291774 105760
000291775 145184
000291776 96640
000291778 107680
000291779 80000
000291780 95040
000291781 89440
000291782 82416
000291783 93920
000291784 68640
000291785 96320
000291786 42720
000291787 79680
000291788 61600
000291789 54240
000291790 113920
000291791 50080
000291792 49328
000291793 83840
000291794 121920
000291795 71840
000291796 138400
000291797 105120
000291798 109120
000291799 76800
000291800 62384
000300001 75040
000300002 197760
000300003 101920
000300004 141760
000300005 189760
000300006 95008
000300007 130560
000300008 107200
000300009 81920
000300010 124000
000300011 95200
000300012 161120
000300013 112512
000300014 177120
000300015 122944
000300017 99840
000300018 95072
000300019 169280
000300020 95520
000300021 56800
000300022 61616
000300023 76256
000300024 66800
000300025 102880
000300026 72800
000300027 57920
000300028 60480
000300029 68000
000300030 69760
000300031 76640
000300032 84160
000300033 107040
000300034 113920
000300035 45712
000300036 79840
000300037 119280
000300038 70560
000300039 66560
000300040 77600
000300041 33936
000300042 39536
000300043 69920
000300044 57440
000300045 47552
000300046 49760
000300047 51360
000300048 84960
000300050 67520
000300051 47296
000300052 89280
000300053 47744
000300054 45120
000300055 58688
000300056 77840
000300057 91680
000300058 70560
000300059 66016
000300060 73280
000300061 71680
000300062 62544
000300063 102560
000300064 66240
000300065 66720
000300066 58160
000300067 58240
000300068 84160
000300069 74720
000300070 63472
000300071 59200
000300072 95200
000300073 78240
000300074 76016
000300075 63200
000300076 108176
000300077 60800
000300078 99680
000300079 89440
000300080 54624
000300081 68320
000300082 94720
000300083 71520
000300084 80480
000300085 79360
000300086 66880
000300087 81920
000300088 89760
000300089 124160
000300090 88320
000300091 93760
000300092 138080
000300093 104400
000300094 79360
000300095 76320
000300096 69600
000300097 73280
000300098 110560
000300099 73360
000300100 90720
000300101 121584
000300102 51280
000300103 63200
000300104 111040
000300105 109920
000300106 50240
000300107 80672
000300108 53728
000300109 85120
000300110 184480
000300111 76480
000300112 57280
000300113 75360
