000201798 31
000201799 11
000201800 24
000210001 10
000210002 42
000210003 16
000210004 33
000210005 35
000210006 21
000210007 31
000210008 24
000210009 14
000210010 27
000210011 20
000210012 34
000210013 20
000210014 37
000210015 28
000210017 17
000210018 25
000210019 42
000210020 23
000210021 7
000210022 11
000210023 14
000210024 12
000210025 20
000210026 8
000210027 12
000210028 8
000210029 11
000210030 13
000210031 15
000210033 20
000210034 22
000210035 7
000210036 8
000210037 17
000210038 10
000210039 11
000210040 14
000210041 4
000210042 4
000210043 14
000210044 10
000210045 6
000210046 9
000210047 10
000210049 7
000210050 14
000210052 17
000210053 9
000210054 7
000210055 12
000210056 13
000210058 14
000210059 9
000210060 14
000210062 11
000210063 20
000210064 13
000210065 18
000210066 8
000210067 11
000210068 13
000210069 20
000210070 19
000210071 14
000210072 12
000210073 15
000210074 14
000210075 13
000210076 18
000210077 7
000210078 20
000210079 14
000210080 10
000210081 13
000210082 17
000210083 14
000210084 13
000210085 11
000210087 15
000210088 15
000210089 21
000210090 22
000210091 15
000210092 35
000210093 16
000210094 13
000210095 14
000210096 14
000210097 13
000210098 19
000210099 17
000210100 17
000210102 13
000210103 18
000210104 31
000210105 32
000210106 22
000210107 11
000210108 11
000210110 17
000210111 26
000210112 9
000210113 21
000210114 12
000210115 15
000210116 26
000210117 18
000210118 22
000210119 22
000210120 16
000210121 18
000210123 24
000210124 18
000210125 18
000210126 11
000210127 25
000210128 9
000210129 13
000210130 36
000210134 12
000210135 19
000210136 31
000210137 11
000210138 32
000210139 22
000210140 11
000210141 6
000210142 22
000210143 14
000210144 27
000210145 35
000210146 43
000210147 28
000210148 6
000210149 12
000210150 26
000210151 13
000210152 22
000210153 39
000210155 5
000210156 9
000210157 13
000210158 14
000210159 10
000210160 43
000210161 29
000210163 15
000210165 5
000210166 21
000210168 11
000210169 15
000210170 28
000210171 27
000210172 32
000210173 33
000210174 15
000210175 23
000210176 18
000210177 18
000210178 6
000210179 22
000210180 21
000210181 25
000210182 27
000210183 20
000210184 21
000210185 18
000210186 16
000210187 19
000210188 27
000210189 19
000210190 16
000210191 12
000210192 19
000210193 27
000210194 7
000210195 30
000210196 15
000210197 32
000210198 7
000210199 6
000210200 18
000210201 19
000210203 48
000210204 28
000210205 12
000210206 8
000210207 27
000210208 23
000210209 7
000210210 30
000210211 21
000210212 18
000210213 21
000210214 17
000210215 22
000210216 7
000210217 15
000210218 16
000210219 25
000210220 22
000210221 13
000210222 10
000210223 31
000210224 9
000210225 13
000210226 6
000210227 13
000210228 19
000210229 28
000210230 22
000210231 24
000210232 17
000210233 14
000210234 14
000210235 11
000210236 18
000210238 21
000210239 31
000210240 20
000210241 41
000210242 24
000210243 16
000210244 9
000210245 5
000210246 9
000210247 20
000210248 36
000210249 10
000210250 16
000210251 37
000210252 8
000210253 14
000210254 11
000210255 13
000210257 22
000210258 26
000210259 9
000210260 12
000210261 8
000210262 20
000210263 15
000210264 18
000210265 10
000210266 28
000210267 18
000210268 25
000210269 19
000210270 14
000210273 12
000210274 34
000210275 13
000210276 12
000210277 27
000210278 7
000210280 28
000210282 12
000210283 9
000210284 10
000210285 20
000210286 7
000210287 16
000210288 27
000210289 24
000210290 11
000210291 16
000210292 32
000210293 28
000210295 25
000210296 31
000210297 24
000210298 7
000210299 12
000210300 22
000210301 22
000210302 18
000210303 38
000210304 29
000210305 20
000210306 17
000210307 15
000210309 19
000210310 6
000210311 17
000210312 10
000210313 26
000210314 27
000210315 18
000210316 27
000210317 27
000210318 12
000210319 31
000210320 12
000210321 26
000210322 18
000210323 31
000210325 19
000210326 10
000210327 17
000210328 17
000210329 28
000210330 32
000210331 16
000210332 21
000210333 17
000210334 25
000210335 11
000210336 25
000210337 12
000210338 12
000210339 18
000210340 18
000210341 26
000210342 15
000210343 7
000210344 8
000210345 15
000210346 19
000210347 14
000210348 8
000210349 12
000210350 26
000210351 12
000210352 14
000210353 19
000210354 16
000210355 15
000210356 15
000210357 21
000210358 18
000210360 26
000210361 12
000210362 20
000210363 10
000210364 8
000210365 18
000210366 10
000210367 36
000210368 25
000210370 10
000210371 35
000210372 24
000210373 28
000210374 13
000210375 21
000210376 18
000210377 28
000210378 20
000210379 17
000210380 35
000210382 30
000210383 22
000210384 23
000210385 25
000210386 14
000210388 33
000210389 25
000210390 27
000210391 34
000210393 16
000210394 11
000210395 36
000210396 19
000210397 36
000210398 15
000210399 27
000210400 20
000211401 12
000211402 18
000211403 13
000211404 23
000211405 13
000211406 15
000211407 17
000211408 17
000211409 10
000211410 19
000211411 21
000211412 21
000211413 6
000211414 19
000211415 12
000211416 13
000211417 27
000211418 12
000211419 16
000211420 14
000211421 8
000211422 13
000211423 10
000211424 15
000211425 10
000211426 12
000211427 23
000211428 10
000211429 15
000211430 19
000211432 21
000211433 20
000211434 14
000211437 12
000211438 13
000211439 19
000211440 8
000211441 17
000211443 17
000211445 17
000211446 21
000211447 11
000211448 16
000211449 12
000211450 16
000211451 20
000211452 25
000211453 15
000211454 6
000211456 20
000211457 13
000211458 23
000211459 15
000211460 15
000211461 16
000211462 14
000211463 21
000211464 16
000211465 13
000211466 19
000211467 9
000211468 15
000211469 19
000211470 18
000211471 14
000211473 12
000211474 8
000211475 21
000211476 14
000211477 14
000211478 14
000211479 17
000211480 33
000211481 12
000211482 11
000211483 17
000211484 15
000211485 10
000211486 8
000211487 18
000211488 15
000211489 25
000211490 13
000211491 15
000211492 16
000211493 11
000211494 13
000211495 12
000211496 21
000211497 15
000211498 15
000211499 14
000211500 18
000211501 7
000211503 10
000211505 17
000211506 17
000211507 24
000211509 22
000211510 14
000211511 28
000211513 21
000211514 12
000211515 21
000211516 29
000211517 8
000211518 28
000211519 17
000211520 19
000211521 21
000211522 36
000211523 16
000211524 17
000211525 25
000211526 15
000211527 18
000211528 16
000211529 11
000211530 8
000211531 7
000211532 12
000211533 14
000211534 26
000211536 7
000211537 11
000211538 16
000211539 24
000211540 27
000211541 9
000211542 35
000211543 10
000211544 18
000211545 27
000211546 18
000211547 24
000211548 21
000211549 17
000211550 10
000211551 16
000211552 28
000211554 27
000211555 18
000211556 15
000211557 18
000211558 5
000211559 5
000211560 13
000211562 28
000211563 10
000211564 18
000211565 11
000211566 16
000211567 34
000211568 24
000211569 17
000211570 22
000211571 5
000211572 17
000211573 13
000211574 23
000211575 21
000211576 32
000211577 9
000211578 10
000211579 25
000211580 24
000211581 23
000211582 12
000211583 25
000211584 25
000211585 21
000211586 22
000211587 26
000211588 10
000211589 24
000211590 10
000211591 33
000211592 14
000211593 15
000211594 16
000211595 32
000211596 28
000211598 11
000211599 25
000211600 6
000211601 16
000211602 18
000211603 13
000211604 17
000211605 26
000211606 38
000211607 16
000211608 27
000211609 8
000211610 10
000211611 22
000211612 27
000211613 25
000211615 23
000211616 20
000211617 12
000211618 21
000211619 15
000211621 22
000211623 18
000211624 21
000211625 36
000211627 6
000211628 9
000211629 32
000211630 12
000211631 10
000211632 22
000211633 14
000211634 24
000211635 20
000211636 12
000211637 23
000211638 39
000211640 29
000211642 22
000211643 13
000211644 17
000211645 23
000211646 15
000211648 14
000211649 13
000211650 12
000211651 35
000211652 23
000211653 10
000211654 19
000211655 15
000211656 19
000211657 15
000211659 13
000211660 12
000211661 16
000211662 22
000211663 7
000211666 18
000211667 9
000211668 16
000211670 12
000211671 6
000211672 29
000211673 17
000211674 7
000211675 11
000211676 30
000211677 12
000211678 21
000211680 17
000211682 34
000211683 24
000211684 8
000211685 10
000211686 12
000211687 14
000211688 24
000211690 14
000211691 11
000211692 25
000211693 15
000211694 12
000211696 16
000211697 12
000211698 29
000211699 23
000211700 16
000211703 34
000211704 16
000211705 12
000211706 16
000211708 22
000211709 19
000211710 14
000211711 16
000211712 18
000211713 23
000211714 26
000211715 25
000211716 20
000211717 26
000211718 24
000211719 25
000211720 15
000211721 19
000211723 14
000211724 24
000211725 13
000211726 17
000211727 18
000211730 22
000211733 30
000211734 30
000211735 31
000211736 15
000211737 10
000211738 32
000211739 21
000211740 26
000211741 27
000211742 22
000211743 8
000211744 18
000211745 23
000211746 19
000211747 14
000211748 20
000211749 15
000211750 18
000211751 14
000211752 16
000211753 10
000211754 11
000211755 23
000211756 29
000211757 9
000211758 5
000211759 10
000211760 27
000211761 23
000211762 19
000211764 17
000211765 20
000211766 19
000211768 17
000211769 22
000211770 26
000211771 41
000211772 28
000211773 20
000211774 25
000211775 26
000211776 20
000211777 27
000211778 19
000211779 21
000211780 18
000211781 29
000211782 18
000211783 9
000211784 13
000211785 27
000211786 10
000211787 18
000211788 38
000211789 9
000211790 25
000211791 11
000211792 19
000211793 7
000211794 25
000211795 12
000211796 18
000211797 28
000211798 34
000211799 12
000211800 28
000220001 10
000220003 18
000220005 35
000220006 21
000220007 30
000220009 14
000220010 27
000220011 20
000220015 27
000220016 46
000220021 7
000220022 11
000220023 14
000220024 12
000220025 20
000220026 8
000220027 12
000220028 8
000220029 11
000220030 14
000220031 15
000220032 19
000220034 20
000220035 7
000220037 17
000220039 11
000220040 15
000220041 4
000220042 4
000220043 14
000220044 10
000220045 6
000220046 9
000220047 10
000220048 15
000220049 7
000220050 14
000220051 11
000220052 23
000220053 8
000220054 7
000220055 12
000220056 13
000220057 16
000220058 14
000220060 14
000220061 17
000220062 11
000220063 20
000220064 13
000220065 18
000220066 8
000220067 13
000220068 13
000220069 20
000220070 19
000220071 14
000220072 12
000220073 15
000220074 14
000220075 13
000220076 17
000220077 7
000220078 20
000220079 14
000220080 10
000220081 13
000220082 16
000220083 14
000220084 13
000220085 11
000220086 14
000220087 15
000220088 15
000220089 21
000220090 22
000220091 15
000220092 35
000220093 16
000220094 13
000220095 20
000220096 14
000220097 13
000220098 19
000220099 17
000220100 17
000220102 20
000220104 17
000220105 11
000220106 19
000220107 33
000220112 17
000220114 25
000220115 22
000220116 11
000220118 7
000220119 29
000220120 8
000220123 22
000220128 33
000220129 19
000220131 29
000220132 7
000220135 14
000220137 19
000220139 14
000220142 30
000220143 6
000220145 30
000220146 25
000220149 28
000220151 28
000220152 16
000220153 26
000220155 9
000220156 24
000220157 21
000220158 5
000220162 8
000220164 6
000220166 17
000220167 10
000220168 18
000220169 36
000220171 23
000220172 22
000220174 13
000220175 9
000220177 15
000220178 18
000220181 28
000220182 19
000220184 13
000220185 14
000220188 37
000220189 12
000220192 24
000220193 6
000220195 15
000220200 30
000220202 9
000220203 20
000220206 11
000220208 25
000220209 15
000220210 10
000220211 6
000220212 5
000220213 31
000220214 8
000220215 19
000220216 27
000220217 8
000220218 19
000220219 23
000220220 11
000220221 39
000220224 16
000220225 19
000220226 22
000220227 41
000220228 36
000220229 18
000220230 11
000220231 28
000220232 13
000220233 20
000220234 22
000220235 8
000220236 10
000220237 34
000220238 33
000220239 8
000220240 11
000220241 15
000220242 25
000220243 33
000220244 26
000220245 14
000220246 24
000220247 20
000220249 12
000220250 13
000220251 24
000220252 12
000220253 9
000220255 31
000220256 9
000220257 7
000220258 13
000220259 22
000220260 47
000220261 26
000220263 12
000220264 44
000220265 8
000220268 16
000220270 18
000220271 20
000220272 22
000220274 13
000220275 11
000220276 10
000220280 11
000220281 13
000220283 14
000220285 13
000220286 14
000220287 20
000220288 23
000220289 34
000220290 24
000220291 26
000220292 24
000220293 23
000220295 25
000220297 25
000220298 9
000220299 25
000220300 19
000220302 19
000220304 13
000220308 8
000220310 24
000220312 16
000220318 7
000220322 19
000220323 21
000220324 20
000220334 11
000220336 10
000220338 28
000220339 16
000220341 26
000220343 35
000220344 7
000220345 9
000220347 25
000220350 18
000220351 42
000220353 11
000220354 12
000220355 17
000220356 14
000220358 19
000220359 9
000220364 14
000220365 22
000220366 19
000220367 24
000220368 33
000220369 31
000220371 8
000220372 35
000220373 12
000220375 14
000220377 25
000220378 14
000220379 25
000220382 14
000220383 31
000220384 12
000220387 23
000220388 41
000220389 37
000220390 23
000220391 22
000220392 21
000220393 22
000220394 20
000220395 31
000220396 15
000220397 12
000220398 18
000220399 19
000220400 13
000221402 18
000221403 13
000221404 21
000221405 13
000221406 15
000221407 17
000221408 16
000221409 10
000221411 20
000221412 21
000221413 6
000221414 19
000221415 11
000221416 13
000221417 27
000221418 12
000221419 16
000221422 13
000221423 10
000221424 15
000221425 10
000221426 12
000221427 20
000221428 10
000221429 15
000221430 17
000221431 14
000221432 20
000221433 20
000221434 14
000221435 10
000221436 12
000221437 12
000221438 15
000221440 8
000221441 17
000221442 20
000221443 17
000221444 19
000221445 15
000221446 21
000221447 11
000221449 12
000221450 16
000221451 21
000221452 25
000221453 15
000221454 6
000221455 20
000221456 20
000221457 13
000221458 23
000221459 15
000221460 15
000221461 16
000221462 14
000221463 21
000221464 16
000221465 13
000221466 21
000221467 9
000221468 15
000221469 19
000221470 18
000221471 14
000221472 20
000221474 8
000221475 20
000221476 13
000221478 14
000221479 17
000221480 33
000221481 12
000221482 14
000221483 17
000221484 15
000221485 11
000221486 8
000221487 18
000221488 15
000221489 25
000221490 13
000221491 15
000221492 16
000221493 11
000221494 13
000221495 12
000221496 21
000221497 15
000221499 14
000221500 18
000221501 18
000221502 23
000221503 24
000221504 20
000221505 23
000221507 14
000221510 24
000221511 19
000221512 25
000221513 14
000221514 13
000221515 12
000221516 25
000221517 9
000221518 26
000221520 23
000221521 8
000221522 15
000221524 11
000221525 15
000221526 14
000221527 13
000221528 24
000221529 17
000221530 13
000221531 12
000221532 26
000221533 31
000221534 10
000221535 17
000221536 22
000221538 15
000221540 6
000221541 15
000221543 39
000221544 39
000221545 26
000221547 18
000221550 22
000221552 16
000221554 26
000221555 13
000221556 33
000221557 22
000221558 17
000221559 27
000221560 14
000221561 25
000221562 24
000221564 29
000221565 14
000221566 9
000221567 22
000221568 26
000221569 7
000221570 30
000221571 28
000221572 16
000221574 27
000221575 27
000221576 35
000221577 9
000221578 21
000221580 16
000221581 10
000221582 31
000221585 29
000221587 10
000221590 40
000221591 24
000221593 16
000221594 13
000221595 23
000221596 15
000221601 25
000221602 10
000221606 14
000221607 30
000221612 30
000221615 24
000221616 21
000221618 21
000221619 14
000221620 27
000221621 18
000221623 8
000221624 11
000221625 11
000221626 28
000221627 36
000221628 26
000221630 9
000221631 18
000221632 26
000221635 12
000221636 24
000221640 17
000221642 35
000221643 13
000221644 7
000221646 6
000221647 17
000221648 12
000221649 6
000221650 8
000221651 12
000221652 16
000221653 23
000221654 15
000221655 22
000221656 25
000221657 11
000221658 28
000221659 18
000221660 21
000221661 23
000221662 21
000221663 11
000221664 24
000221665 15
000221666 25
000221667 22
000221668 26
000221669 26
000221670 17
000221671 22
000221672 15
000221673 21
000221674 15
000221676 15
000221677 34
000221678 10
000221679 35
000221680 22
000221681 28
000221682 23
000221683 10
000221684 22
000221685 27
000221686 23
000221687 23
000221688 12
000221689 13
000221690 19
000221691 17
000221692 10
000221693 33
000221694 9
000221696 18
000221698 16
000221700 11
000221701 25
000221702 36
000221703 14
000221705 24
000221706 19
000221707 8
000221708 16
000221709 23
000221710 28
000221711 19
000221712 15
000221714 28
000221715 18
000221716 13
000221717 14
000221718 7
000221719 22
000221720 35
000221722 27
000221723 17
000221727 17
000221728 22
000221729 29
000221730 11
000221731 12
000221732 26
000221733 22
000221734 16
000221736 13
000221739 35
000221740 53
000221741 7
000221743 16
000221745 29
000221746 16
000221747 14
000221748 9
000221749 13
000221750 14
000221751 19
000221752 12
000221753 37
000221754 23
000221755 16
000221756 25
000221757 17
000221758 21
000221759 14
000221760 24
000221761 20
000221762 19
000221763 17
000221764 18
000221765 27
000221766 15
000221767 5
000221768 8
000221769 36
000221770 26
000221771 22
000221772 15
000221773 27
000221774 21
000221775 38
000221776 21
000221777 24
000221778 9
000221779 16
000221780 27
000221781 17
000221782 21
000221783 23
000221784 14
000221785 20
000221786 16
000221787 19
000221788 21
000221789 24
000221790 19
000221791 22
000221792 26
000221793 18
000221795 13
000221796 32
000221797 28
000221798 40
000221799 6
000221800 30
000230002 41
000230003 18
000230004 33
000230005 35
000230006 21
000230007 30
000230008 24
000230009 14
000230010 27
000230011 20
000230012 34
000230013 20
000230014 37
000230015 27
000230016 46
000230017 17
000230018 25
000230019 42
000230020 23
000230021 7
000230022 11
000230023 14
000230024 12
000230025 20
000230027 12
000230028 8
000230029 11
000230030 14
000230033 20
000230034 20
000230035 7
000230036 8
000230037 17
000230038 10
000230039 11
000230040 14
000230042 4
000230044 10
000230045 6
000230046 9
000230049 7
000230050 14
000230051 11
000230052 17
000230055 12
000230056 15
000230060 14
000230063 20
000230064 13
000230065 18
000230066 8
000230069 20
000230073 15
000230075 13
000230076 19
000230078 20
000230079 14
000230080 10
000230081 13
000230082 16
000230083 14
000230084 13
000230085 11
000230088 15
000230089 23
000230091 15
000230092 35
000230093 16
000230094 13
000230095 13
000230096 14
000230098 19
000230099 17
000230102 6
000230105 24
000230107 27
000230109 23
000230113 13
000230115 15
000230117 8
000230118 27
000230119 13
000230121 24
000230123 13
000230124 12
000230127 5
000230128 22
000230129 26
000230130 20
000230131 25
000230132 21
000230133 32
000230136 21
000230137 28
000230138 5
000230140 13
000230141 33
000230142 11
000230143 26
000230144 5
000230145 29
000230146 37
000230147 9
000230150 26
000230151 13
000230156 26
000230158 25
000230159 10
000230162 35
000230164 26
000230166 13
000230168 19
000230169 7
000230171 24
000230174 14
000230177 18
000230180 8
000230181 7
000230184 8
000230185 19
000230186 32
000230187 10
000230189 14
000230193 23
000230197 13
000230199 26
000230206 6
000230207 25
000230209 27
000230211 20
000230214 15
000230216 19
000230219 20
000230220 14
000230222 17
000230226 28
000230229 19
000230230 19
000230232 18
000230233 24
000230235 23
000230236 19
000230237 25
000230238 16
000230239 11
000230241 14
000230242 18
000230243 29
000230244 24
000230245 18
000230246 14
000230247 26
000230248 15
000230249 18
000230250 20
000230252 22
000230253 27
000230254 12
000230255 18
000230256 29
000230257 16
000230258 24
000230259 6
000230260 23
000230261 9
000230262 20
000230263 15
000230265 16
000230266 13
000230267 17
000230268 9
000230269 15
000230270 15
000230272 19
000230273 23
000230274 18
000230275 12
000230276 19
000230277 18
000230278 21
000230279 15
000230280 27
000230281 9
000230282 12
000230283 32
000230284 23
000230285 27
000230287 7
000230288 12
000230289 18
000230291 12
000230292 32
000230293 25
000230294 15
000230295 7
000230297 21
000230298 6
000230299 8
000230300 23
000230301 21
000230302 29
000230303 8
000230304 29
000230305 10
000230306 21
000230307 14
000230308 5
000230309 20
000230310 16
000230311 15
000230312 19
000230313 25
000230314 31
000230315 12
000230318 18
000230319 20
000230322 14
000230323 18
000230324 12
000230325 22
000230326 20
000230327 9
000230328 27
000230329 16
000230330 15
000230331 14
000230332 15
000230333 13
000230334 17
000230335 41
000230337 21
000230338 8
000230342 44
000230343 15
000230345 25
000230346 23
000230347 7
000230350 25
000230351 13
000230352 14
000230356 23
000230358 24
000230359 12
000230361 21
000230362 31
000230363 22
000230364 11
000230365 16
000230368 19
000230369 24
000230370 29
000230372 17
000230376 13
000230377 25
000230380 11
000230382 12
000230383 17
000230384 21
000230385 11
000230386 22
000230387 11
000230388 22
000230390 23
000230391 19
000230393 27
000230394 10
000230396 19
000230397 16
000230398 11
000231402 24
000231405 13
000231406 15
000231407 17
000231408 16
000231409 10
000231410 19
000231411 19
000231412 21
000231413 11
000231414 22
000231415 11
000231416 13
000231417 27
000231418 12
000231419 22
000231420 14
000231421 14
000231422 13
000231423 10
000231424 15
000231425 16
000231426 12
000231427 22
000231428 10
000231429 15
000231430 17
000231431 14
000231432 20
000231433 19
000231434 14
000231435 10
000231436 12
000231437 12
000231438 16
000231439 19
000231440 7
000231441 17
000231442 20
000231443 17
000231444 19
000231445 15
000231446 21
000231447 17
000231448 16
000231449 12
000231450 16
000231451 22
000231452 25
000231453 15
000231454 6
000231455 20
000231456 20
000231457 12
000231458 22
000231459 15
000231460 15
000231461 16
000231462 14
000231464 16
000231465 13
000231467 15
000231468 15
000231469 19
000231470 18
000231471 14
000231472 20
000231473 12
000231474 8
000231475 19
000231476 14
000231477 13
000231478 14
000231479 17
000231480 33
000231481 12
000231482 14
000231484 15
000231487 17
000231488 15
000231489 25
000231490 13
000231491 15
000231492 16
000231493 11
000231494 13
000231495 12
000231496 21
000231497 15
000231498 15
000231499 20
000231500 18
000231501 35
000231502 23
000231503 24
000231505 16
000231506 11
000231507 5
000231508 15
000231509 13
000231510 14
000231511 16
000231512 16
000231513 27
000231514 11
000231515 13
000231516 24
000231517 7
000231518 17
000231520 30
000231521 31
000231522 39
000231523 10
000231525 33
000231526 27
000231527 9
000231528 30
000231529 15
000231530 14
000231531 27
000231532 10
000231533 8
000231534 17
000231536 15
000231537 5
000231538 22
000231539 40
000231540 11
000231541 15
000231542 28
000231543 30
000231544 9
000231545 14
000231546 14
000231547 23
000231548 23
000231549 15
000231552 5
000231553 17
000231555 16
000231556 7
000231557 14
000231558 15
000231559 14
000231560 36
000231561 27
000231562 29
000231563 41
000231565 27
000231567 19
000231569 22
000231570 40
000231571 20
000231572 11
000231573 37
000231574 16
000231575 22
000231576 28
000231579 13
000231580 23
000231582 35
000231584 10
000231585 29
000231586 15
000231587 8
000231590 7
000231591 31
000231593 20
000231597 8
000231598 13
000231599 18
000231600 23
000231601 30
000231603 25
000231604 16
000231605 6
000231606 11
000231607 42
000231608 17
000231609 25
000231611 10
000231612 17
000231614 27
000231616 15
000231617 16
000231618 9
000231619 21
000231620 24
000231622 20
000231630 23
000231632 25
000231633 20
000231634 17
000231635 21
000231637 11
000231638 4
000231640 12
000231641 32
000231642 14
000231644 28
000231646 18
000231649 37
000231658 16
000231664 30
000231665 26
000231666 25
000231667 20
000231674 19
000231676 15
000231678 9
000231684 10
000231686 9
000231688 17
000231689 16
000231695 25
000231696 31
000231697 18
000231698 21
000231700 12
000231701 13
000231702 10
000231703 9
000231707 19
000231708 16
000231709 22
000231710 28
000231711 14
000231713 12
000231714 26
000231716 30
000231718 16
000231719 21
000231720 13
000231722 16
000231724 27
000231725 24
000231726 22
000231727 12
000231729 16
000231731 15
000231734 23
000231736 21
000231737 6
000231739 17
000231740 12
000231741 19
000231742 10
000231743 14
000231744 16
000231745 23
000231746 10
000231747 22
000231748 9
000231749 10
000231750 17
000231751 21
000231752 10
000231753 10
000231754 15
000231755 20
000231756 34
000231757 6
000231758 10
000231759 25
000231760 19
000231761 23
000231762 20
000231763 14
000231764 8
000231765 15
000231766 15
000231767 18
000231768 9
000231769 18
000231771 11
000231773 23
000231774 13
000231775 22
000231776 15
000231777 19
000231778 8
000231779 16
000231780 29
000231781 28
000231782 17
000231783 25
000231784 27
000231785 12
000231786 25
000231787 19
000231788 21
000231790 43
000231791 37
000231792 21
000231793 26
000231794 37
000231795 21
000231796 22
000231797 20
000231798 20
000231799 20
000231800 26
000240001 10
000240002 41
000240003 16
000240004 33
000240005 35
000240006 21
000240007 30
000240008 24
000240009 14
000240010 27
000240011 20
000240012 34
000240013 20
000240014 37
000240015 27
000240016 46
000240017 18
000240018 27
000240019 43
000240020 23
000240021 7
000240022 11
000240023 14
000240025 21
000240027 12
000240028 8
000240029 11
000240030 14
000240031 15
000240032 19
000240033 20
000240034 20
000240036 8
000240037 17
000240038 10
000240039 11
000240040 14
000240041 4
000240042 4
000240043 13
000240044 10
000240045 6
000240046 9
000240047 10
000240048 15
000240049 7
000240050 15
000240052 16
000240053 8
000240054 7
000240056 14
000240057 16
000240058 14
000240059 9
000240060 14
000240062 11
000240063 20
000240064 13
000240065 18
000240066 8
000240067 11
000240068 13
000240069 19
000240070 19
000240071 14
000240072 12
000240073 15
000240074 14
000240075 13
000240076 18
000240077 7
000240078 20
000240079 14
000240080 10
000240081 13
000240082 16
000240083 14
000240084 13
000240085 11
000240087 15
000240088 16
000240089 21
000240090 22
000240091 17
000240092 35
000240093 16
000240094 13
000240095 14
000240096 14
000240097 14
000240098 19
000240099 17
000240101 14
000240102 35
000240103 23
000240104 22
000240105 18
000240106 9
000240107 18
000240108 36
000240109 13
000240110 32
000240111 17
000240112 22
000240113 20
000240114 25
000240115 15
000240116 9
000240117 19
000240118 33
000240119 27
000240121 9
000240122 27
000240123 25
000240124 13
000240125 20
000240126 17
000240127 23
000240128 11
000240129 11
000240130 19
000240131 8
000240133 16
000240134 22
000240135 16
000240136 18
000240137 13
000240138 12
000240139 25
000240140 41
000240141 30
000240143 15
000240144 18
000240145 14
000240146 17
000240147 29
000240148 12
000240149 5
000240150 17
000240151 16
000240152 23
000240153 12
000240154 13
000240155 14
000240156 39
000240157 27
000240158 24
000240160 5
000240161 6
000240162 9
000240163 10
000240164 16
000240165 23
000240166 9
000240167 24
000240168 24
000240169 44
000240171 30
000240172 20
000240173 16
000240174 27
000240175 26
000240176 20
000240177 33
000240178 19
000240179 23
000240180 19
000240181 27
000240182 26
000240183 11
000240184 14
000240185 8
000240186 33
000240187 33
000240188 9
000240189 18
000240190 16
000240191 15
000240192 24
000240193 16
000240194 30
000240196 19
000240197 22
000240199 15
000240200 14
000240201 11
000240202 29
000240203 7
000240204 21
000240205 29
000240206 18
000240207 25
000240208 14
000240209 22
000240210 22
000240211 15
000240212 16
000240213 17
000240214 17
000240215 10
000240217 7
000240218 25
000240219 18
000240220 18
000240221 36
000240222 11
000240223 8
000240224 8
000240225 21
000240226 11
000240227 35
000240228 22
000240229 26
000240231 14
000240232 18
000240233 14
000240234 15
000240235 15
000240236 25
000240237 19
000240238 11
000240239 23
000240240 12
000240241 14
000240242 18
000240243 24
000240244 24
000240245 17
000240246 11
000240247 11
000240248 20
000240249 15
000240250 16
000240251 31
000240252 14
000240254 26
000240256 13
000240257 14
000240258 23
000240259 20
000240260 9
000240262 20
000240263 37
000240264 24
000240265 11
000240266 10
000240267 11
000240268 31
000240269 9
000240270 17
000240271 19
000240272 21
000240273 8
000240274 16
000240275 9
000240276 11
000240277 26
000240278 15
000240279 12
000240280 12
000240281 16
000240282 11
000240283 26
000240285 22
000240286 32
000240287 20
000240288 12
000240289 12
000240290 14
000240291 27
000240292 24
000240293 14
000240294 29
000240295 14
000240296 14
000240297 16
000240298 23
000240299 10
000240300 11
000240301 22
000240302 34
000240303 16
000240304 28
000240305 22
000240306 29
000240307 16
000240308 18
000240309 29
000240310 15
000240311 36
000240312 30
000240313 20
000240314 13
000240316 9
000240317 23
000240318 14
000240319 12
000240320 20
000240321 33
000240322 33
000240323 11
000240324 29
000240325 17
000240326 22
000240327 6
000240328 18
000240329 38
000240330 12
000240331 26
000240333 11
000240334 20
000240335 9
000240336 27
000240337 40
000240338 18
000240340 26
000240341 23
000240342 6
000240344 23
000240345 37
000240346 12
000240347 12
000240348 40
000240349 12
000240350 30
000240351 18
000240352 17
000240353 8
000240354 20
000240355 23
000240356 11
000240357 32
000240358 20
000240359 30
000240360 30
000240361 11
000240362 22
000240363 23
000240364 25
000240365 6
000240366 35
000240367 24
000240368 29
000240369 9
000240370 10
000240371 22
000240372 14
000240373 13
000240374 23
000240375 23
000240376 16
000240377 13
000240378 23
000240379 14
000240380 21
000240381 8
000240382 13
000240383 30
000240384 32
000240385 30
000240386 12
000240387 15
000240388 12
000240390 18
000240391 17
000240392 20
000240393 27
000240394 10
000240395 13
000240396 7
000240397 7
000240398 18
000240399 30
000240400 28
000241401 12
000241402 18
000241403 13
000241404 21
000241405 12
000241406 15
000241407 17
000241408 15
000241409 10
000241410 18
000241411 19
000241412 22
000241413 6
000241414 19
000241415 11
000241416 13
000241417 27
000241418 12
000241419 16
000241420 14
000241421 8
000241422 13
000241423 10
000241424 15
000241425 10
000241426 11
000241427 22
000241428 10
000241429 15
000241430 17
000241431 14
000241432 21
000241433 19
000241434 14
000241435 12
000241436 14
000241437 12
000241438 16
000241439 19
000241440 8
000241441 17
000241442 20
000241443 18
000241444 19
000241445 15
000241446 21
000241447 11
000241448 16
000241449 12
000241450 16
000241451 21
000241452 32
000241453 15
000241454 6
000241455 20
000241456 20
000241457 13
000241458 23
000241459 15
000241460 17
000241461 16
000241462 13
000241463 21
000241464 16
000241465 15
000241466 19
000241467 9
000241468 15
000241469 20
000241470 18
000241471 14
000241472 21
000241473 12
000241474 8
000241475 20
000241476 13
000241477 13
000241478 14
000241479 17
000241480 33
000241481 12
000241482 14
000241483 17
000241484 15
000241485 10
000241487 18
000241488 15
000241489 25
000241490 13
000241492 16
000241493 11
000241494 14
000241495 12
000241496 21
000241497 15
000241498 15
000241499 14
000241500 18
000241501 33
000241502 24
000241504 24
000241505 27
000241506 24
000241507 17
000241508 15
000241509 11
000241510 31
000241511 26
000241512 26
000241513 16
000241514 20
000241515 23
000241516 28
000241517 12
000241518 18
000241519 10
000241520 41
000241521 34
000241522 24
000241524 34
000241525 9
000241526 20
000241527 21
000241528 17
000241529 14
000241530 19
000241531 28
000241532 32
000241533 17
000241534 32
000241535 17
000241536 34
000241537 17
000241538 19
000241539 35
000241540 10
000241542 16
000241543 35
000241544 7
000241545 23
000241546 21
000241547 24
000241548 7
000241549 23
000241550 25
000241551 45
000241552 6
000241553 25
000241554 35
000241555 21
000241556 27
000241557 17
000241558 22
000241559 34
000241560 23
000241561 9
000241562 15
000241563 19
000241564 16
000241565 14
000241566 44
000241567 45
000241568 29
000241569 33
000241570 21
000241571 24
000241572 19
000241573 26
000241574 8
000241575 20
000241576 22
000241577 28
000241578 22
000241579 34
000241580 10
000241581 44
000241582 34
000241583 14
000241585 4
000241586 18
000241587 21
000241588 23
000241589 24
000241590 12
000241592 21
000241593 13
000241594 17
000241596 34
000241597 19
000241598 37
000241599 15
000241600 13
000241601 27
000241602 7
000241603 33
000241604 21
000241605 27
000241606 28
000241607 24
000241608 12
000241609 6
000241610 24
000241611 22
000241613 24
000241614 18
000241615 29
000241616 23
000241617 12
000241619 16
000241620 11
000241621 24
000241622 29
000241623 10
000241624 33
000241625 16
000241626 39
000241627 21
000241628 15
000241629 11
000241630 33
000241631 14
000241632 27
000241633 15
000241634 16
000241635 36
000241636 19
000241637 28
000241638 14
000241639 23
000241640 7
000241641 23
000241642 7
000241644 14
000241645 13
000241646 23
000241647 20
000241648 16
000241649 11
000241650 25
000241651 4
000241652 11
000241653 31
000241654 33
000241655 29
000241656 12
000241657 7
000241658 27
000241659 9
000241660 12
000241661 26
000241662 20
000241663 13
000241664 17
000241665 12
000241666 7
000241667 13
000241668 37
000241669 7
000241670 7
000241671 17
000241672 23
000241673 26
000241674 16
000241675 9
000241676 8
000241677 10
000241678 20
000241679 21
000241680 26
000241681 11
000241682 7
000241683 30
000241684 25
000241685 24
000241686 27
000241687 16
000241688 20
000241689 15
000241690 32
000241691 22
000241692 21
000241693 12
000241694 29
000241696 37
000241697 13
000241698 22
000241700 25
000241701 25
000241702 27
000241703 25
000241704 24
000241705 11
000241707 23
000241708 14
000241709 24
000241710 25
000241711 24
000241712 31
000241713 21
000241714 19
000241715 8
000241716 12
000241717 31
000241718 8
000241720 13
000241721 7
000241722 29
000241723 14
000241724 21
000241725 31
000241726 33
000241727 23
000241728 19
000241729 27
000241730 16
000241731 27
000241732 5
000241733 12
000241734 14
000241735 17
000241736 16
000241737 30
000241738 9
000241739 28
000241740 35
000241741 18
000241742 27
000241743 19
000241744 25
000241745 31
000241746 22
000241747 15
000241748 33
000241749 25
000241750 24
000241751 9
000241752 26
000241753 6
000241754 18
000241755 8
000241756 26
000241757 29
000241758 26
000241759 20
000241760 33
000241761 12
000241762 28
000241763 14
000241764 22
000241765 19
000241766 14
000241767 32
000241768 17
000241769 21
000241770 22
000241771 24
000241772 9
000241773 23
000241774 16
000241775 16
000241776 30
000241777 10
000241778 16
000241779 38
000241780 33
000241781 30
000241782 26
000241783 16
000241784 12
000241785 10
000241786 20
000241787 20
000241788 22
000241789 21
000241790 16
000241791 30
000241792 26
000241793 19
000241794 15
000241795 13
000241796 19
000241797 26
000241798 17
000241799 18
000241800 6
000250001 10
000250002 41
000250003 16
000250004 33
000250005 35
000250006 21
000250007 30
000250008 21
000250009 14
000250010 27
000250011 20
000250012 34
000250013 20
000250014 37
000250015 27
000250016 46
000250017 18
000250018 26
000250019 42
000250020 23
000250023 14
000250024 12
000250025 20
000250026 8
000250027 12
000250028 8
000250029 11
000250030 14
000250031 15
000250032 19
000250033 19
000250034 20
000250036 8
000250037 17
000250038 10
000250039 11
000250040 14
000250042 4
000250043 14
000250044 10
000250045 6
000250046 9
000250047 10
000250048 15
000250049 7
000250050 14
000250052 17
000250053 8
000250054 7
000250055 12
000250056 13
000250057 16
000250058 14
000250060 14
000250061 17
000250062 11
000250063 20
000250064 13
000250065 18
000250066 8
000250067 11
000250068 13
000250069 20
000250070 19
000250071 14
000250072 12
000250073 15
000250074 14
000250075 13
000250076 18
000250077 7
000250078 20
000250079 14
000250080 10
000250081 13
000250082 16
000250083 14
000250084 13
000250085 11
000250086 14
000250087 15
000250088 15
000250089 21
000250090 24
000250091 15
000250092 35
000250093 18
000250094 13
000250095 14
000250096 14
000250098 19
000250099 17
000250100 17
000250101 13
000250102 11
000250103 6
000250104 12
000250105 18
000250106 14
000250107 11
000250108 30
000250109 17
000250110 6
000250111 19
000250112 18
000250113 34
000250114 19
000250115 8
000250116 32
000250117 26
000250118 15
000250119 21
000250120 22
000250121 13
000250122 21
000250123 19
000250124 14
000250125 32
000250126 29
000250127 20
000250128 12
000250129 9
000250130 15
000250131 13
000250132 12
000250133 32
000250134 30
000250135 29
000250136 18
000250137 9
000250138 26
000250139 36
000250140 33
000250141 38
000250142 32
000250143 15
000250145 15
000250146 24
000250147 37
000250148 17
000250149 5
000250150 14
000250151 10
000250152 16
000250154 30
000250155 28
000250156 30
000250157 24
000250158 20
000250159 9
000250160 28
000250161 20
000250162 27
000250163 14
000250164 12
000250165 15
000250166 6
000250167 15
000250168 14
000250169 19
000250170 26
000250171 13
000250172 11
000250173 17
000250174 28
000250175 35
000250176 18
000250177 27
000250178 11
000250179 8
000250180 20
000250181 19
000250182 6
000250183 11
000250184 7
000250185 25
000250186 28
000250187 33
000250188 14
000250189 24
000250190 14
000250191 21
000250192 14
000250193 7
000250194 23
000250195 20
000250196 25
000250197 27
000250198 26
000250199 13
000250200 12
000250201 22
000250202 18
000250203 19
000250204 7
000250205 37
000250206 26
000250207 6
000250208 7
000250209 26
000250210 22
000250211 19
000250212 22
000250213 22
000250214 6
000250215 35
000250216 20
000250217 30
000250218 20
000250219 31
000250220 15
000250221 22
000250222 15
000250223 24
000250224 5
000250225 11
000250226 33
000250227 21
000250229 7
000250230 12
000250231 10
000250232 29
000250233 11
000250236 24
000250237 19
000250238 33
000250239 18
000250240 15
000250241 23
000250242 22
000250244 10
000250245 24
000250246 15
000250247 9
000250248 28
000250249 17
000250250 10
000250252 25
000250253 32
000250254 27
000250255 21
000250256 28
000250259 7
000250260 21
000250261 13
000250262 30
000250263 23
000250264 14
000250265 18
000250266 27
000250267 9
000250268 20
000250269 10
000250270 13
000250271 31
000250272 36
000250273 28
000250274 14
000250275 10
000250276 25
000250277 17
000250278 29
000250279 19
000250280 22
000250281 15
000250282 36
000250283 12
000250284 8
000250285 21
000250286 8
000250287 22
000250288 19
000250290 22
000250291 20
000250292 30
000250293 16
000250294 24
000250295 17
000250296 9
000250297 7
000250298 21
000250299 24
000250300 8
000250301 27
000250303 21
000250304 21
000250305 16
000250306 25
000250307 20
000250310 34
000250311 20
000250312 28
000250313 19
000250314 17
000250315 20
000250316 21
000250317 25
000250318 10
000250319 18
000250320 13
000250321 23
000250322 35
000250323 25
000250324 13
000250325 15
000250326 21
000250327 22
000250328 17
000250329 18
000250330 14
000250331 17
000250333 30
000250334 27
000250335 10
000250336 12
000250337 25
000250338 23
000250340 29
000250343 25
000250344 23
000250345 23
000250346 31
000250347 14
000250348 7
000250349 18
000250350 29
000250351 22
000250352 13
000250353 13
000250354 40
000250355 14
000250356 25
000250357 39
000250358 14
000250359 11
000250360 8
000250361 20
000250362 33
000250363 13
000250364 19
000250365 17
000250366 15
000250367 7
000250368 28
000250369 31
000250370 17
000250371 21
000250372 12
000250373 22
000250374 23
000250376 16
000250377 21
000250378 12
000250379 8
000250380 25
000250381 14
000250382 19
000250384 31
000250385 7
000250386 25
000250387 20
000250388 16
000250389 12
000250391 10
000250392 5
000250393 8
000250394 10
000250395 12
000250396 12
000250397 18
000250398 31
000250399 25
000250400 27
000251401 12
000251402 18
000251403 13
000251405 13
000251406 14
000251407 17
000251408 16
000251409 10
000251411 19
000251412 21
000251413 6
000251414 19
000251415 9
000251416 13
000251418 12
000251422 13
000251423 10
000251424 14
000251425 10
000251427 21
000251428 10
000251429 15
000251430 17
000251432 20
000251433 19
000251434 14
000251435 10
000251436 12
000251438 16
000251439 19
000251440 8
000251441 17
000251443 18
000251444 19
000251445 15
000251447 11
000251448 16
000251449 12
000251450 15
000251451 21
000251453 15
000251454 6
000251456 20
000251458 22
000251459 15
000251460 15
000251463 19
000251464 16
000251465 13
000251466 19
000251467 8
000251468 15
000251470 18
000251471 14
000251474 8
000251475 20
000251476 13
000251478 14
000251479 17
000251480 33
000251481 12
000251482 14
000251483 23
000251484 15
000251485 10
000251487 18
000251488 14
000251489 24
000251490 12
000251494 13
000251495 12
000251496 21
000251497 15
000251498 15
000251499 14
000251500 18
000251501 14
000251502 28
000251503 5
000251504 21
000251506 20
000251507 15
000251509 6
000251510 19
000251511 10
000251512 13
000251513 16
000251514 14
000251515 32
000251517 21
000251518 20
000251519 19
000251520 24
000251521 23
000251522 24
000251523 18
000251524 12
000251525 13
000251526 19
000251527 21
000251529 15
000251530 22
000251531 23
000251532 10
000251533 18
000251534 27
000251535 16
000251536 22
000251539 7
000251540 24
000251541 12
000251542 17
000251544 25
000251548 9
000251549 15
000251550 23
000251551 23
000251552 20
000251553 20
000251554 32
000251556 25
000251557 20
000251558 18
000251559 13
000251560 20
000251561 25
000251562 23
000251563 17
000251564 20
000251565 20
000251566 13
000251568 11
000251569 18
000251570 19
000251571 20
000251572 39
000251573 16
000251574 18
000251576 19
000251577 28
000251578 19
000251579 13
000251580 16
000251581 13
000251582 10
000251583 31
000251584 18
000251585 21
000251586 16
000251587 12
000251588 10
000251589 13
000251590 22
000251591 27
000251593 5
000251594 16
000251595 12
000251596 30
000251597 14
000251598 35
000251599 28
000251600 19
000251601 16
000251602 11
000251603 9
000251604 26
000251606 18
000251607 14
000251608 25
000251609 24
000251610 33
000251611 32
000251612 20
000251613 33
000251614 13
000251615 13
000251617 19
000251618 32
000251620 10
000251622 25
000251623 13
000251624 11
000251625 13
000251626 8
000251627 13
000251628 15
000251629 10
000251630 7
000251631 15
000251632 18
000251633 19
000251635 26
000251636 25
000251637 24
000251639 25
000251640 7
000251642 21
000251643 17
000251644 13
000251645 26
000251647 17
000251648 15
000251649 18
000251650 25
000251651 15
000251653 26
000251654 21
000251655 18
000251656 20
000251657 21
000251658 18
000251659 8
000251660 21
000251661 14
000251665 49
000251666 15
000251667 8
000251668 14
000251669 5
000251671 25
000251672 7
000251673 38
000251674 19
000251675 13
000251676 35
000251677 16
000251678 18
000251679 25
000251681 23
000251682 12
000251683 15
000251684 25
000251687 20
000251688 13
000251689 33
000251690 16
000251691 14
000251692 24
000251693 16
000251694 19
000251695 6
000251696 13
000251697 18
000251698 20
000251699 18
000251702 21
000251705 8
000251706 31
000251708 14
000251709 32
000251710 21
000251711 19
000251712 24
000251713 11
000251716 25
000251717 20
000251718 16
000251720 17
000251722 19
000251723 8
000251724 25
000251725 21
000251726 28
000251727 29
000251728 13
000251729 33
000251730 34
000251731 16
000251732 27
000251734 28
000251735 11
000251736 9
000251737 19
000251738 25
000251739 5
000251742 7
000251744 14
000251745 17
000251747 30
000251749 34
000251750 25
000251751 10
000251752 18
000251754 12
000251755 25
000251756 24
000251757 28
000251758 12
000251759 17
000251760 33
000251761 12
000251762 14
000251763 25
000251764 37
000251765 17
000251766 26
000251767 16
000251769 18
000251770 30
000251771 20
000251772 19
000251773 19
000251774 11
000251775 42
000251776 24
000251777 34
000251778 32
000251781 30
000251782 19
000251783 9
000251784 16
000251785 21
000251786 22
000251787 26
000251788 27
000251789 29
000251790 19
000251791 8
000251792 11
000251793 36
000251794 36
000251796 33
000251798 18
000251799 30
000251800 30
000260001 10
000260002 41
000260003 16
000260004 33
000260005 35
000260006 21
000260007 30
000260008 24
000260009 14
000260010 27
000260012 34
000260013 20
000260014 37
000260015 27
000260016 47
000260017 18
000260018 25
000260019 42
000260020 23
000260021 7
000260024 12
000260025 20
000260026 8
000260027 12
000260028 8
000260029 11
000260030 14
000260031 15
000260032 19
000260033 20
000260034 20
000260036 8
000260037 17
000260038 10
000260039 11
000260040 14
000260041 4
000260042 4
000260043 14
000260044 10
000260045 6
000260046 9
000260047 10
000260048 15
000260049 7
000260050 14
000260052 17
000260053 8
000260056 13
000260057 16
000260058 14
000260059 9
000260060 14
000260061 17
000260062 11
000260063 20
000260064 13
000260065 18
000260067 11
000260068 13
000260069 20
000260070 20
000260071 14
000260072 12
000260073 15
000260074 14
000260075 13
000260077 7
000260078 20
000260079 14
000260080 10
000260081 13
000260082 17
000260083 14
000260084 13
000260085 11
000260086 14
000260087 15
000260088 15
000260089 21
000260090 22
000260092 35
000260093 16
000260094 13
000260095 14
000260096 14
000260097 13
000260098 19
000260100 17
000260102 15
000260103 12
000260104 11
000260105 17
000260106 28
000260107 20
000260108 21
000260109 37
000260110 23
000260111 18
000260112 12
000260113 26
000260114 21
000260116 17
000260117 27
000260118 23
000260119 15
000260120 37
000260121 10
000260123 14
000260124 20
000260125 21
000260126 18
000260127 23
000260128 8
000260129 13
000260130 8
000260131 19
000260133 15
000260134 25
000260135 29
000260136 21
000260138 22
000260139 10
000260140 16
000260141 27
000260142 7
000260144 26
000260145 18
000260147 13
000260148 11
000260149 34
000260150 15
000260151 36
000260152 15
000260153 23
000260154 23
000260155 28
000260157 7
000260158 22
000260159 20
000260160 18
000260161 28
000260162 29
000260163 15
000260164 13
000260165 9
000260166 11
000260168 15
000260170 8
000260171 23
000260175 18
000260176 21
000260177 28
000260179 18
000260180 20
000260183 22
000260184 19
000260185 38
000260186 22
000260187 18
000260189 26
000260191 6
000260192 12
000260193 14
000260194 16
000260195 13
000260196 17
000260197 13
000260198 10
000260199 25
000260200 8
000260201 10
000260202 22
000260203 11
000260204 21
000260205 17
000260207 17
000260208 5
000260209 20
000260210 13
000260211 17
000260212 30
000260213 22
000260214 25
000260215 30
000260216 8
000260217 21
000260218 20
000260219 33
000260220 15
000260221 26
000260222 23
000260223 21
000260225 13
000260226 27
000260227 6
000260229 32
000260233 11
000260234 17
000260235 27
000260238 33
000260239 22
000260240 11
000260241 14
000260243 14
000260244 20
000260245 26
000260246 24
000260248 27
000260250 13
000260251 7
000260252 16
000260253 17
000260254 5
000260256 7
000260257 16
000260258 16
000260259 14
000260261 14
000260262 11
000260263 25
000260264 19
000260265 26
000260266 23
000260267 13
000260268 16
000260269 17
000260270 20
000260273 18
000260274 9
000260275 17
000260276 9
000260278 30
000260280 18
000260281 26
000260282 26
000260284 11
000260285 31
000260286 31
000260288 8
000260290 30
000260291 29
000260292 21
000260293 12
000260294 12
000260295 18
000260296 20
000260297 18
000260298 21
000260299 6
000260300 36
000260301 17
000260302 20
000260303 18
000260305 11
000260306 13
000260307 18
000260309 9
000260311 27
000260313 8
000260314 16
000260315 21
000260316 20
000260317 21
000260318 16
000260319 27
000260320 29
000260321 23
000260323 17
000260324 13
000260325 37
000260326 20
000260327 18
000260331 15
000260333 23
000260334 15
000260336 16
000260337 18
000260338 18
000260340 20
000260341 5
000260343 10
000260344 31
000260345 14
000260346 20
000260347 20
000260348 23
000260349 31
000260350 31
000260352 22
000260353 22
000260354 24
000260355 10
000260356 10
000260357 11
000260358 30
000260361 35
000260363 42
000260364 13
000260365 27
000260366 22
000260368 26
000260369 25
000260370 10
000260373 13
000260374 15
000260375 14
000260376 20
000260377 21
000260378 28
000260379 16
000260380 33
000260381 11
000260382 17
000260383 16
000260384 26
000260386 15
000260387 29
000260388 17
000260389 11
000260390 21
000260392 11
000260393 16
000260394 19
000260395 15
000260396 8
000260397 30
000260398 11
000260399 17
000260400 23
000261401 12
000261402 18
000261403 13
000261404 21
000261405 13
000261406 15
000261407 17
000261408 16
000261409 10
000261411 19
000261412 21
000261413 6
000261414 19
000261415 11
000261416 13
000261418 12
000261419 16
000261422 13
000261423 10
000261424 15
000261425 10
000261428 10
000261429 15
000261430 17
000261432 20
000261433 20
000261434 14
000261435 10
000261438 16
000261439 19
000261440 8
000261441 17
000261443 18
000261444 19
000261445 15
000261447 11
000261448 16
000261449 12
000261451 21
000261453 15
000261454 6
000261457 13
000261458 23
000261460 15
000261463 20
000261464 17
000261465 13
000261466 19
000261467 9
000261468 15
000261470 18
000261471 14
000261474 8
000261475 20
000261476 13
000261478 14
000261479 17
000261480 33
000261482 14
000261483 17
000261485 10
000261487 18
000261488 15
000261489 25
000261491 15
000261494 13
000261495 12
000261496 21
000261497 15
000261498 15
000261499 14
000261500 18
000261502 17
000261504 18
000261505 14
000261507 26
000261509 15
000261510 11
000261511 18
000261512 16
000261513 32
000261514 7
000261518 19
000261520 14
000261521 21
000261522 21
000261523 15
000261525 15
000261526 21
000261527 21
000261528 11
000261529 22
000261530 12
000261533 37
000261535 27
000261537 10
000261538 18
000261539 19
000261540 31
000261543 16
000261544 14
000261545 34
000261546 16
000261547 5
000261548 17
000261549 40
000261550 10
000261551 10
000261552 23
000261553 21
000261554 19
000261555 7
000261557 26
000261559 19
000261560 11
000261561 15
000261562 10
000261563 20
000261565 22
000261566 14
000261567 20
000261568 22
000261570 11
000261571 8
000261572 22
000261573 34
000261575 5
000261576 14
000261577 16
000261579 33
000261580 20
000261582 26
000261584 15
000261586 24
000261587 26
000261589 35
000261591 20
000261592 13
000261593 9
000261594 8
000261595 15
000261596 21
000261598 28
000261599 20
000261600 17
000261601 16
000261603 25
000261604 20
000261605 24
000261606 19
000261607 18
000261608 23
000261609 18
000261610 20
000261611 14
000261612 17
000261613 28
000261614 34
000261615 17
000261616 9
000261620 18
000261621 14
000261622 24
000261624 10
000261625 13
000261626 25
000261627 8
000261630 32
000261631 20
000261632 8
000261633 11
000261634 32
000261635 17
000261636 20
000261637 10
000261638 6
000261639 23
000261641 22
000261642 18
000261643 17
000261645 36
000261646 22
000261647 31
000261648 9
000261649 19
000261650 19
000261651 16
000261652 27
000261656 35
000261657 9
000261658 8
000261659 16
000261662 26
000261663 21
000261665 17
000261666 58
000261667 28
000261670 18
000261671 16
000261673 22
000261674 18
000261675 25
000261676 33
000261677 26
000261678 20
000261684 15
000261685 41
000261686 49
000261687 23
000261690 7
000261691 10
000261692 14
000261693 23
000261694 10
000261695 20
000261696 11
000261697 18
000261698 9
000261699 47
000261700 11
000261702 25
000261703 31
000261704 10
000261705 38
000261706 19
000261707 19
000261710 21
000261711 10
000261712 9
000261714 11
000261717 18
000261718 35
000261719 17
000261720 13
000261721 29
000261722 19
000261724 19
000261726 16
000261727 13
000261729 6
000261731 24
000261732 25
000261733 25
000261735 22
000261737 20
000261738 17
000261740 17
000261741 33
000261742 26
000261744 14
000261745 11
000261746 16
000261747 16
000261748 20
000261749 17
000261751 19
000261752 7
000261753 23
000261754 25
000261756 31
000261757 7
000261758 19
000261759 18
000261761 13
000261762 12
000261764 34
000261765 9
000261768 15
000261770 31
000261771 35
000261773 20
000261774 21
000261776 5
000261777 28
000261778 25
000261779 26
000261780 25
000261781 29
000261782 29
000261783 24
000261784 14
000261785 9
000261786 20
000261787 9
000261789 18
000261790 16
000261791 23
000261794 26
000261795 24
000261797 19
000261798 18
000270001 10
000270002 41
000270003 16
000270004 33
000270005 35
000270006 21
000270008 24
000270009 14
000270010 27
000270012 34
000270013 20
000270014 37
000270015 27
000270016 46
000270017 18
000270019 42
000270020 23
000270021 7
000270022 11
000270024 12
000270025 20
000270026 8
000270027 12
000270028 8
000270029 11
000270030 14
000270031 15
000270032 19
000270033 20
000270034 20
000270035 7
000270036 8
000270037 17
000270038 10
000270039 11
000270040 14
000270041 4
000270043 14
000270044 10
000270045 6
000270047 10
000270048 15
000270049 7
000270050 14
000270052 17
000270053 8
000270054 7
000270055 12
000270057 16
000270058 14
000270059 9
000270060 14
000270062 11
000270063 20
000270064 13
000270065 18
000270067 11
000270068 13
000270070 19
000270071 14
000270072 12
000270073 15
000270074 14
000270075 13
000270076 18
000270077 7
000270078 20
000270079 14
000270081 13
000270082 17
000270083 14
000270085 11
000270086 14
000270087 15
000270088 15
000270089 21
000270090 22
000270091 15
000270092 35
000270093 16
000270094 13
000270095 14
000270100 17
000270101 39
000270103 27
000270104 12
000270105 39
000270108 24
000270109 8
000270110 15
000270111 19
000270113 20
000270115 23
000270116 21
000270118 23
000270119 26
000270120 24
000270121 12
000270122 19
000270124 33
000270125 10
000270126 25
000270128 13
000270130 15
000270131 25
000270132 18
000270135 27
000270136 17
000270139 16
000270140 16
000270141 25
000270142 17
000270143 29
000270144 21
000270146 11
000270148 21
000270149 25
000270150 10
000270151 48
000270152 18
000270153 20
000270154 23
000270155 30
000270156 9
000270157 20
000270159 17
000270160 24
000270161 25
000270162 23
000270163 15
000270165 18
000270166 13
000270167 15
000270168 23
000270170 22
000270171 18
000270172 16
000270173 7
000270174 13
000270175 15
000270176 20
000270177 24
000270178 17
000270179 30
000270180 32
000270183 32
000270184 28
000270185 14
000270186 17
000270187 20
000270188 20
000270189 23
000270190 7
000270191 26
000270193 14
000270194 17
000270196 22
000270197 26
000270198 17
000270199 9
000270200 24
000270201 17
000270203 36
000270204 19
000270205 22
000270206 7
000270207 20
000270208 15
000270210 45
000270211 18
000270212 22
000270213 8
000270214 10
000270215 27
000270216 17
000270217 9
000270218 8
000270219 25
000270221 14
000270222 11
000270223 8
000270224 14
000270226 25
000270227 27
000270230 8
000270231 14
000270234 36
000270235 9
000270236 29
000270237 17
000270238 24
000270239 22
000270240 22
000270241 17
000270243 24
000270244 32
000270245 27
000270246 18
000270247 13
000270248 17
000270250 24
000270252 15
000270253 13
000270254 22
000270255 25
000270257 17
000270258 12
000270259 11
000270260 10
000270262 31
000270266 33
000270267 7
000270268 20
000270269 22
000270270 24
000270271 53
000270273 35
000270274 20
000270276 14
000270277 16
000270278 12
000270279 22
000270280 28
000270281 33
000270282 15
000270283 33
000270284 34
000270285 13
000270286 14
000270287 18
000270289 8
000270291 25
000270292 10
000270293 38
000270294 13
000270297 23
000270299 22
000270300 5
000270301 26
000270302 7
000270303 29
000270304 12
000270305 17
000270306 16
000270307 39
000270308 27
000270310 24
000270311 18
000270315 9
000270316 24
000270317 16
000270318 14
000270320 26
000270322 8
000270323 26
000270325 10
000270326 10
000270327 16
000270328 18
000270329 35
000270330 14
000270331 32
000270332 7
000270333 17
000270334 11
000270335 21
000270336 23
000270337 18
000270339 32
000270340 27
000270341 25
000270342 21
000270343 11
000270344 11
000270345 13
000270346 11
000270347 27
000270348 16
000270349 20
000270350 23
000270351 22
000270352 15
000270353 16
000270354 37
000270355 10
000270356 30
000270357 32
000270358 27
000270359 14
000270361 11
000270362 20
000270363 21
000270364 45
000270365 8
000270366 24
000270368 19
000270369 12
000270371 15
000270372 18
000270373 16
000270375 27
000270376 24
000270377 32
000270379 12
000270380 11
000270381 30
000270382 9
000270383 30
000270384 19
000270387 23
000270388 17
000270389 8
000270390 25
000270391 11
000270392 16
000270393 28
000270395 33
000270396 10
000270397 8
000270398 30
000270399 9
000270400 22
000271401 12
000271402 18
000271403 13
000271405 13
000271406 15
000271407 17
000271408 16
000271411 19
000271412 21
000271414 19
000271415 11
000271416 13
000271417 27
000271418 12
000271420 14
000271421 8
000271422 13
000271424 15
000271425 10
000271427 22
000271428 10
000271429 15
000271430 17
000271431 14
000271432 20
000271433 19
000271434 14
000271435 10
000271436 12
000271438 16
000271439 19
000271440 8
000271441 17
000271443 17
000271444 19
000271445 15
000271446 21
000271447 11
000271448 16
000271449 12
000271450 16
000271451 21
000271452 25
000271453 15
000271456 20
000271457 13
000271458 23
000271459 15
000271460 15
000271461 16
000271463 21
000271464 16
000271465 13
000271466 19
000271467 9
000271470 18
000271472 20
000271473 12
000271474 8
000271475 20
000271476 13
000271478 14
000271479 17
000271480 33
000271481 12
000271482 14
000271483 17
000271485 10
000271486 8
000271487 18
000271488 15
000271489 25
000271491 15
000271495 12
000271497 15
000271498 15
000271499 14
000271500 18
000271501 21
000271503 23
000271504 16
000271505 25
000271507 29
000271508 19
000271509 32
000271510 23
000271511 29
000271512 13
000271513 40
000271514 15
000271515 22
000271516 24
000271517 27
000271518 22
000271519 11
000271520 34
000271521 17
000271522 14
000271523 35
000271524 25
000271525 5
000271526 23
000271527 13
000271528 16
000271529 17
000271530 10
000271531 33
000271532 17
000271533 14
000271534 11
000271535 33
000271536 22
000271537 12
000271538 8
000271539 28
000271540 20
000271541 34
000271542 24
000271543 10
000271544 48
000271545 6
000271546 27
000271547 25
000271548 8
000271552 17
000271553 26
000271554 7
000271555 13
000271556 29
000271557 22
000271558 13
000271559 18
000271560 32
000271561 8
000271562 10
000271563 9
000271564 13
000271565 15
000271566 21
000271567 13
000271568 15
000271569 28
000271570 20
000271572 35
000271574 23
000271575 15
000271577 23
000271578 17
000271579 21
000271580 22
000271583 16
000271584 20
000271585 22
000271586 21
000271588 18
000271589 24
000271591 27
000271592 29
000271593 29
000271594 16
000271595 23
000271596 34
000271597 7
000271598 23
000271599 31
000271601 19
000271602 8
000271603 14
000271604 23
000271605 15
000271606 21
000271607 11
000271608 11
000271609 24
000271610 22
000271613 12
000271614 31
000271615 23
000271616 12
000271617 16
000271618 20
000271619 15
000271620 18
000271621 13
000271622 13
000271625 29
000271626 20
000271627 21
000271628 16
000271629 15
000271630 11
000271631 22
000271633 12
000271634 18
000271635 15
000271636 11
000271637 27
000271638 18
000271639 18
000271640 23
000271641 28
000271642 17
000271643 15
000271645 29
000271646 36
000271647 16
000271648 29
000271649 24
000271651 32
000271652 10
000271654 23
000271655 11
000271657 15
000271658 22
000271659 23
000271660 17
000271661 24
000271662 14
000271663 16
000271664 9
000271665 9
000271666 12
000271667 18
000271668 17
000271669 15
000271670 22
000271671 18
000271672 20
000271674 26
000271677 22
000271678 17
000271679 8
000271680 13
000271682 22
000271684 14
000271687 11
000271688 20
000271689 10
000271690 15
000271692 25
000271693 19
000271694 15
000271695 25
000271696 28
000271697 22
000271698 23
000271699 23
000271700 6
000271701 27
000271702 28
000271703 32
000271704 32
000271705 9
000271706 16
000271707 7
000271709 38
000271710 35
000271711 6
000271712 19
000271714 8
000271717 9
000271718 26
000271719 24
000271720 18
000271722 27
000271723 26
000271724 25
000271725 28
000271726 16
000271727 18
000271729 35
000271731 25
000271732 8
000271733 12
000271734 33
000271735 20
000271736 17
000271737 30
000271738 14
000271739 10
000271740 10
000271741 17
000271742 19
000271743 32
000271745 20
000271746 10
000271747 28
000271748 19
000271749 16
000271750 25
000271751 10
000271752 16
000271753 10
000271754 20
000271755 14
000271756 17
000271757 30
000271758 6
000271759 15
000271760 16
000271761 19
000271762 29
000271763 22
000271764 23
000271765 20
000271766 8
000271767 35
000271768 19
000271769 18
000271770 23
000271771 13
000271772 20
000271773 23
000271774 15
000271775 15
000271776 15
000271777 7
000271778 25
000271780 16
000271781 15
000271782 23
000271783 28
000271784 16
000271785 29
000271786 42
000271787 34
000271788 12
000271789 16
000271790 27
000271791 23
000271792 39
000271793 15
000271794 10
000271796 21
000271799 20
000280001 10
000280002 41
000280003 17
000280004 33
000280005 35
000280006 20
000280007 30
000280008 24
000280009 14
000280010 27
000280011 20
000280012 34
000280013 18
000280014 35
000280015 27
000280016 46
000280017 18
000280018 25
000280019 42
000280020 22
000280021 7
000280022 11
000280023 14
000280024 12
000280025 20
000280027 12
000280028 8
000280029 12
000280030 15
000280031 14
000280032 18
000280033 21
000280034 22
000280035 8
000280036 9
000280037 15
000280038 10
000280039 11
000280040 13
000280041 4
000280042 4
000280043 14
000280044 9
000280045 6
000280047 10
000280048 15
000280049 7
000280050 14
000280052 16
000280053 8
000280054 7
000280055 12
000280056 12
000280057 16
000280058 13
000280059 9
000280060 14
000280061 17
000280064 13
000280065 18
000280066 8
000280067 11
000280068 14
000280069 19
000280070 19
000280071 15
000280072 12
000280073 19
000280074 14
000280075 13
000280076 17
000280077 7
000280078 20
000280079 14
000280080 8
000280081 13
000280082 18
000280083 14
000280084 13
000280085 11
000280086 14
000280087 15
000280088 15
000280089 21
000280090 22
000280092 35
000280093 16
000280094 13
000280095 14
000280096 14
000280097 13
000280098 18
000280099 17
000280101 24
000280102 20
000280103 22
000280104 39
000280105 16
000280106 33
000280107 21
000280108 21
000280109 26
000280110 9
000280111 22
000280112 20
000280113 14
000280114 31
000280115 9
000280116 16
000280117 7
000280118 12
000280120 28
000280121 16
000280122 26
000280123 14
000280124 24
000280125 36
000280126 28
000280127 19
000280128 24
000280129 27
000280130 10
000280131 13
000280132 24
000280133 12
000280134 10
000280135 23
000280136 44
000280137 34
000280138 18
000280139 20
000280140 23
000280141 29
000280142 15
000280143 26
000280144 18
000280145 25
000280146 29
000280147 11
000280148 6
000280149 6
000280150 12
000280151 7
000280152 25
000280153 14
000280154 9
000280155 22
000280156 21
000280157 26
000280158 24
000280159 11
000280160 24
000280161 21
000280162 15
000280163 29
000280164 20
000280165 8
000280166 20
000280167 24
000280168 17
000280169 18
000280170 39
000280171 19
000280173 30
000280174 13
000280175 24
000280176 24
000280177 16
000280178 13
000280180 12
000280181 20
000280182 13
000280183 18
000280184 14
000280185 22
000280186 10
000280187 12
000280189 24
000280190 26
000280191 6
000280192 6
000280193 26
000280194 13
000280195 23
000280196 5
000280197 14
000280198 26
000280199 25
000280200 26
000280201 18
000280202 15
000280203 8
000280204 13
000280205 33
000280206 22
000280207 20
000280208 25
000280209 17
000280210 32
000280211 30
000280212 18
000280213 29
000280214 13
000280215 23
000280217 24
000280218 17
000280219 38
000280220 26
000280221 22
000280222 38
000280223 18
000280224 23
000280225 29
000280226 34
000280227 23
000280228 22
000280229 22
000280230 22
000280231 25
000280232 27
000280233 7
000280234 27
000280235 13
000280236 20
000280237 9
000280239 23
000280241 35
000280242 5
000280243 28
000280244 10
000280245 12
000280246 24
000280247 18
000280248 23
000280249 18
000280250 8
000280251 34
000280252 25
000280253 21
000280254 25
000280255 26
000280256 11
000280257 21
000280258 11
000280259 23
000280260 16
000280261 16
000280262 9
000280263 31
000280264 17
000280266 21
000280267 17
000280268 7
000280269 13
000280270 16
000280271 25
000280272 7
000280273 27
000280274 9
000280275 15
000280276 13
000280277 23
000280278 32
000280279 24
000280280 29
000280281 33
000280282 19
000280283 6
000280284 29
000280285 8
000280286 33
000280287 10
000280288 8
000280289 19
000280291 20
000280293 9
000280294 36
000280295 25
000280296 7
000280297 34
000280298 34
000280299 17
000280300 21
000280301 32
000280302 7
000280304 17
000280305 23
000280306 31
000280307 13
000280308 20
000280309 15
000280310 28
000280311 28
000280312 14
000280313 8
000280314 18
000280315 19
000280316 7
000280317 39
000280318 18
000280319 11
000280320 18
000280322 29
000280323 27
000280324 14
000280325 25
000280326 33
000280327 33
000280328 21
000280329 28
000280331 17
000280332 17
000280333 13
000280334 39
000280335 17
000280336 9
000280337 8
000280338 33
000280339 22
000280340 17
000280341 22
000280342 19
000280343 22
000280344 22
000280345 22
000280346 30
000280348 15
000280349 8
000280350 24
000280351 17
000280352 41
000280353 28
000280354 19
000280355 42
000280356 15
000280357 26
000280358 19
000280359 12
000280360 24
000280361 21
000280362 23
000280363 9
000280364 19
000280365 30
000280366 19
000280367 14
000280368 14
000280369 21
000280370 19
000280371 29
000280372 21
000280373 33
000280374 10
000280375 7
000280376 27
000280377 17
000280378 31
000280379 15
000280380 32
000280381 24
000280382 11
000280384 23
000280385 19
000280386 23
000280387 19
000280388 15
000280389 10
000280390 33
000280391 32
000280392 20
000280393 13
000280394 7
000280396 28
000280397 14
000280398 26
000280399 10
000280400 12
000281401 12
000281402 19
000281403 13
000281404 20
000281405 13
000281406 15
000281407 17
000281408 16
000281409 10
000281410 19
000281411 17
000281412 21
000281414 19
000281415 11
000281416 13
000281417 22
000281418 12
000281419 16
000281420 13
000281421 8
000281422 13
000281423 10
000281424 15
000281425 10
000281426 11
000281427 22
000281428 11
000281429 15
000281430 17
000281431 14
000281432 19
000281433 19
000281434 14
000281435 11
000281436 12
000281437 12
000281438 15
000281439 18
000281440 7
000281441 17
000281442 14
000281444 19
000281445 15
000281446 21
000281447 11
000281448 16
000281449 12
000281450 15
000281451 22
000281452 25
000281453 15
000281454 6
000281455 17
000281456 16
000281457 13
000281458 23
000281459 15
000281460 15
000281461 16
000281462 14
000281463 20
000281464 16
000281465 13
000281466 20
000281467 9
000281468 10
000281469 19
000281470 18
000281471 14
000281472 19
000281473 11
000281474 8
000281476 13
000281477 13
000281478 14
000281479 17
000281480 32
000281481 11
000281483 16
000281484 15
000281487 18
000281488 12
000281489 25
000281490 13
000281491 16
000281492 17
000281493 8
000281494 13
000281495 12
000281496 21
000281497 15
000281498 15
000281499 14
000281500 18
000281501 13
000281502 10
000281503 10
000281504 17
000281505 38
000281506 40
000281507 19
000281508 13
000281509 21
000281510 7
000281511 27
000281512 9
000281513 24
000281514 24
000281515 16
000281516 29
000281517 11
000281518 17
000281519 11
000281520 16
000281521 8
000281522 15
000281523 12
000281524 8
000281525 16
000281526 19
000281527 22
000281528 28
000281529 28
000281530 7
000281531 14
000281532 24
000281533 27
000281534 28
000281535 27
000281536 24
000281537 15
000281539 18
000281540 21
000281541 26
000281542 30
000281543 13
000281544 19
000281545 8
000281546 26
000281547 12
000281548 6
000281549 13
000281550 13
000281551 15
000281552 8
000281553 48
000281554 10
000281555 23
000281556 10
000281557 12
000281558 22
000281559 29
000281560 31
000281561 24
000281562 31
000281563 11
000281564 16
000281565 5
000281566 14
000281567 28
000281568 17
000281569 26
000281570 12
000281571 8
000281573 24
000281574 12
000281576 13
000281577 9
000281578 16
000281579 26
000281580 31
000281581 44
000281582 19
000281583 23
000281584 8
000281585 17
000281586 22
000281587 18
000281588 25
000281589 37
000281590 15
000281591 22
000281592 17
000281593 13
000281594 25
000281595 15
000281596 12
000281597 9
000281598 15
000281599 21
000281600 6
000281601 20
000281602 10
000281604 27
000281605 22
000281606 12
000281607 33
000281608 30
000281609 18
000281610 31
000281611 13
000281612 23
000281613 9
000281614 24
000281615 22
000281617 34
000281618 29
000281620 6
000281621 13
000281622 16
000281623 17
000281624 23
000281625 21
000281626 11
000281627 27
000281628 21
000281629 19
000281630 13
000281631 23
000281632 23
000281633 22
000281634 23
000281635 20
000281636 16
000281637 23
000281638 30
000281639 23
000281640 15
000281641 6
000281642 13
000281643 20
000281644 21
000281645 36
000281646 5
000281647 29
000281648 35
000281649 22
000281650 22
000281651 16
000281652 30
000281653 17
000281654 22
000281655 22
000281656 13
000281657 11
000281659 30
000281660 23
000281661 10
000281662 13
000281663 8
000281664 9
000281665 14
000281666 24
000281667 9
000281668 8
000281669 26
000281670 32
000281671 26
000281672 19
000281673 23
000281674 25
000281675 32
000281676 23
000281677 29
000281678 23
000281679 22
000281680 14
000281681 20
000281682 17
000281683 27
000281684 12
000281687 9
000281688 6
000281689 26
000281690 35
000281691 32
000281692 12
000281693 27
000281695 16
000281696 14
000281697 14
000281698 40
000281699 32
000281700 49
000281701 25
000281702 13
000281703 38
000281704 24
000281705 12
000281706 26
000281707 26
000281708 23
000281709 23
000281710 16
000281711 20
000281712 16
000281713 22
000281714 20
000281715 11
000281716 30
000281717 20
000281720 22
000281721 20
000281722 16
000281723 13
000281724 33
000281725 31
000281726 27
000281727 12
000281729 20
000281731 17
000281732 15
000281733 16
000281734 19
000281736 48
000281737 18
000281738 20
000281739 23
000281740 20
000281741 25
000281742 18
000281743 18
000281744 16
000281745 35
000281746 18
000281747 8
000281748 27
000281749 18
000281750 14
000281752 19
000281753 50
000281754 30
000281755 10
000281757 21
000281758 24
000281759 23
000281760 20
000281761 37
000281762 21
000281763 39
000281764 18
000281765 18
000281766 14
000281767 19
000281768 34
000281769 21
000281770 20
000281771 23
000281772 12
000281773 27
000281774 15
000281775 21
000281776 19
000281777 26
000281778 26
000281779 10
000281780 31
000281781 22
000281782 17
000281783 16
000281784 12
000281785 26
000281786 37
000281787 16
000281788 23
000281789 21
000281790 8
000281791 10
000281792 16
000281793 13
000281794 27
000281795 9
000281796 18
000281797 24
000281798 17
000281799 26
000281800 22
000290002 41
000290003 16
000290004 33
000290005 35
000290007 30
000290008 24
000290009 20
000290010 28
000290011 20
000290012 34
000290013 20
000290014 37
000290015 27
000290016 46
000290017 18
000290018 25
000290019 42
000290020 23
000290021 7
000290022 11
000290024 12
000290025 20
000290026 8
000290027 12
000290028 8
000290029 11
000290030 14
000290031 15
000290032 19
000290033 20
000290034 20
000290036 8
000290037 17
000290038 10
000290039 11
000290042 4
000290043 14
000290044 10
000290045 6
000290046 9
000290047 10
000290048 15
000290049 7
000290050 14
000290051 11
000290052 17
000290053 8
000290054 7
000290056 13
000290057 16
000290058 14
000290059 9
000290060 14
000290061 17
000290062 11
000290064 13
000290065 18
000290067 11
000290068 13
000290069 19
000290070 19
000290071 14
000290072 12
000290073 15
000290074 14
000290075 13
000290078 20
000290079 14
000290080 10
000290081 13
000290082 17
000290083 14
000290084 13
000290085 11
000290086 14
000290087 15
000290088 15
000290089 21
000290092 35
000290093 16
000290094 13
000290095 14
000290096 14
000290097 13
000290099 17
000290100 17
000290101 10
000290105 17
000290106 16
000290107 18
000290108 16
000290109 42
000290110 19
000290111 17
000290113 15
000290114 21
000290115 14
000290116 16
000290117 21
000290118 28
000290119 22
000290120 30
000290121 20
000290122 20
000290124 26
000290125 15
000290126 10
000290127 27
000290128 30
000290129 10
000290131 14
000290134 16
000290136 16
000290138 31
000290140 14
000290141 37
000290142 14
000290143 16
000290144 12
000290145 14
000290146 23
000290147 14
000290148 24
000290149 25
000290150 11
000290151 18
000290152 16
000290153 23
000290154 16
000290155 20
000290156 28
000290157 32
000290158 10
000290159 15
000290160 18
000290162 24
000290166 15
000290167 34
000290168 25
000290169 13
000290170 19
000290172 17
000290174 26
000290175 9
000290178 16
000290181 9
000290182 16
000290183 19
000290186 10
000290187 17
000290190 9
000290191 15
000290192 34
000290193 8
000290194 25
000290195 12
000290196 6
000290197 25
000290198 9
000290200 17
000290201 22
000290203 25
000290204 20
000290206 22
000290207 18
000290208 9
000290210 11
000290211 15
000290212 24
000290213 6
000290214 19
000290215 31
000290218 8
000290219 34
000290221 15
000290222 23
000290223 35
000290224 21
000290225 9
000290226 18
000290230 27
000290231 13
000290232 29
000290234 19
000290235 31
000290237 12
000290238 19
000290239 21
000290240 19
000290241 25
000290242 12
000290243 15
000290244 6
000290245 15
000290246 22
000290247 18
000290248 26
000290250 20
000290251 28
000290252 32
000290253 14
000290254 13
000290255 26
000290256 16
000290257 19
000290260 9
000290261 22
000290263 15
000290264 30
000290265 23
000290266 15
000290267 26
000290268 38
000290269 15
000290270 33
000290272 10
000290273 17
000290275 12
000290277 19
000290279 25
000290280 22
000290281 18
000290282 20
000290283 32
000290285 27
000290286 8
000290288 9
000290289 18
000290290 10
000290291 23
000290292 29
000290293 16
000290294 17
000290295 25
000290297 16
000290298 15
000290299 25
000290300 15
000290301 5
000290302 21
000290303 16
000290304 14
000290305 17
000290306 17
000290307 20
000290309 23
000290311 25
000290313 25
000290314 14
000290315 13
000290316 9
000290317 15
000290318 17
000290319 10
000290320 24
000290322 11
000290323 24
000290325 9
000290328 19
000290330 11
000290331 11
000290332 22
000290334 26
000290335 10
000290337 16
000290339 22
000290340 9
000290342 23
000290343 10
000290344 24
000290345 14
000290346 19
000290347 10
000290348 17
000290349 19
000290350 27
000290351 19
000290352 22
000290353 18
000290354 17
000290355 27
000290356 36
000290357 24
000290358 30
000290360 19
000290361 19
000290362 6
000290363 16
000290364 22
000290365 15
000290366 26
000290367 14
000290370 30
000290372 19
000290375 37
000290376 19
000290377 15
000290379 25
000290380 8
000290381 20
000290383 22
000290384 20
000290385 9
000290386 21
000290387 7
000290389 20
000290390 10
000290391 5
000290392 20
000290393 14
000290394 17
000290396 26
000290397 9
000290400 7
000291401 12
000291402 18
000291403 13
000291405 13
000291406 15
000291408 16
000291409 10
000291411 19
000291412 21
000291413 6
000291414 19
000291415 11
000291416 13
000291418 12
000291421 8
000291422 13
000291423 10
000291424 15
000291425 10
000291428 10
000291429 15
000291430 17
000291431 14
000291432 20
000291433 19
000291434 14
000291435 10
000291436 12
000291438 16
000291439 19
000291440 8
000291441 17
000291442 20
000291443 17
000291444 19
000291445 15
000291447 11
000291448 16
000291449 12
000291450 16
000291451 21
000291453 15
000291459 15
000291460 15
000291461 16
000291463 21
000291464 16
000291465 13
000291466 19
000291467 9
000291470 18
000291471 14
000291474 8
000291475 20
000291476 13
000291477 13
000291478 14
000291480 33
000291482 14
000291483 17
000291485 10
000291487 18
000291488 15
000291489 25
000291490 13
000291491 15
000291494 13
000291495 12
000291496 21
000291497 15
000291498 15
000291499 14
000291500 18
000291501 30
000291502 12
000291503 23
000291504 23
000291507 20
000291509 33
000291510 32
000291511 6
000291512 20
000291513 23
000291516 16
000291517 12
000291518 30
000291519 18
000291520 18
000291521 22
000291522 29
000291524 32
000291525 24
000291526 20
000291527 16
000291529 25
000291531 20
000291532 10
000291533 23
000291534 16
000291535 27
000291536 24
000291538 22
000291539 13
000291540 21
000291541 28
000291542 20
000291543 23
000291545 25
000291546 21
000291547 13
000291548 15
000291549 17
000291550 24
000291551 6
000291552 29
000291554 21
000291556 14
000291558 21
000291559 36
000291560 23
000291561 26
000291562 24
000291563 23
000291564 19
000291565 38
000291567 22
000291568 13
000291570 27
000291572 22
000291573 12
000291574 13
000291576 40
000291577 31
000291578 29
000291579 23
000291583 15
000291584 18
000291585 11
000291586 11
000291587 39
000291588 35
000291589 20
000291590 23
000291591 16
000291592 27
000291593 24
000291594 17
000291595 19
000291596 12
000291597 19
000291598 5
000291601 10
000291603 15
000291604 19
000291608 17
000291609 15
000291610 14
000291611 27
000291612 21
000291613 29
000291614 18
000291615 24
000291617 15
000291619 22
000291620 19
000291623 23
000291624 28
000291626 21
000291629 16
000291630 7
000291631 16
000291632 12
000291634 21
000291636 10
000291637 33
000291639 24
000291640 8
000291641 19
000291642 19
000291643 18
000291645 7
000291647 29
000291648 14
000291650 9
000291651 16
000291653 11
000291654 33
000291655 9
000291656 19
000291657 29
000291658 27
000291659 19
000291660 18
000291661 16
000291663 20
000291664 11
000291665 8
000291666 9
000291667 20
000291668 9
000291669 17
000291672 22
000291674 19
000291675 23
000291676 8
000291679 14
000291681 14
000291682 20
000291683 16
000291684 37
000291686 18
000291687 30
000291688 25
000291689 34
000291690 25
000291691 11
000291693 27
000291694 31
000291695 13
000291696 24
000291697 21
000291698 30
000291699 12
000291700 12
000291701 24
000291703 31
000291706 30
000291707 15
000291708 14
000291711 26
000291712 38
000291713 14
000291714 35
000291715 22
000291716 26
000291717 8
000291719 28
000291720 12
000291721 12
000291724 16
000291725 19
000291726 28
000291727 23
000291728 32
000291729 25
000291731 28
000291732 8
000291733 35
000291734 23
000291736 6
000291737 29
000291738 16
000291741 16
000291742 13
000291743 28
000291744 21
000291746 36
000291747 19
000291750 32
000291751 18
000291754 8
000291755 25
000291756 18
000291757 18
000291758 16
000291759 20
000291760 7
000291762 19
000291763 14
000291764 16
000291765 13
000291766 18
000291769 17
000291771 28
000291772 11
000291773 14
000291774 28
000291775 34
000291776 24
000291778 20
000291779 16
000291780 17
000291781 19
000291782 14
000291783 20
000291784 12
000291785 17
000291786 6
000291787 19
000291788 10
000291789 8
000291790 29
000291791 9
000291792 11
000291793 25
000291794 23
000291795 14
000291796 34
000291797 30
000291798 30
000291799 12
000291800 11
000300001 10
000300002 41
000300003 16
000300004 34
000300005 34
000300006 20
000300007 32
000300008 24
000300009 14
000300010 26
000300011 20
000300012 40
000300013 19
000300014 37
000300015 27
000300017 18
000300018 25
000300019 42
000300020 23
000300021 6
000300022 11
000300023 18
000300024 12
000300025 20
000300026 9
000300027 12
000300028 8
000300029 11
000300030 14
000300031 15
000300032 19
000300033 20
000300034 20
000300035 7
000300036 8
000300037 17
000300038 10
000300039 11
000300040 14
000300041 4
000300042 4
000300043 14
000300044 10
000300045 6
000300046 8
000300047 11
000300048 15
000300050 14
000300051 11
000300052 17
000300053 9
000300054 7
000300055 12
000300056 13
000300057 16
000300058 14
000300059 13
000300060 14
000300061 17
000300062 11
000300063 22
000300064 13
000300065 18
000300066 8
000300067 11
000300068 13
000300069 19
000300070 19
000300071 14
000300072 13
000300073 15
000300074 15
000300075 13
000300076 18
000300077 7
000300078 20
000300079 14
000300080 10
000300081 13
000300082 16
000300083 13
000300084 12
000300085 11
000300086 14
000300087 15
000300088 15
000300089 21
000300090 22
000300091 15
000300092 35
000300093 16
000300094 13
000300095 14
000300096 14
000300097 13
000300098 19
000300099 17
000300100 17
000300101 29
000300102 7
000300103 13
000300104 18
000300105 20
000300106 9
000300107 12
000300108 6
000300109 12
000300110 31
000300111 21
000300112 7
000300113 16
