000010001 54240
000010002 85280
000010003 94240
000010005 60960
000010006 41280
000010007 60656
000010008 64319
000010009 49600
000010010 59472
000010011 64688
000010012 80960
000010013 74080
000010014 49072
000010015 64864
000010016 42560
000010018 71680
000010019 43936
000010020 59200
000010022 44576
000010023 63840
000010024 54400
000010025 67664
000010026 68480
000010027 64480
000010028 76320
000010029 58480
000010030 63200
000010031 65776
000010034 74560
000010035 66080
000010036 60960
000010037 76640
000010039 42176
000010040 58880
000010042 47840
000010043 54736
000010044 52512
000010045 64000
000010046 67152
000010047 70944
000010048 53232
000010049 54080
000010050 71040
000010051 96784
000010053 77584
000010054 52512
000010055 36000
000010056 72560
000010057 64000
000010058 63680
000010059 65104
000010061 54560
000010062 58240
000010063 62240
000010064 75120
000010065 61920
000010066 46960
000010067 84416
000010068 51600
000010071 61760
000010072 77424
000010073 43232
000010074 72320
000010075 67200
000010077 38560
000010078 95952
000010079 61120
000010080 50560
000010081 121120
000010082 73280
000010083 74800
000010084 63200
000010085 66672
000010086 55520
000010087 54560
000010089 64208
000010091 76176
000010092 52928
000010094 76960
000010095 53264
000010096 50560
000010097 56640
000010098 45440
000010100 57440
000010101 119840
000010102 69440
000010103 83024
000010104 89408
000010105 70240
000010106 98240
000010108 92480
000010109 80320
000010110 124944
000010111 137600
000010112 117296
000010113 115360
000010114 122400
000010115 55520
000010116 85600
000010117 49840
000010119 45552
000010120 83360
000010121 70400
000010122 56000
000010123 68160
000010125 103200
000010126 51456
000010127 90080
000010129 83520
000010130 69760
000010131 79392
000010132 72640
000010133 116976
000010134 92896
000010135 58080
000010136 102720
000010137 56208
000010139 77344
000010140 55232
000010141 115360
000010142 77440
000010143 111040
000010144 106560
000010145 80320
000010146 90240
000010147 116048
000010149 70400
000010150 86112
000010151 98864
000010152 37760
000010153 82400
000010155 96320
000010156 61632
000010157 82400
000010158 36144
000010159 63008
000010160 70720
000010161 58880
000010162 89920
000010163 67040
000010164 112480
000010165 55616
000010166 63200
000010167 78080
000010168 110288
000010169 89920
000010170 88480
000010172 112800
000010173 76480
000010174 62720
000010175 119984
000010176 116800
000010177 40480
000010178 113280
000010179 46368
000010180 99312
000010181 52960
000010182 94400
000010183 90560
000010184 67008
000010185 96160
000010186 88800
000010187 100960
000010188 95360
000010189 102720
000010191 73920
000010192 51040
000010194 110816
000010195 67952
000010197 47888
000010198 50544
000010199 67200
000010200 51200
000010201 75840
000010202 56896
000010203 133104
000010204 62208
000010205 80848
000010206 64160
000010207 70560
000010208 102080
000010209 94560
000010210 58720
000010211 72800
000010212 95520
000010213 106720
000010214 62720
000010215 89600
000010217 120800
000010219 83520
000010220 119840
000010221 58080
000010222 77280
000010223 67680
000010224 58080
000010225 73440
000010226 88224
000010227 59840
000010228 55520
000010230 66880
000010231 80800
000010232 78240
000010234 114720
000010235 57024
000010236 74560
000010237 63680
000010238 72800
000010240 140560
000010241 56000
000010242 80640
000010243 118880
000010244 105440
000010245 99360
000010246 67536
000010247 68160
000010248 60640
000010249 83840
000010250 104800
000010251 42720
000010252 71680
000010253 39168
000010254 90880
000010256 54560
000010257 79680
000010259 72640
000010260 93264
000010261 80000
000010262 101920
000010263 80960
000010264 124320
000010266 69696
000010267 55200
000010268 103200
000010269 45776
000010270 71152
000010271 49120
000010272 48480
000010273 102080
000010274 103360
000010275 65168
000010277 107408
000010278 103040
000010279 55200
000010281 53600
000010282 82320
000010283 65120
000010284 67632
000010285 84096
000010286 70240
000010287 86400
000010288 71360
000010289 123616
000010290 117600
000010291 112320
000010292 45056
000010293 57760
000010294 45600
000010295 33296
000010297 90720
000010298 45600
000010299 81968
000010300 45280
000010301 70880
000010302 73920
000010303 127200
000010305 82880
000010306 67520
000010307 88160
000010308 96784
000010309 55808
000010310 101920
000010311 87680
000010312 52512
000010315 59040
000010317 54240
000010318 116096
000010319 54320
000010320 103200
000010321 71840
000010322 82240
000010323 65600
000010324 147840
000010325 108960
000010326 118880
000010327 81312
000010328 113632
000010329 70720
000010330 72160
000010331 135840
000010332 106080
000010333 51680
000010334 76816
000010335 107264
000010336 73920
000010338 124800
000010339 100160
000010340 82352
000010341 96800
000010342 69600
000010343 88656
000010344 87680
000010345 105280
000010346 63552
000010347 92304
000010349 107664
000010350 91808
000010351 64128
000010352 83200
000010353 74560
000010354 96800
000010355 48448
000010357 93600
000010358 124000
000010359 66784
000010360 89632
000010361 115680
000010362 49280
000010363 62048
000010364 67664
000010365 64400
000010366 74960
000010367 63360
000010368 133360
000010369 61280
000010370 132800
000010371 81664
000010373 69744
000010374 79520
000010375 111520
000010376 86560
000010377 78080
000010378 83360
000010379 43520
000010380 50880
000010381 57440
000010382 84960
000010383 54080
000010384 94272
000010385 114880
000010386 43376
000010387 50784
000010388 46736
000010389 125440
000010390 50608
000010391 99136
000010392 69040
000010393 55840
000010394 89120
000010395 74880
000010396 126080
000010397 98160
000010398 62176
000010399 82400
000011401 102688
000011402 79680
000011403 139520
000011404 54400
000011406 54560
000011407 40960
000011408 68480
000011410 42416
000011411 63040
000011412 93920
000011413 63200
000011414 53600
000011415 61184
000011416 55616
000011418 84480
000011419 58080
000011420 76240
000011421 65920
000011422 53328
000011423 58880
000011424 80320
000011425 59360
000011426 70880
000011427 56160
000011428 61600
000011429 62880
000011430 53744
000011431 67760
000011432 61408
000011433 55360
000011434 140160
000011435 66000
000011436 64912
000011437 70080
000011439 72800
000011441 51200
000011442 90080
000011443 76640
000011444 59840
000011445 79680
000011446 62400
000011447 107040
000011448 43152
000011449 55680
000011450 46720
000011451 140960
000011453 54240
000011454 55840
000011455 78240
000011456 58560
000011457 56640
000011458 59840
000011459 42784
000011460 77120
000011461 72960
000011463 75840
000011464 85600
000011465 46560
000011466 39552
000011467 61440
000011468 53712
000011469 73120
000011470 44960
000011471 69600
000011472 50576
000011473 51024
000011474 83840
000011475 64864
000011476 61440
000011478 48000
000011479 60320
000011480 68960
000011481 52320
000011482 63392
000011483 56800
000011485 57600
000011486 103808
000011487 52960
000011490 79840
000011491 39840
000011492 54400
000011493 47200
000011495 124480
000011496 52160
000011497 52800
000011498 55568
000011499 103680
000011501 150272
000011502 71200
000011504 104160
000011505 74720
000011506 49920
000011507 94656
000011509 67040
000011511 55040
000011512 114880
000011513 58496
000011514 45152
000011515 112480
000011516 90720
000011518 93920
000011520 107360
000011521 87840
000011522 65760
000011523 84800
000011525 128639
000011526 80000
000011527 75216
000011528 112640
000011529 115200
000011530 139200
000011531 74400
000011532 104160
000011533 90080
000011534 111200
000011535 93760
000011536 72736
000011537 46400
000011539 99840
000011540 104640
000011541 115360
000011542 81920
000011543 116320
000011544 84000
000011545 44832
000011546 94080
000011547 112800
000011548 92688
000011549 56960
000011550 122816
000011551 73952
000011552 99680
000011556 68480
000011557 50208
000011558 57600
000011559 68160
000011560 85440
000011561 72320
000011562 54544
000011564 49600
000011565 85760
000011566 101776
000011567 111040
000011568 62880
000011570 73920
000011571 79376
000011572 96320
000011573 95200
000011574 48720
000011575 68624
000011576 53744
000011578 87680
000011579 68960
000011580 96800
000011581 99840
000011583 67520
000011584 49168
000011585 59360
000011588 99200
000011589 74400
000011590 105280
000011592 45280
000011593 62560
000011594 80320
000011596 59184
000011597 118512
000011598 71840
000011599 94560
000011600 64000
000011602 53120
000011603 90080
000011604 107360
000011606 47040
000011607 97120
000011608 79936
000011611 71040
000011614 89760
000011615 82240
000011616 116640
000011617 86560
000011619 62880
000011620 96800
000011621 84800
000011623 85312
000011626 77296
000011627 52912
000011630 72640
000011631 130080
000011633 93248
000011634 139520
000011635 51680
000011636 77920
000011637 78720
000011639 72480
000011643 119040
000011644 90720
000011645 86720
000011647 107200
000011648 49600
000011649 108320
000011651 52480
000011653 97760
000011655 80960
000011657 116640
000011658 77920
000011659 74560
000011660 56800
000011662 93760
000011664 119232
000011665 70560
000011666 44800
000011667 95040
000011668 84960
000011669 90720
000011671 52160
000011672 122240
000011673 56480
000011675 76320
000011676 60352
000011677 48672
000011678 75680
000011679 111840
000011680 56320
000011681 63840
000011682 94080
000011683 48960
000011684 83712
000011685 94400
000011686 92800
000011687 58048
000011688 111520
000011689 125120
000011690 76768
000011691 49600
000011692 61376
000011693 38080
000011694 58560
000011695 95520
000011696 84320
000011697 108800
000011698 108640
000011699 79040
000011700 80320
000011701 82400
000011702 92480
000011703 99984
000011704 97696
000011707 80000
000011708 97600
000011709 72160
000011710 92352
000011711 42720
000011712 87040
000011713 70400
000011714 46880
000011715 63040
000011716 44480
000011717 69440
000011718 110464
000011720 58720
000011721 108800
000011722 74400
000011723 60128
000011724 61120
000011726 88320
000011727 101904
000011728 99200
000011729 101376
000011730 69760
000011731 60832
000011732 61920
000011733 82080
000011734 106944
000011735 65120
000011736 50240
000011737 87040
000011738 88480
000011739 52800
000011741 69440
000011742 70656
000011743 65280
000011744 66720
000011746 94880
000011747 143840
000011748 108480
000011749 74720
000011751 85440
000011753 118720
000011754 130816
000011755 58384
000011757 94400
000011759 48608
000011760 60640
000011761 110448
000011763 71680
000011764 75200
000011766 62176
000011767 47360
000011769 44704
000011770 65120
000011771 65280
000011773 52800
000011774 66880
000011775 55200
000011776 51008
000011777 46416
000011778 38912
000011779 67200
000011780 37456
000011781 91040
000011782 111520
000011783 108480
000011784 68480
000011785 65328
000011786 104192
000011787 56960
000011788 78240
000011789 58560
000011790 45840
000011791 97952
000011792 95840
000011793 43520
000011794 72000
000011795 88320
000011796 40640
000011797 53600
000011798 52320
000011799 85440
000011800 82880
000020001 76480
000020003 151056
000020005 86400
000020006 105600
000020007 65600
000020008 112320
000020009 60496
000020010 70368
000020011 32000
000020012 80160
000020013 69760
000020014 52640
000020015 95760
000020016 44960
000020017 95360
000020018 77120
000020020 92720
000020021 57264
000020023 88480
000020024 74560
000020027 60320
000020028 63664
000020029 57760
000020032 77136
000020033 71200
000020034 73104
000020035 64480
000020036 63520
000020038 72160
000020039 69120
000020040 69600
000020041 78544
000020042 62880
000020043 50240
000020044 83520
000020045 66960
000020047 59360
000020048 92960
000020049 86080
000020050 99696
000020051 55200
000020052 59216
000020053 89120
000020054 161920
000020057 97760
000020058 161920
000020060 143520
000020062 63520
000020063 61328
000020064 61440
000020065 78144
000020066 43664
000020067 70160
000020070 61168
000020073 58400
000020074 66400
000020075 50240
000020078 48640
000020079 84320
000020080 85600
000020082 56320
000020084 76944
000020085 69600
000020087 65920
000020088 60640
000020091 61296
000020092 94880
000020093 64319
000020094 51888
000020096 44544
000020099 60960
000020100 60624
000020101 97760
000020103 95376
000020107 139680
000020108 69376
000020109 88720
000020112 83520
000020113 83184
000020114 45760
000020116 59632
000020117 67936
000020120 105760
000020121 98240
000020123 47872
000020124 61600
000020126 98400
000020127 84016
000020131 48000
000020134 58880
000020136 111520
000020137 67840
000020138 60944
000020139 117760
000020140 71536
000020143 62368
000020144 39792
000020145 73616
000020147 83360
000020148 49744
000020149 80800
000020151 51200
000020152 75520
000020153 106576
000020154 79520
000020155 115760
000020157 101120
000020158 95680
000020159 87680
000020163 69072
000020164 118560
000020165 103680
000020166 46128
000020167 92656
000020168 136480
000020169 69600
000020170 131680
000020171 125280
000020172 146080
000020173 57920
000020174 72176
000020175 75040
000020176 84160
000020177 74560
000020179 47856
000020180 89808
000020181 78976
000020185 86896
000020186 123200
000020187 99520
000020188 100320
000020189 52480
000020190 69760
000020191 44000
000020194 61760
000020196 51536
000020197 41600
000020200 47200
000020201 84320
000020202 88464
000020203 54560
000020204 73920
000020206 103840
000020208 80352
000020210 40784
000020211 41568
000020213 83776
000020214 49920
000020219 114080
000020221 79360
000020225 112592
000020226 51360
000020233 129440
000020234 70240
000020235 52800
000020237 81280
000020238 86048
000020240 121264
000020241 92960
000020242 109280
000020243 100480
000020244 90880
000020246 88960
000020247 91360
000020250 153440
000020251 62240
000020253 56704
000020254 70480
000020256 55360
000020257 71584
000020258 82560
000020259 54400
000020260 89216
000020262 82128
000020267 92000
000020268 146080
000020270 53600
000020271 72816
000020273 104960
000020275 76000
000020279 84000
000020281 85280
000020282 63040
000020283 58400
000020284 109600
000020288 75680
000020289 55056
000020290 71360
000020291 77280
000020293 100160
000020295 44176
000020296 44480
000020297 112640
000020298 60320
000020299 97440
000020300 80480
000020301 81120
000020303 37920
000020305 54272
000020306 114240
000020307 142224
000020309 132480
000020310 88880
000020311 45952
000020312 73120
000020313 35584
000020314 42880
000020316 95840
000020317 101280
000020318 54976
000020322 69920
000020323 78400
000020326 104608
000020327 112480
000020328 80672
000020329 81280
000020332 69760
000020333 63824
000020334 95488
000020335 64640
000020338 66720
000020339 56480
000020340 52640
000020342 42400
000020343 101280
000020344 56800
000020345 53600
000020346 56160
000020348 67072
000020350 70240
000020352 103200
000020355 102240
000020356 69792
000020359 90608
000020360 64959
000020361 92000
000020363 55344
000020364 88960
000020365 39776
000020366 84480
000020367 49600
000020368 56816
000020370 72320
000020373 114720
000020375 94400
000020376 103200
000020377 102080
000020378 57776
000020379 82080
000020380 43584
000020381 114400
000020382 83520
000020385 105760
000020388 55680
000020390 51760
000020391 66896
000020392 72320
000020395 55440
000020396 132624
000020397 103520
000020398 136800
000020399 96320
000020400 124960
000021403 76480
000021404 62240
000021405 74240
000021406 36464
000021407 60320
000021409 67664
000021411 59680
000021413 64480
000021415 64160
000021416 71520
000021418 98560
000021419 75440
000021420 71360
000021421 84000
000021422 72736
000021423 71696
000021424 94400
000021425 77920
000021426 46096
000021427 93120
000021428 54880
000021429 56336
000021430 65440
000021431 47840
000021432 54240
000021434 94400
000021435 53744
000021436 58720
000021437 63040
000021438 93600
000021439 69280
000021440 62720
000021441 63520
000021442 56480
000021444 45120
000021445 79200
000021448 81392
000021450 36816
000021451 60544
000021452 68624
000021453 69456
000021454 47984
000021455 67840
000021456 89440
000021457 62720
000021458 61088
000021459 127840
000021460 50720
000021461 57616
000021463 57120
000021464 54384
000021465 59040
000021466 47520
000021467 138880
000021468 56640
000021469 56480
000021470 102080
000021471 72864
000021473 46160
000021474 63248
000021476 75840
000021477 77440
000021480 66240
000021482 45792
000021483 52064
000021484 85440
000021486 82240
000021488 64992
000021489 67904
000021491 60320
000021493 70720
000021494 68800
000021495 73760
000021496 88640
000021497 102944
000021498 59840
000021500 58560
000021501 62560
000021503 45200
000021504 115360
000021506 77920
000021507 66240
000021508 117600
000021510 75040
000021511 124000
000021512 101120
000021513 74480
000021514 116800
000021515 77440
000021516 72320
000021519 96784
000021520 100592
000021521 66080
000021523 52000
000021524 45120
000021525 154560
000021526 63552
000021527 61280
000021528 66880
000021529 101440
000021530 89296
000021531 128960
000021532 103680
000021533 146240
000021534 85936
000021535 112000
000021536 127520
000021538 98512
000021539 76160
000021540 73536
000021541 61376
000021543 76160
000021544 55840
000021546 111520
000021548 113280
000021549 76800
000021550 108016
000021551 74880
000021555 59360
000021556 67760
000021557 58240
000021558 84480
000021561 97280
000021562 96800
000021563 93440
000021564 99360
000021565 88800
000021567 43392
000021569 81120
000021571 103840
000021574 59520
000021577 91792
000021578 109120
000021580 107200
000021581 94080
000021584 104800
000021585 98080
000021586 90400
000021590 59200
000021595 115680
000021598 103840
000021600 75200
000021602 111680
000021603 139504
000021604 103664
000021605 63520
000021606 84144
000021607 128160
000021608 86560
000021609 64000
000021612 46080
000021614 53280
000021616 111360
000021617 58240
000021619 63680
000021620 71680
000021621 110560
000021622 54512
000021623 90080
000021625 51360
000021627 108960
000021628 91200
000021629 52960
000021631 85920
000021632 76000
000021636 49104
000021639 69120
000021641 60048
000021644 45760
000021645 140160
000021647 94720
000021650 52000
000021651 81920
000021652 59040
000021653 72640
000021655 95200
000021656 124320
000021657 82240
000021658 86720
000021659 120160
000021663 99040
000021666 52800
000021667 93920
000021668 84960
000021669 65280
000021672 99040
000021674 127520
000021676 99360
000021677 83440
000021679 39296
000021681 85456
000021682 140480
000021684 40336
000021686 103360
000021688 63200
000021689 85120
000021690 38032
000021693 110880
000021696 39312
000021699 111840
000021700 95680
000021701 104640
000021702 62576
000021708 100640
000021709 62080
000021710 67680
000021711 119040
000021712 103520
000021715 74560
000021716 62720
000021719 91104
000021720 84640
000021722 100960
000021723 93280
000021725 60320
000021730 63360
000021732 79712
000021733 90880
000021734 57920
000021737 54240
000021738 121600
000021739 63040
000021741 64160
000021742 85600
000021743 53280
000021744 70880
000021745 42720
000021746 78720
000021748 102240
000021749 51680
000021750 102560
000021751 54944
000021752 86720
000021753 82320
000021754 87680
000021755 70240
000021756 87840
000021757 44672
000021758 54880
000021760 71360
000021761 61872
000021762 50240
000021763 64319
000021764 46880
000021765 96160
000021767 48640
000021768 92800
000021769 59424
000021771 43520
000021772 52000
000021774 68800
000021775 66080
000021776 60960
000021777 127680
000021778 61120
000021779 69440
000021780 98720
000021781 65760
000021782 63520
000021784 106016
000021786 70128
000021788 99520
000021789 75296
000021791 73120
000021792 50400
000021793 40608
000021795 36864
000021797 93392
000021799 113120
000030001 48800
000030002 65007
000030003 64976
000030004 64063
000030005 59888
000030006 158880
000030007 45424
000030008 49584
000030009 44000
000030011 50784
000030012 53760
000030013 69872
000030014 64480
000030016 59888
000030018 53440
000030019 84960
000030020 38192
000030021 50704
000030022 47248
000030024 38048
000030025 58880
000030026 64464
000030027 55840
000030028 49744
000030029 70880
000030030 55360
000030031 69760
000030032 58976
000030033 48960
000030034 44784
000030035 68800
000030036 72160
000030037 63520
000030038 82624
000030039 64800
000030040 58240
000030041 48640
000030042 45472
000030043 50880
000030044 63360
000030045 52640
000030046 54496
000030047 32543
000030048 53488
000030049 51040
000030050 35280
000030051 60800
000030052 59680
000030053 57120
000030054 36960
000030055 70720
000030056 53280
000030057 49760
000030058 70304
000030059 74560
000030060 54240
000030061 74720
000030063 77440
000030064 75120
000030065 64319
000030066 51440
000030067 36640
000030068 44960
000030070 68960
000030071 71200
000030072 68960
000030073 49760
000030075 45920
000030076 69680
000030077 53232
000030078 61920
000030079 69280
000030081 48160
000030082 42432
000030083 58720
000030084 41120
000030085 77760
000030086 132160
000030087 57136
000030088 34400
000030089 69600
000030090 61744
000030092 46720
000030093 47360
000030094 39872
000030095 34944
000030096 63040
000030097 54240
000030098 55984
000030099 40960
000030100 123040
000030102 33280
000030103 48000
000030105 66720
000030106 96160
000030107 103280
000030108 109280
000030109 40304
000030110 72928
000030111 88480
000030112 77072
000030113 66064
000030114 51568
000030115 148640
000030117 59040
000030119 56688
000030120 76160
000030121 76480
000030122 52576
000030123 73280
000030125 108800
000030126 80320
000030127 109760
000030128 64319
000030129 88048
000030130 94560
000030131 44976
000030132 120480
000030135 75440
000030136 105808
000030137 41920
000030138 53008
000030139 117136
000030140 118848
000030141 91680
000030142 64000
000030143 68560
000030144 78400
000030145 85728
000030146 80320
000030147 52960
000030148 54080
000030149 114832
000030150 72640
000030151 54880
000030153 52000
000030154 86080
000030155 74080
000030156 112160
000030157 88160
000030159 86080
000030160 41056
000030162 107840
000030163 72720
000030164 80800
000030166 100000
000030167 42720
000030169 86880
000030171 122128
000030172 89600
000030173 93280
000030174 88080
000030175 79680
000030176 125120
000030177 136480
000030178 64239
000030179 108160
000030180 52784
000030182 75280
000030184 39840
000030185 100480
000030186 119248
000030187 62784
000030188 44480
000030189 177296
000030190 111744
000030191 81120
000030192 92000
000030193 68944
000030194 40960
000030195 63360
000030196 91200
000030197 53120
000030198 68240
000030199 78528
000030200 59840
000030201 89200
000030202 63680
000030203 93440
000030204 56000
000030206 78704
000030207 126080
000030208 53568
000030209 58720
000030210 42528
000030212 80160
000030213 87360
000030214 47840
000030216 103088
000030217 83376
000030218 78736
000030219 71040
000030220 81264
000030221 63648
000030222 93440
000030223 124848
000030224 87888
000030225 54096
000030226 37440
000030227 62128
000030229 40720
000030231 96480
000030232 115488
000030233 65184
000030234 60160
000030235 91136
000030236 105600
000030238 61376
000030239 45920
000030240 66560
000030241 93856
000030243 112000
000030244 98752
000030245 63200
000030246 75680
000030247 97760
000030248 137376
000030249 118224
000030250 105600
000030252 65120
000030254 105024
000030255 75536
000030256 90080
000030257 119200
000030258 54880
000030259 120160
000030260 150880
000030261 36864
000030262 64016
000030263 88320
000030264 102240
000030265 83200
000030266 57584
000030268 138560
000030270 88000
000030272 102400
000030274 89440
000030275 48480
000030276 60640
000030277 90240
000030278 98560
000030279 48480
000030280 50240
000030281 64800
000030282 91856
000030283 50336
000030284 67520
000030285 107168
000030286 64864
000030288 54560
000030289 111472
000030290 98976
000030291 87360
000030292 103360
000030293 109920
000030294 63680
000030295 67520
000030296 49008
000030297 74080
000030298 53280
000030299 64640
000030300 61072
000030301 47680
000030302 61248
000030303 59648
000030304 65504
000030306 41472
000030307 37920
000030309 61920
000030311 111360
000030312 123680
000030313 69120
000030314 148848
000030315 150816
000030316 74288
000030317 58080
000030319 62080
000030320 69296
000030321 84160
000030322 77760
000030323 123536
000030325 93440
000030326 112800
000030327 116000
000030330 90576
000030331 107360
000030332 101920
000030333 60832
000030334 92480
000030335 78016
000030336 46720
000030337 48800
000030338 100800
000030339 66400
000030341 73472
000030342 53920
000030343 42720
000030344 85440
000030345 76960
000030346 130720
000030348 72144
000030350 53760
000030351 148320
000030352 63968
000030353 50224
000030354 89936
000030355 161552
000030356 64384
000030357 69504
000030358 104480
000030359 107824
000030360 73184
000030361 28896
000030362 113440
000030363 98080
000030364 85664
000030365 96480
000030366 123376
000030367 80384
000030368 69280
000030369 65600
000030370 75200
000030372 41904
000030374 53280
000030375 100224
000030376 74784
000030377 107520
000030379 95584
000030380 75104
000030381 47840
000030384 74560
000030385 77920
000030386 53184
000030387 130064
000030388 99760
000030389 124960
000030390 79952
000030391 54368
000030392 93920
000030393 115040
000030394 57600
000030399 72640
000030400 40976
000031401 53264
000031402 58336
000031403 53120
000031404 66048
000031405 57760
000031407 55680
000031408 60800
000031409 61760
000031410 60320
000031411 35296
000031412 58560
000031414 48160
000031415 53008
000031417 59040
000031418 69120
000031419 79360
000031421 56176
000031422 45472
000031423 46112
000031424 56960
000031425 54080
000031426 72960
000031427 39296
000031428 52960
000031429 72080
000031431 59776
000031432 54400
000031433 72960
000031434 47200
000031435 58560
000031436 45920
000031437 56320
000031438 77600
000031439 40144
000031440 35648
000031441 48144
000031442 58880
000031443 78144
000031444 45040
000031445 67680
000031446 54560
000031447 46720
000031448 43680
000031449 36592
000031450 120960
000031452 73552
000031453 41600
000031454 77728
000031456 44000
000031457 48320
000031458 45600
000031459 77760
000031461 64048
000031463 47040
000031464 84800
000031465 69760
000031466 99360
000031467 92640
000031468 82240
000031469 91200
000031470 51680
000031471 55680
000031472 48800
000031473 47040
000031474 72320
000031475 38032
000031476 55200
000031477 57600
000031478 53184
000031479 52000
000031480 64976
000031481 46560
000031482 48800
000031483 57424
000031486 37264
000031487 44832
000031488 59840
000031489 87136
000031490 41760
000031491 84320
000031492 50720
000031493 31680
000031494 39632
000031495 52960
000031497 101280
000031498 65760
000031499 59408
000031501 83520
000031502 39520
000031503 88960
000031504 42480
000031505 100640
000031506 86080
000031507 78400
000031508 75200
000031509 39184
000031510 63984
000031511 39328
000031512 102560
000031513 94240
000031514 93280
000031515 87040
000031516 94400
000031517 102720
000031518 55696
000031520 71360
000031521 54080
000031523 91360
000031524 57280
000031525 80800
000031528 98816
000031529 118912
000031530 91200
000031531 93472
000031532 120480
000031533 75744
000031534 51984
000031535 110880
000031536 39712
000031537 74448
000031539 87200
000031541 86080
000031542 84080
000031543 40160
000031544 46560
000031546 93168
000031547 56160
000031548 131504
000031549 96800
000031550 77616
000031551 52704
000031552 104000
000031553 87120
000031554 72000
000031555 85904
000031556 90720
000031557 105760
000031558 40800
000031560 50336
000031561 59952
000031562 52000
000031563 39232
000031564 92960
000031565 102080
000031566 40544
000031567 77120
000031568 55360
000031569 53280
000031570 52960
000031571 117280
000031572 96640
000031573 63040
000031574 55520
000031575 93120
000031576 90400
000031577 77120
000031578 69440
000031579 69120
000031580 38720
000031581 83360
000031582 90400
000031583 136000
000031584 111648
000031585 92000
000031586 50320
000031587 90976
000031588 128320
000031589 70080
000031590 100800
000031592 32816
000031593 63200
000031594 121280
000031595 56800
000031596 41600
000031597 81696
000031598 72480
000031599 66560
000031600 81440
000031601 51232
000031602 54736
000031603 97696
000031604 65600
000031605 125632
000031606 101760
000031607 78720
000031608 88480
000031610 112480
000031614 73120
000031615 47712
000031616 79952
000031617 55728
000031618 124160
000031619 56320
000031620 94064
000031621 77440
000031622 37056
000031623 53120
000031624 92640
000031625 72896
000031626 59520
000031627 69120
000031628 76336
000031629 70816
000031630 106400
000031632 62416
000031633 75040
000031634 65936
000031635 65280
000031636 78560
000031637 68320
000031638 76800
000031639 111584
000031640 134720
000031641 121280
000031642 39088
000031643 94352
000031644 55200
000031645 52160
000031646 75040
000031648 120912
000031649 62928
000031650 53440
000031651 121600
000031652 60640
000031653 98880
000031654 83360
000031655 68048
000031657 74800
000031658 79360
000031660 87680
000031661 54976
000031662 87840
000031663 116288
000031664 63808
000031665 42720
000031667 52320
000031668 103520
000031669 105600
000031671 65664
000031672 73984
000031674 51040
000031676 74720
000031678 63200
000031679 105056
000031680 100480
000031681 98208
000031682 43840
000031683 80160
000031684 85808
000031685 79200
000031686 78240
000031687 71680
000031688 63520
000031689 54080
000031690 115200
000031691 91520
000031692 65600
000031694 93600
000031695 50176
000031696 99840
000031697 125920
000031698 50400
000031699 66560
000031700 80576
000031701 59680
000031703 80000
000031704 106944
000031705 117440
000031706 62032
000031707 69120
000031708 51808
000031709 78880
000031710 45728
000031712 86880
000031713 94560
000031714 47520
000031715 52480
000031716 81600
000031717 33520
000031718 95200
000031719 85600
000031720 99040
000031721 62240
000031722 157632
000031723 79360
000031724 86080
000031726 73920
000031727 62080
000031728 56640
000031729 94880
000031732 86928
000031733 31344
000031735 70560
000031736 63216
000031737 113424
000031738 35792
000031739 80336
000031740 105760
000031741 100864
000031742 98976
000031743 62752
000031744 48000
000031746 59536
000031747 37600
000031748 109632
000031749 73824
000031751 124800
000031752 81120
000031753 43840
000031754 105408
000031755 68160
000031757 121920
000031758 83680
000031759 117440
000031762 56960
000031763 109440
000031764 66240
000031765 67360
000031766 76800
000031767 85184
000031769 60480
000031770 49904
000031771 64000
000031772 67040
000031773 51904
000031774 84640
000031775 43616
000031776 104960
000031777 103680
000031778 66640
000031779 83552
000031781 79696
000031782 76944
000031783 117744
000031785 63424
000031786 108624
000031787 96960
000031788 57392
000031789 90672
000031790 57600
000031791 94400
000031792 95072
000031793 132656
000031794 63472
000031795 87360
000031796 103360
000031797 75600
000031798 48000
000031799 50880
000031800 67200
000040001 65600
000040002 66128
000040003 56960
000040004 54960
000040005 39600
000040006 50736
000040007 77760
000040008 36992
000040009 70336
000040010 38192
000040011 57264
000040012 37936
000040013 68416
000040014 53280
000040015 67840
000040016 45456
000040017 73440
000040018 79680
000040019 54080
000040020 48160
000040022 117376
000040023 64848
000040024 66560
000040025 104960
000040026 51120
000040027 46720
000040028 61120
000040029 58240
000040030 68800
000040031 42800
000040033 55824
000040034 59424
000040035 81440
000040036 80640
000040037 68864
000040038 69104
000040039 40480
000040040 61584
000040041 56000
000040042 60688
000040043 88640
000040044 59840
000040045 63536
000040046 50768
000040047 39296
000040048 43984
000040050 56000
000040051 63680
000040053 71840
000040054 63840
000040055 79520
000040056 53920
000040057 57760
000040059 50880
000040060 51840
000040061 53760
000040062 68800
000040063 66880
000040064 76960
000040065 52640
000040067 72480
000040068 86080
000040069 59952
000040070 58880
000040071 38832
000040072 42176
000040073 76320
000040074 127360
000040075 68912
000040076 69232
000040077 72480
000040078 62512
000040080 56336
000040081 65168
000040082 72304
000040083 98080
000040084 56240
000040085 62160
000040086 67520
000040088 64208
000040089 83776
000040090 66064
000040091 50208
000040093 104320
000040094 78720
000040095 100000
000040096 39088
000040097 92480
000040098 51120
000040099 99520
000040100 74720
000040101 44928
000040102 51488
000040103 42736
000040104 56416
000040105 90240
000040106 111840
000040107 48992
000040108 105600
000040109 54336
000040110 90784
000040111 59872
000040112 49600
000040113 114720
000040114 90240
000040116 75680
000040117 56800
000040118 64319
000040119 93568
000040120 78768
000040121 97776
000040122 128800
000040123 80640
000040124 56096
000040125 93168
000040126 64000
000040127 37920
000040128 100576
000040129 108160
000040130 53280
000040131 43312
000040132 132800
000040133 77920
000040134 76480
000040135 62400
000040136 147840
000040137 75840
000040138 48000
000040139 95200
000040140 47200
000040141 107200
000040142 94080
000040143 74368
000040144 128448
000040145 60480
000040146 65440
000040147 155040
000040148 113280
000040149 57440
000040150 147520
000040151 105488
000040152 96480
000040153 105600
000040154 138704
000040155 109616
000040156 112640
000040157 119760
000040158 70848
000040159 61232
000040160 68800
000040161 103520
000040162 55856
000040163 74240
000040164 153120
000040165 68560
000040166 67360
000040167 48960
000040168 71040
000040169 99520
000040170 89424
000040171 121760
000040172 112624
000040173 50080
000040174 64480
000040175 89264
000040176 98704
000040177 54560
000040178 71520
000040179 74096
000040180 47024
000040181 57120
000040182 83520
000040183 85488
000040184 62880
000040185 102080
000040186 117920
000040187 92000
000040188 100096
000040189 79040
000040190 93984
000040191 70400
000040192 62384
000040193 69920
000040194 135152
000040195 55984
000040196 84224
000040197 91680
000040198 109168
000040199 142080
000040200 86480
000040201 88032
000040202 90976
000040203 117232
000040204 89120
000040205 63248
000040206 103040
000040207 44880
000040208 115040
000040209 59680
000040210 99840
000040211 64959
000040212 79328
000040214 89168
000040216 121600
000040217 57360
000040218 113440
000040219 43728
000040220 108160
000040221 59680
000040222 115840
000040223 53408
000040224 73600
000040225 94880
000040226 133680
000040227 134400
000040228 153280
000040229 101504
000040230 85440
000040231 58560
000040232 118400
000040233 74944
000040234 64000
000040235 58240
000040236 69280
000040238 75200
000040239 84640
000040240 79520
000040241 74240
000040242 76480
000040243 72960
000040244 129440
000040245 96640
000040246 75680
000040247 51360
000040248 70640
000040249 45120
000040250 73120
000040251 92800
000040252 71200
000040253 56480
000040254 75200
000040255 137920
000040256 69920
000040257 86064
000040258 48576
000040259 66720
000040260 123040
000040261 88944
000040262 45120
000040263 114400
000040264 100224
000040265 132320
000040266 112800
000040267 50080
000040268 81536
000040269 62704
000040270 52320
000040271 92320
000040272 51408
000040273 158560
000040274 79520
000040275 60048
000040276 64319
000040277 84640
000040278 90624
000040279 77808
000040280 58656
000040281 81760
000040283 64464
000040284 57920
000040286 83200
000040287 50704
000040288 114240
000040289 76976
000040290 93760
000040291 31952
000040292 61920
000040293 73824
000040294 92208
000040295 139776
000040296 58880
000040297 86688
000040298 77760
000040299 87200
000040300 81120
000040301 97280
000040302 90240
000040303 42528
000040304 55040
000040305 46608
000040306 116960
000040308 148800
000040309 135200
000040310 79360
000040311 107040
000040313 104160
000040314 44832
000040315 99680
000040316 71392
000040317 60256
000040318 41520
000040319 65087
000040320 76416
000040321 50352
000040322 64959
000040323 138720
000040324 104864
000040325 92224
000040326 62880
000040329 36528
000040331 85280
000040332 118240
000040333 60320
000040334 134240
000040335 76368
000040336 115840
000040337 67680
000040339 76000
000040343 99200
000040344 81280
000040346 118880
000040347 111840
000040348 81440
000040349 58464
000040350 70848
000040351 118720
000040356 59536
000040357 39024
000040358 78560
000040359 81600
000040361 85440
000040362 98880
000040363 106416
000040364 140640
000040365 68640
000040366 54976
000040368 112800
000040369 46880
000040371 52800
000040372 73120
000040373 83200
000040374 77216
000040375 77008
000040376 42560
000040378 63872
000040379 172800
000040382 73600
000040383 95840
000040385 60144
000040387 88960
000040388 78704
000040389 60864
000040390 60048
000040392 129440
000040393 54896
000040395 78272
000040396 59360
000040398 123200
000040400 127744
000041401 122672
000041402 83792
000041403 74128
000041404 94560
000041405 68304
000041406 49472
000041407 60160
000041408 48000
000041409 82400
000041410 84640
000041411 46416
000041412 58576
000041413 66560
000041415 71424
000041416 67200
000041418 68464
000041420 58560
000041421 75040
000041422 66400
000041423 58560
000041424 76800
000041425 71840
000041426 61760
000041427 79200
000041428 54752
000041429 68496
000041430 107696
000041431 76320
000041432 53280
000041433 58768
000041434 62560
000041435 62400
000041437 65600
000041439 80064
000041441 52160
000041443 50080
000041444 56848
000041446 77760
000041447 81440
000041448 56000
000041449 42304
000041450 70288
000041451 36544
000041452 75040
000041453 88800
000041454 60960
000041455 70400
000041456 64384
000041457 62560
000041458 63680
000041461 67488
000041462 40784
000041463 67840
000041464 61280
000041465 54560
000041466 56736
000041467 61280
000041468 82400
000041469 78080
000041470 65760
000041471 77440
000041472 58640
000041473 48144
000041474 126544
000041475 51840
000041476 51520
000041479 38720
000041481 60000
000041482 56528
000041483 66400
000041484 61120
000041485 64800
000041486 33584
000041488 156480
000041489 53040
000041490 54736
000041492 118848
000041493 50880
000041494 80560
000041495 74560
000041496 61920
000041497 67200
000041498 61120
000041499 55680
000041500 70560
000041501 110400
000041502 87840
000041504 104352
000041505 98400
000041506 82240
000041507 111200
000041508 135680
000041509 96960
000041510 113120
000041511 103840
000041512 85248
000041514 107776
000041515 109072
000041516 105600
000041517 93440
000041518 111200
000041519 92960
000041520 87200
000041521 77600
000041522 79200
000041523 68608
000041524 60160
000041525 112128
000041526 146560
000041529 98240
000041530 91648
000041531 109440
000041532 47840
000041534 64640
000041535 88064
000041537 109744
000041538 109120
000041539 56256
000041540 75840
000041541 47936
000041543 124800
000041545 103376
000041546 71744
000041547 78560
000041548 69088
000041549 133600
000041551 73184
000041552 126272
000041553 105664
000041554 74240
000041557 115360
000041558 44016
000041559 93280
000041560 126880
000041561 73856
000041563 74080
000041564 77552
000041567 113328
000041568 52192
000041569 87520
000041572 53280
000041573 90304
000041574 79680
000041575 60208
000041576 76160
000041577 75536
000041578 91840
000041580 71808
000041581 81136
000041582 130240
000041584 131039
000041585 81360
000041586 92320
000041587 102992
000041588 122720
000041589 116320
000041590 87200
000041592 120528
000041593 107840
000041594 88640
000041595 94560
000041596 145632
000041597 93760
000041598 66160
000041599 93440
000041600 72800
000041601 98864
000041602 51840
000041603 127520
000041605 107200
000041606 77440
000041607 84704
000041608 84320
000041610 71920
000041611 88480
000041612 95840
000041614 113072
000041615 78400
000041616 120288
000041617 65600
000041618 71136
000041619 124160
000041620 65920
000041621 130080
000041622 56048
000041623 78080
000041624 72448
000041626 66400
000041627 75680
000041628 108480
000041629 102896
000041630 111360
000041631 136480
000041632 110320
000041633 89440
000041634 55680
000041635 110560
000041637 60800
000041638 126864
000041640 115840
000041641 141136
000041643 90560
000041644 99360
000041646 96736
000041648 61808
000041649 37296
000041650 93600
000041652 75040
000041653 89216
000041654 107040
000041655 86720
000041658 63904
000041662 55136
000041664 129280
000041665 50080
000041666 98080
000041667 68384
000041669 66880
000041670 53120
000041671 110816
000041673 103184
000041674 106592
000041676 62208
000041678 85904
000041679 70544
000041680 112800
000041682 109440
000041683 97008
000041685 58560
000041686 104000
000041687 97920
000041688 47504
000041689 110720
000041690 94400
000041693 89456
000041694 130560
000041696 137440
000041698 113920
000041700 78240
000041701 110240
000041704 105296
000041706 83360
000041708 73440
000041709 95680
000041711 106272
000041712 84784
000041714 131456
000041715 64944
000041716 68288
000041717 89440
000041721 99360
000041723 66880
000041725 93280
000041726 71520
000041727 130880
000041729 95680
000041730 65280
000041731 75520
000041738 80240
000041741 114416
000041742 110880
000041743 102464
000041744 119280
000041748 100080
000041749 100160
000041753 75840
000041755 116304
000041756 85104
000041757 82400
000041759 50240
000041760 81920
000041762 114240
000041765 36640
000041766 127856
000041767 95104
000041771 67248
000041772 88640
000041773 130560
000041774 73200
000041775 86864
000041777 66880
000041778 139840
000041784 111840
000041785 75120
000041787 114176
000041788 122240
000041789 54560
000041791 118416
000041792 101360
000041793 73008
000041794 79408
000041798 112160
000050001 59488
000050002 134384
000050003 80848
000050004 101504
000050005 128943
000050006 79024
000050007 93168
000050008 85568
000050009 63200
000050011 65408
000050012 114960
000050013 77840
000050014 112080
000050015 93696
000050016 130032
000050017 76848
000050018 79584
000050019 122256
000050020 73808
000050021 40368
000050022 55664
000050023 61760
000050024 53456
000050025 68912
000050026 48192
000050027 52992
000050028 41152
000050029 53504
000050030 56432
000050031 64976
000050033 71456
000050034 81392
000050036 53168
000050037 72560
000050038 48016
000050039 56992
000050040 69056
000050042 34384
000050043 50912
000050045 37632
000050046 37904
000050048 65584
000050049 44288
000050050 48192
000050052 65215
000050053 42080
000050054 40544
000050055 49776
000050056 57344
000050057 54704
000050058 50112
000050059 50960
000050060 53440
000050061 47360
000050062 48848
000050063 68240
000050064 58160
000050065 51952
000050066 44032
000050068 54544
000050069 52320
000050070 50432
000050071 44272
000050072 61280
000050073 54560
000050074 63136
000050075 48016
000050076 75840
000050077 42528
000050078 64688
000050079 51680
000050080 39872
000050081 45808
000050082 69920
000050083 52320
000050084 51040
000050085 54592
000050086 54576
000050087 53744
000050088 56768
000050089 84080
000050090 70160
000050091 71088
000050092 93472
000050093 62560
000050094 52320
000050095 63200
000050096 59632
000050097 55984
000050098 76784
000050099 55216
000050100 65664
000050101 114912
000050102 112128
000050103 85920
000050104 42720
000050105 82048
000050107 50736
000050108 65360
000050109 87200
000050110 63184
000050111 64816
000050112 85424
000050113 47824
000050114 109744
000050115 89184
000050117 51360
000050118 63984
000050121 62112
000050122 48128
000050123 123152
000050124 76960
000050125 100960
000050126 88368
000050127 97888
000050128 96976
000050129 89360
000050130 75312
000050131 45920
000050132 60496
000050133 74784
000050136 107600
000050137 56544
000050138 71856
000050139 104448
000050140 70640
000050141 45680
000050143 100960
000050144 76064
000050145 44464
000050146 54176
000050147 86256
000050148 86960
000050149 112768
000050150 110880
000050151 109216
000050152 89920
000050153 88176
000050154 91840
000050155 92656
000050156 99200
000050157 100096
000050158 128320
000050159 94528
000050160 61680
000050161 107200
000050163 70496
000050164 81344
000050165 101280
000050166 49488
000050167 88560
000050168 93440
000050169 91984
000050171 74384
000050172 58208
000050173 95376
000050175 84800
000050176 108720
000050178 75040
000050179 69440
000050180 78080
000050181 54832
000050182 113184
000050183 96912
000050184 48720
000050185 82816
000050186 49840
000050187 48848
000050188 96352
000050189 44272
000050190 53152
000050191 44000
000050192 45440
000050193 79520
000050194 91680
000050195 122576
000050197 46672
000050198 53344
000050199 88560
000050200 102736
000050201 75888
000050202 111248
000050203 55520
000050204 47568
000050205 112880
000050206 122208
000050207 109920
000050209 92480
000050210 110480
000050211 115168
000050212 77920
000050213 76768
000050215 82576
000050216 49488
000050217 78656
000050218 79664
000050219 88160
000050220 93424
000050221 57536
000050222 77888
000050223 83840
000050224 84832
000050225 49536
000050227 102768
000050230 75312
000050231 55264
000050232 67168
000050233 91840
000050234 48656
000050235 74960
000050237 52224
000050238 52256
000050239 48480
000050240 51760
000050241 111328
000050242 135504
000050243 133520
000050245 81264
000050246 35072
000050247 83760
000050248 77792
000050249 92480
000050250 91872
000050251 91360
000050252 69328
000050253 62864
000050254 66192
000050256 77872
000050257 80816
000050258 71664
000050259 94544
000050260 98320
000050261 84496
000050263 77280
000050265 105872
000050266 89280
000050268 66624
000050269 87168
000050271 62720
000050272 74096
000050273 74688
000050274 58080
000050275 75536
000050277 76832
000050278 73344
000050279 118256
000050280 83760
000050282 37296
000050283 51232
000050284 87840
000050285 48944
000050286 79616
000050289 120272
000050290 135632
000050291 51056
000050292 52064
000050293 38768
000050294 50032
000050295 84432
000050296 74464
000050297 131440
000050298 90800
000050299 40928
000050300 76704
000050301 80416
000050303 101824
000050304 62048
000050305 39488
000050306 51856
000050307 92416
000050308 107440
000050309 109120
000050310 113072
000050311 60544
000050312 97904
000050314 76272
000050315 64959
000050316 55664
000050317 76944
000050320 105904
000050322 56624
000050323 68448
000050324 83024
000050325 74240
000050327 46272
000050329 54112
000050330 87840
000050331 63936
000050333 43472
000050335 109328
000050336 60368
000050337 77856
000050338 101536
000050340 62096
000050341 75680
000050345 62656
000050346 91760
000050349 92176
000050350 70672
000050351 60544
000050352 82192
000050353 53440
000050354 90720
000050355 103776
000050360 43792
000050361 50688
000050362 88416
000050363 118144
000050364 82112
000050366 132352
000050367 102512
000050368 96416
000050369 54080
000050370 81680
000050372 57104
000050373 90448
000050376 94720
000050378 67264
000050379 56096
000050380 107680
000050381 97936
000050384 50064
000050385 66256
000050386 48480
000050387 59520
000050388 81840
000050390 113120
000050391 83712
000050392 54720
000050393 66896
000050394 92640
000050395 107120
000050396 57184
000050397 45120
000050398 69920
000050399 53440
000050400 53840
000060001 68672
000060002 164208
000060003 97920
000060004 114496
000060005 154720
000060006 77440
000060007 104432
000060008 101280
000060009 75680
000060010 104160
000060011 77920
000060012 133120
000060013 90880
000060014 141280
000060015 93120
000060016 140800
000060017 77760
000060018 89280
000060019 138912
000060020 81760
000060021 42240
000060023 70080
000060024 59280
000060025 74720
000060026 58240
000060027 60480
000060028 45504
000060029 60976
000060030 60000
000060031 76816
000060032 67360
000060033 79840
000060034 99840
000060035 38128
000060036 53280
000060037 74400
000060038 54720
000060039 53920
000060040 69504
000060041 27808
000060042 34880
000060043 59680
000060044 47152
000060045 41264
000060046 46640
000060047 39680
000060049 43840
000060050 50080
000060051 43696
000060052 70560
000060053 37760
000060054 36208
000060055 54608
000060056 54624
000060057 59680
000060058 65920
000060059 49600
000060060 57760
000060061 54720
000060062 50448
000060063 75040
000060064 50080
000060065 58720
000060066 46096
000060067 60000
000060068 66880
000060069 64319
000060070 49200
000060071 49760
000060072 66480
000060073 61280
000060074 63840
000060075 54048
000060076 88672
000060077 46080
000060078 73760
000060079 59040
000060080 43296
000060081 48960
000060082 80800
000060083 53920
000060084 56480
000060085 60480
000060086 64319
000060087 71520
000060088 58512
000060089 94560
000060090 75200
000060091 76640
000060092 99072
000060093 70240
000060094 60464
000060096 64959
000060097 60000
000060098 77904
000060099 57088
000060100 64959
000060101 100640
000060102 96528
000060103 88640
000060104 105600
000060105 55232
000060106 123920
000060107 110480
000060108 134240
000060109 118400
000060110 110880
000060111 57712
000060112 157120
000060113 43040
000060114 73552
000060115 39008
000060116 87680
000060117 99680
000060118 51040
000060119 62880
000060120 45408
000060121 46432
000060122 66080
000060123 117152
000060124 46688
000060125 114736
000060126 91936
000060127 72032
000060128 87200
000060129 66704
000060130 68320
000060132 42768
000060133 52992
000060134 65328
000060135 48160
000060136 75488
000060137 131232
000060138 74080
000060139 113440
000060140 90240
000060141 69600
000060142 53728
000060143 79088
000060144 59280
000060145 34224
000060146 66720
000060147 68320
000060148 52000
000060149 93968
000060150 46368
000060151 77616
000060152 98400
000060153 132480
000060154 50688
000060155 72320
000060156 72064
000060157 86640
000060158 113920
000060159 75040
000060160 132688
000060161 72320
000060162 55680
000060163 63872
000060164 81568
000060165 98720
000060166 129120
000060167 71776
000060169 100320
000060170 130656
000060171 63680
000060172 50240
000060173 79680
000060174 100560
000060175 129088
000060176 42880
000060177 62720
000060178 54240
000060179 73920
000060180 68000
000060181 114880
000060182 88320
000060183 62272
000060184 87520
000060185 82592
000060186 46944
000060187 106064
000060188 39472
000060189 44256
000060190 117120
000060191 86240
000060192 123888
000060193 50080
000060194 110880
000060195 38352
000060196 78400
000060197 113440
000060198 92480
000060199 90432
000060200 71200
000060201 54096
000060202 116320
000060203 82560
000060204 119568
000060205 50560
000060206 39008
000060207 152480
000060208 101600
000060209 132320
000060210 49024
000060211 113440
000060212 84320
000060213 47264
000060214 82944
000060215 42944
000060216 72160
000060217 55200
000060218 46240
000060219 94240
000060220 113824
000060221 141648
000060222 149600
000060223 60160
000060224 42240
000060225 67216
000060226 140320
000060227 83840
000060228 80544
000060229 57440
000060230 101584
000060231 90560
000060232 119360
000060233 102240
000060234 39040
000060235 70080
000060236 86672
000060237 81456
000060238 58544
000060239 61440
000060240 80320
000060241 109488
000060242 76576
000060243 75360
000060244 67520
000060245 91200
000060246 81280
000060247 89280
000060248 58240
000060249 116640
000060250 127200
000060251 38080
000060252 107040
000060253 77760
000060254 100800
000060255 102400
000060256 119200
000060258 115840
000060259 102848
000060260 95360
000060261 51152
000060262 69280
000060263 91280
000060265 50848
000060266 70240
000060267 56928
000060268 48480
000060269 113920
000060270 121760
000060271 54240
000060272 81600
000060273 103248
000060274 81024
000060275 106080
000060276 43200
000060277 82560
000060278 111040
000060279 49808
000060280 86880
000060281 93440
000060282 54560
000060283 62560
000060284 66400
000060285 93760
000060286 101760
000060287 84160
000060288 59040
000060289 93296
000060290 89568
000060291 84992
000060292 106080
000060293 135840
000060294 78464
000060295 68352
000060296 105760
000060297 74560
000060298 85568
000060299 83680
000060300 103536
000060301 131312
000060302 72000
000060303 90880
000060304 51040
000060305 56448
000060306 71040
000060307 69120
000060308 50560
000060309 58192
000060310 42560
000060311 68000
000060312 49280
000060313 96304
000060314 78992
000060315 141120
000060316 86352
000060317 58976
000060318 108960
000060319 80656
000060320 126720
000060321 84320
000060322 84240
000060323 48320
000060324 51840
000060325 104160
000060326 56032
000060327 87024
000060328 46400
000060329 87520
000060330 87040
000060331 63552
000060332 103680
000060333 114400
000060334 52992
000060335 82880
000060336 81920
000060337 117968
000060338 64800
000060339 126240
000060340 159200
000060341 108960
000060342 50080
000060343 48960
000060344 92576
000060345 49760
000060346 55680
000060347 82720
000060348 87040
000060349 71200
000060350 91840
000060351 96800
000060352 40160
000060353 55200
000060354 88480
000060355 81440
000060356 68864
000060357 41600
000060358 120800
000060359 86560
000060360 70240
000060362 60800
000060363 105600
000060364 67536
000060365 87520
000060366 63792
000060367 110720
000060368 71040
000060369 87440
000060370 81760
000060371 54064
000060372 78240
000060373 97440
000060374 38080
000060375 132640
000060376 81968
000060377 60640
000060378 89920
000060379 94880
000060380 84880
000060381 140640
000060382 46880
000060383 76160
000060384 73328
000060385 117280
000060386 77120
000060387 63840
000060388 94720
000060389 86560
000060391 56128
000060392 44000
000060393 119360
000060394 40800
000060395 98880
000060396 57440
000060397 63200
000060398 51520
000060399 70288
000060400 65120
000061401 55040
000061402 71360
000061403 64784
000061404 76352
000061405 69280
000061406 54800
000061407 56528
000061408 57440
000061409 46944
000061411 74880
000061412 69120
000061413 36320
000061414 82560
000061415 54080
000061416 61440
000061417 95840
000061418 60000
000061419 49136
000061420 49328
000061421 39520
000061422 49120
000061423 46560
000061424 53760
000061425 53280
000061426 58048
000061427 67104
000061428 44160
000061429 38704
000061430 64063
000061431 41120
000061432 77120
000061433 78560
000061434 58352
000061435 47520
000061437 53216
000061438 48000
000061439 79360
000061440 40128
000061441 62400
000061442 72640
000061443 72384
000061444 72000
000061445 55360
000061446 68944
000061447 57280
000061448 56960
000061449 59504
000061450 63680
000061451 81456
000061452 69248
000061453 66240
000061454 38320
000061455 69200
000061456 66272
000061457 57920
000061458 80960
000061459 40192
000061460 53920
000061461 56032
000061462 45600
000061463 67520
000061464 63040
000061465 50080
000061466 69600
000061467 49440
000061468 53616
000061469 65440
000061470 58080
000061471 50720
000061472 64111
000061473 45440
000061474 50560
000061475 60480
000061476 54880
000061477 61392
000061478 49760
000061479 62880
000061480 85440
000061481 55120
000061482 53280
000061483 46976
000061484 56336
000061485 53936
000061486 47024
000061487 72320
000061488 48800
000061489 80160
000061490 44496
000061491 46448
000061492 51392
000061493 42736
000061494 50880
000061495 47168
000061496 54400
000061497 50208
000061498 52480
000061499 49312
000061500 61440
000061501 74240
000061502 99776
000061503 83200
000061504 44528
000061505 115040
000061506 66704
000061507 46880
000061508 70400
000061509 81920
000061510 66032
000061511 76112
000061512 89600
000061513 90864
000061514 50080
000061515 70720
000061516 56160
000061517 52224
000061518 47840
000061519 80640
000061520 85600
000061522 56192
000061523 117280
000061524 109760
000061525 117760
000061526 89504
000061527 76640
000061528 81456
000061529 92160
000061530 118400
000061531 41936
000061532 50240
000061533 49472
000061534 34080
000061535 63680
000061536 76704
000061537 86720
000061538 37520
000061539 91936
000061540 55200
000061541 85280
000061542 41600
000061543 57760
000061544 80800
000061545 52320
000061546 62656
000061547 67840
000061548 106080
000061549 71984
000061550 40480
000061551 92800
000061552 56880
000061553 39936
000061554 43520
000061555 80480
000061556 65600
000061557 56576
000061558 58080
000061559 69280
000061560 52800
000061561 80160
000061562 50944
000061563 87520
000061564 82880
000061565 75520
000061566 76480
000061567 91504
000061568 136480
000061569 148768
000061570 100752
000061571 110240
000061572 84320
000061573 80000
000061574 107744
000061575 79440
000061576 79264
000061577 99680
000061578 62240
000061579 140160
000061580 87104
000061581 61232
000061582 139040
000061583 54080
000061584 76160
000061585 69568
000061586 101008
000061587 48848
000061588 68064
000061589 69600
000061590 122880
000061591 53120
000061592 91008
000061593 73616
000061594 66400
000061595 97120
000061596 55920
000061597 58464
000061598 49440
000061600 82880
000061601 69136
000061602 75488
000061603 50000
000061604 70592
000061605 52800
000061606 40192
000061607 77008
000061608 81152
000061609 96960
000061610 77696
000061611 126544
000061612 153600
000061613 89120
000061614 82080
000061615 86560
000061616 43040
000061617 38240
000061618 131136
000061619 61280
000061620 48320
000061621 99088
000061622 94880
000061623 109280
000061624 41408
000061625 92736
000061626 68864
000061627 53600
000061628 103360
000061629 116960
000061630 80800
000061631 45728
000061632 94080
000061633 46208
000061634 72960
000061635 53280
000061636 68896
000061637 100416
000061638 59040
000061639 70224
000061640 100960
000061641 62256
000061642 60640
000061643 91040
000061644 98512
000061645 41920
000061646 107840
000061647 44496
000061648 54880
000061649 95360
000061650 69744
000061651 103840
000061652 39360
000061653 75232
000061654 38592
000061655 101760
000061656 50688
000061657 52960
000061658 64928
000061659 43840
000061660 48192
000061661 81120
000061662 95840
000061663 50720
000061664 49584
000061665 49312
000061666 35712
000061667 102432
000061668 72800
000061669 68800
000061670 76960
000061671 70864
000061672 107360
000061673 115200
000061674 72800
000061675 86592
000061676 82048
000061677 131008
000061678 94720
000061679 40960
000061680 37184
000061681 85760
000061682 58096
000061683 73200
000061684 55040
000061685 92480
000061686 66704
000061687 36352
000061688 56640
000061689 56160
000061690 76960
000061691 81280
000061692 88400
000061693 87840
000061694 68160
000061695 77600
000061696 93920
000061697 114080
000061698 65152
000061699 70512
000061700 70512
000061701 43264
000061702 82080
000061704 70880
000061705 117440
000061706 83040
000061707 44896
000061708 69600
000061709 117760
000061710 40672
000061711 106256
000061712 81232
000061713 59360
000061714 74400
000061715 70816
000061716 54928
000061717 103008
000061718 55680
000061719 62880
000061720 61280
000061721 84240
000061722 128160
000061723 63200
000061724 90720
000061725 40480
000061726 49920
000061727 56960
000061729 61120
000061730 51840
000061731 132816
000061732 106752
000061733 74752
000061734 44384
000061735 93072
000061736 48656
000061737 42816
000061738 77440
000061739 144368
000061740 58720
000061741 53120
000061742 93440
000061743 59792
000061744 94080
000061745 49712
000061746 79840
000061747 99200
000061748 86720
000061749 47520
000061750 42560
000061751 68480
000061752 122080
000061753 90880
000061754 83200
000061755 83936
000061756 138720
000061757 85056
000061758 110560
000061759 79600
000061760 117792
000061761 74480
000061762 88640
000061763 108960
000061764 92000
000061765 77920
000061766 88640
000061767 90720
000061768 88912
000061770 85920
000061771 74720
000061772 109056
000061773 54400
000061774 67520
000061775 81120
000061776 51680
000061777 43632
000061778 42880
000061779 84480
000061780 53120
000061781 52992
000061782 123360
000061783 64672
000061784 109472
000061785 64336
000061786 54368
000061787 64160
000061788 62240
000061789 47568
000061790 41280
000061791 61600
000061792 67824
000061793 59344
000061794 63200
000061795 81728
000061796 37888
000061797 63728
000061798 45200
000061799 40752
000061800 111664
000070001 69344
000070002 176480
000070003 106880
000070004 127632
000070005 172000
000070006 98400
000070007 127520
000070008 114080
000070009 94400
000070010 125600
000070011 84480
000070012 153920
000070013 103840
000070014 148960
000070015 117856
000070016 167680
000070017 96864
000070018 106288
000070019 165600
000070020 95520
000070021 52320
000070022 72128
000070023 76288
000070024 69152
000070025 92640
000070026 60160
000070027 60640
000070028 54272
000070029 70880
000070030 76160
000070031 88160
000070032 78560
000070033 100000
000070034 103680
000070036 59040
000070037 90400
000070038 65760
000070039 69440
000070040 71680
000070041 32095
000070042 38720
000070043 60800
000070044 45264
000070045 45920
000070046 44096
000070047 42880
000070048 85600
000070049 54560
000070050 60960
000070051 45984
000070052 74400
000070053 41744
000070054 40304
000070055 60912
000070056 70928
000070057 73600
000070058 70560
000070059 71312
000070060 70880
000070061 57760
000070062 58384
000070063 83840
000070064 68800
000070065 60960
000070066 58720
000070067 60480
000070068 86080
000070069 66624
000070070 63280
000070071 52000
000070072 80480
000070073 63360
000070074 78720
000070075 62880
000070076 101888
000070077 56000
000070078 91680
000070079 66560
000070080 50416
000070081 64160
000070082 93120
000070083 69760
000070084 72160
000070085 72800
000070086 74080
000070087 79360
000070088 77248
000070089 104160
000070090 84960
000070091 96624
000070092 140160
000070093 99520
000070094 75680
000070095 77600
000070096 73760
000070097 64640
000070098 99360
000070099 71360
000070100 91712
000070101 101440
000070102 83040
000070103 80880
000070104 75520
000070105 44320
000070106 66080
000070107 86080
000070108 77920
000070109 61120
000070110 103520
000070111 95680
000070112 60480
000070113 76944
000070114 67200
000070115 108800
000070116 57600
000070117 48560
000070118 122240
000070119 64784
000070120 53360
000070121 114400
000070122 77120
000070123 36160
000070124 60576
000070125 44160
000070126 120000
000070127 80016
000070129 104528
000070130 79696
000070131 113824
000070132 90720
000070133 87520
000070134 86240
000070135 62240
000070136 157760
000070137 65440
000070138 97952
000070139 103040
000070140 113920
000070141 77616
000070142 83824
000070143 68960
000070144 117600
000070145 64319
000070146 92800
000070147 95840
000070148 47680
000070149 44224
000070150 106240
000070151 101440
000070152 113904
000070153 64959
000070154 108416
000070155 115680
000070156 76960
000070157 89440
000070158 87632
000070159 58144
000070161 85216
000070162 122880
000070163 79040
000070164 76528
000070165 56304
000070166 95200
000070167 119520
000070168 86720
000070169 107680
000070170 66592
000070171 82080
000070172 83216
000070173 74800
000070174 88960
000070175 72816
000070176 114720
000070177 64000
000070178 121760
000070179 71792
000070180 92480
000070181 81696
000070182 55360
000070183 103008
000070184 81920
000070185 116368
000070186 45600
000070187 126624
000070188 85984
000070189 81840
000070190 105264
000070192 46304
000070193 77920
000070194 109600
000070195 117280
000070196 88864
000070197 110880
000070198 111200
000070199 82624
000070200 47936
000070201 94720
000070202 96320
000070203 116112
000070204 96800
000070205 92016
000070206 93920
000070207 75872
000070209 107840
000070210 88096
000070211 43744
000070212 50720
000070213 74560
000070214 82080
000070215 46400
000070216 70448
000070217 72800
000070218 89952
000070219 43040
000070220 120576
000070221 130240
000070223 135328
000070224 98592
000070225 86880
000070226 43088
000070227 110864
000070228 115680
000070229 116000
000070230 56608
000070231 59488
000070232 46832
000070233 96336
000070234 117440
000070235 73488
000070236 94080
000070237 112128
000070238 111136
000070239 58880
000070240 149600
000070241 114352
000070242 74592
000070243 66944
000070244 107200
000070245 118560
000070246 98400
000070247 99344
000070248 98560
000070249 85760
000070250 85920
000070251 73536
000070252 97712
000070253 73920
000070254 112160
000070255 121120
000070256 72640
000070257 112640
000070258 46720
000070259 150080
000070260 98848
000070261 149408
000070262 59312
000070263 124832
000070264 74448
000070265 79200
000070267 67200
000070269 93280
000070270 126880
000070271 101776
000070272 62880
000070273 55408
000070274 48480
000070275 56288
000070276 45760
000070277 53056
000070278 64800
000070279 131039
000070280 137280
000070281 60944
000070282 69600
000070283 93584
000070284 112160
000070285 90400
000070286 136960
000070287 141008
000070288 62560
000070289 51840
000070290 50336
000070292 46240
000070293 105328
000070294 42400
000070295 123056
000070296 100320
000070297 107840
000070298 40960
000070299 133120
000070301 88000
000070302 81424
000070303 58560
000070304 71520
000070305 119840
000070306 115200
000070307 159472
000070308 108480
000070309 71744
000070310 111680
000070311 79552
000070313 112640
000070314 56320
000070315 76224
000070316 85280
000070317 64640
000070318 76080
000070319 54208
000070320 116000
000070322 59520
000070323 104160
000070324 54560
000070325 159456
000070326 110720
000070327 132016
000070328 90720
000070329 98160
000070330 112336
000070332 76000
000070333 74880
000070334 35920
000070335 135040
000070336 88912
000070337 99520
000070338 111536
000070339 88896
000070340 134560
000070342 117920
000070343 103360
000070345 116800
000070346 56480
000070347 68032
000070348 128416
000070349 114656
000070350 56000
000070351 113072
000070352 58528
000070353 88960
000070354 71360
000070355 81408
000070356 128479
000070357 82560
000070358 68880
000070359 142096
000070360 69488
000070361 110720
000070362 96192
000070363 101280
000070364 98752
000070365 96800
000070366 85600
000070367 103632
000070368 78400
000070369 67840
000070370 91520
000070371 63008
000070372 95904
000070374 106080
000070375 77920
000070376 126720
000070378 80816
000070379 60784
000070380 80096
000070381 52768
000070382 41440
000070383 60000
000070385 77760
000070386 128144
000070387 116304
000070388 91360
000070389 61440
000070390 73152
000070391 103536
000070392 70560
000070393 110080
000070394 114080
000070395 130720
000070396 63840
000070397 103632
000070399 76800
000071401 61712
000071402 87200
000071403 67520
000071404 78608
000071405 63680
000071406 55072
000071407 65248
000071408 79840
000071409 48432
000071411 84320
000071412 83040
000071413 42240
000071414 88320
000071415 57600
000071416 69920
000071418 63360
000071421 44016
000071422 57120
000071423 49776
000071424 72800
000071425 64160
000071426 57296
000071427 81120
000071428 51392
000071429 49296
000071430 64000
000071431 44560
000071432 82560
000071433 83520
000071434 60480
000071435 59360
000071436 62080
000071438 60800
000071439 79712
000071440 42016
000071441 72800
000071442 74656
000071443 68304
000071444 97600
000071445 58880
000071447 69280
000071448 64959
000071449 62080
000071451 71504
000071452 79712
000071453 78560
000071454 44544
000071456 68416
000071457 70720
000071458 94928
000071459 47232
000071460 59280
000071461 72960
000071462 46176
000071463 83680
000071464 78720
000071465 58080
000071466 78688
000071467 57280
000071468 68832
000071469 71168
000071470 68480
000071471 61360
000071473 45536
000071474 59680
000071475 79840
000071476 67360
000071477 73120
000071478 57280
000071479 67968
000071480 89120
000071482 60000
000071483 56864
000071485 62400
000071487 77600
000071488 59840
000071489 88480
000071490 52080
000071491 57280
000071492 62048
000071493 57280
000071494 64959
000071495 60640
000071496 77760
000071497 59536
000071498 63840
000071499 73600
000071500 65440
000071501 82240
000071502 82080
000071504 114080
000071505 107200
000071506 116320
000071507 74880
000071510 63840
000071511 56320
000071512 44192
000071514 77280
000071515 64160
000071516 85600
000071518 105472
000071519 117968
000071520 66992
000071521 89936
000071522 122720
000071523 132160
000071524 104480
000071525 94704
000071526 139840
000071527 122880
000071528 144320
000071529 128160
000071531 38976
000071532 76560
000071533 126720
000071534 48608
000071535 41120
000071536 68208
000071537 90224
000071538 95360
000071539 128991
000071540 58240
000071542 56480
000071544 47040
000071545 73760
000071546 104624
000071547 58720
000071549 114400
000071550 161136
000071552 98480
000071553 104000
000071554 127200
000071555 116960
000071556 49792
000071558 58720
000071559 111520
000071560 130720
000071561 78416
000071562 86240
000071564 82816
000071565 72608
000071566 72432
000071567 69280
000071568 39680
000071570 119104
000071571 112128
000071572 73280
000071573 89936
000071574 64720
000071575 66560
000071576 42320
000071578 60112
000071582 107664
000071583 87200
000071584 128639
000071585 148320
000071586 43984
000071588 77600
000071589 46880
000071590 90720
000071591 78240
000071592 90880
000071593 125600
000071594 48640
000071595 89888
000071596 51520
000071597 94240
000071598 87520
000071599 89520
000071600 98560
000071601 107360
000071602 65360
000071603 81664
000071604 75936
000071605 74080
000071606 58976
000071607 77328
000071610 54080
000071611 114976
000071612 84960
000071613 101408
000071615 78880
000071616 82016
000071617 106400
000071618 139200
000071619 72640
000071620 133440
000071622 91248
000071623 43040
000071624 91040
000071625 70096
000071626 76480
000071627 65760
000071629 108400
000071630 104800
000071631 62080
000071632 63200
000071633 135200
000071634 121280
000071635 94560
000071636 77856
000071637 73264
000071639 112480
000071641 62720
000071642 69760
000071643 85760
000071644 65280
000071645 138720
000071646 103968
000071647 74640
000071648 82560
000071649 90080
000071650 121920
000071651 127120
000071652 81456
000071654 80480
000071656 71360
000071657 78048
000071658 121024
000071659 48800
000071660 71680
000071661 74880
000071662 47296
000071663 88288
000071664 105280
000071665 94880
000071666 51360
000071667 86368
000071668 51040
000071670 70064
000071672 127504
000071675 126544
000071676 64288
000071678 108320
000071679 81280
000071680 87200
000071682 95744
000071683 54080
000071684 85328
000071685 49264
000071686 85120
000071687 75552
000071689 76240
000071690 78080
000071691 63232
000071693 65760
000071694 54400
000071695 101744
000071696 125440
000071697 47904
000071698 109280
000071699 62256
000071700 93920
000071701 136320
000071702 33504
000071703 63488
000071704 117968
000071705 84960
000071706 41632
000071707 76160
000071708 77760
000071710 100960
000071711 68960
000071712 48800
000071713 54688
000071714 64720
000071716 120640
000071717 53952
000071718 80480
000071719 105280
000071720 102880
000071721 120784
000071722 75680
000071723 84592
000071724 102320
000071725 111360
000071726 56480
000071727 134080
000071728 52912
000071729 66320
000071730 73600
000071732 111520
000071733 59408
000071734 59920
000071735 66288
000071736 46240
000071737 102496
000071739 57760
000071740 145408
000071741 72416
000071742 72080
000071743 108320
000071744 80320
000071746 96960
000071747 72640
000071749 81440
000071750 86224
000071751 80992
000071752 72320
000071753 88000
000071754 137120
000071755 74752
000071756 98752
000071757 103680
000071758 80112
000071760 55840
000071761 92000
000071762 120480
000071764 79360
000071765 73520
000071766 114272
000071767 69920
000071769 129759
000071770 53744
000071771 86240
000071772 100320
000071773 66080
000071775 104944
000071776 82208
000071777 103216
000071779 45600
000071780 73008
000071781 126080
000071782 113280
000071783 101408
000071784 89920
000071785 119520
000071786 103360
000071787 108000
000071788 102880
000071789 99680
000071790 149280
000071791 68848
000071792 98400
000071793 66640
000071795 119600
000071796 115120
000071797 77168
000071798 105584
000071800 139504
000080001 61136
000080002 146880
000080003 83040
000080004 102880
000080005 147040
000080006 90880
000080007 99680
000080008 91040
000080009 67984
000080010 90400
000080011 80272
000080012 132112
000080014 135840
000080015 104032
000080016 153280
000080017 86608
000080018 97808
000080019 139840
000080020 86400
000080021 46672
000080022 57424
000080024 64032
000080025 97600
000080026 56400
000080027 57440
000080028 49504
000080029 65792
000080030 72128
000080031 72320
000080032 72800
000080033 93920
000080034 117760
000080036 59824
000080037 83040
000080038 58720
000080039 64959
000080040 74320
000080041 31808
000080042 40640
000080043 71200
000080044 51984
000080045 45760
000080046 48896
000080047 44800
000080048 84640
000080049 50720
000080050 59680
000080052 81760
000080053 49600
000080054 45920
000080056 80640
000080057 80480
000080058 65760
000080059 62080
000080060 69920
000080061 62560
000080062 59456
000080063 81440
000080064 81280
000080065 68000
000080066 59088
000080067 68496
000080068 86080
000080069 68848
000080070 69904
000080071 57920
000080072 73280
000080073 72960
000080074 80800
000080075 63040
000080076 114240
000080077 64959
000080078 89952
000080079 64480
000080081 61120
000080082 96320
000080083 69280
000080084 70080
000080085 69760
000080086 72320
000080087 80496
000080088 71216
000080089 114880
000080090 79520
000080091 90720
000080092 112160
000080093 80960
000080094 69600
000080095 68160
000080096 68960
000080097 64640
000080098 96960
000080099 76112
000080100 77120
000080101 129919
000080102 146400
000080103 125968
000080104 103008
000080105 80640
000080106 116160
000080107 178160
000080108 52160
000080109 180320
000080111 110240
000080112 120320
000080113 105120
000080114 74880
000080116 54336
000080117 67200
000080118 97968
000080119 132496
000080120 58544
000080121 41136
000080122 49440
000080123 109280
000080124 44160
000080125 82880
000080126 95200
000080127 110400
000080128 81120
000080129 128000
000080130 135680
000080132 54512
000080133 120480
000080134 78720
000080135 92480
000080137 103840
000080138 79680
000080139 91872
000080140 108560
000080141 67888
000080142 113120
000080144 111440
000080145 102240
000080146 65760
000080147 66592
000080148 114912
000080149 60064
000080150 88224
000080151 101120
000080152 66240
000080153 70784
000080154 146400
000080155 81920
000080156 39840
000080157 111168
000080158 53184
000080159 144896
000080160 121024
000080161 99360
000080163 86880
000080164 92768
000080165 49760
000080166 85520
000080168 100176
000080169 96800
000080170 62128
000080171 107200
000080172 72512
000080173 100064
000080174 115680
000080175 80480
000080176 85632
000080177 77920
000080178 145920
000080179 64864
000080180 134800
000080181 84320
000080182 42080
000080184 80320
000080185 124592
000080186 69152
000080187 49024
000080188 96080
000080189 78032
000080191 133120
000080192 135872
000080193 168768
000080195 137440
000080196 123536
000080197 78400
000080199 145440
000080201 130080
000080202 68000
000080205 73472
000080206 69280
000080207 140960
000080208 83408
000080210 116640
000080211 95056
000080212 84624
000080213 101600
000080214 63360
000080215 61600
000080216 66880
000080217 80320
000080218 106560
000080219 72672
000080220 70240
000080221 46880
000080222 137600
000080223 89120
000080224 71232
000080225 79040
000080226 77200
000080227 116800
000080228 133840
000080229 92640
000080230 75200
000080231 61856
000080233 100080
000080234 68320
000080235 119984
000080236 131520
000080237 75696
000080238 105920
000080239 73120
000080240 122432
000080241 70576
000080242 71680
000080243 113600
000080244 86560
000080245 136960
000080246 65920
000080247 128800
000080248 107712
000080249 74832
000080250 90064
000080251 128271
000080252 47440
000080253 123200
000080254 145488
000080255 111520
000080256 95520
000080257 47040
000080258 95680
000080259 42016
000080260 81616
000080261 85600
000080262 95680
000080263 55616
000080264 99360
000080265 189040
000080266 50880
000080267 59680
000080268 73824
000080269 64640
000080270 100160
000080271 51840
000080272 82080
000080273 66128
000080276 101104
000080277 81600
000080278 112320
000080279 76176
000080280 158880
000080282 112000
000080283 64640
000080284 103888
000080285 64048
000080286 121440
000080287 84000
000080288 79520
000080289 91360
000080290 80432
000080291 84336
000080292 98880
000080293 80864
000080294 78240
000080296 72960
000080297 80320
000080298 47504
000080299 91040
000080300 112480
000080301 122784
000080302 154240
000080304 57600
000080305 102384
000080307 76000
000080308 75904
000080309 98560
000080310 72592
000080311 65456
000080312 127360
000080313 47680
000080314 56480
000080315 97920
000080316 83680
000080317 116800
000080318 99520
000080320 122928
000080321 84960
000080322 75408
000080323 51360
000080324 112512
000080325 83360
000080326 118880
000080328 68800
000080329 64447
000080330 103920
000080331 102464
000080332 105648
000080333 118720
000080334 99600
000080335 58592
000080336 72512
000080337 119648
000080338 110240
000080339 121072
000080340 52800
000080341 102624
000080342 131824
000080343 121440
000080344 120944
000080345 145600
000080346 106496
000080347 165120
000080348 135360
000080350 104448
000080351 56000
000080352 88480
000080353 50240
000080354 83728
000080355 91360
000080356 68096
000080357 129407
000080358 79264
000080359 104224
000080360 62240
000080361 140704
000080362 113104
000080364 117760
000080365 82880
000080366 65184
000080367 127360
000080368 74944
000080369 106240
000080370 108160
000080372 48800
000080373 71680
000080374 103360
000080375 130687
000080376 96000
000080377 54880
000080378 111680
000080379 61008
000080380 88000
000080381 72912
000080382 116160
000080383 55648
000080384 65280
000080385 129936
000080387 106080
000080388 49856
000080389 58560
000080391 110880
000080392 40640
000080393 107264
000080394 51200
000080396 125600
000080398 111888
000080399 96800
000080400 70240
000081401 59968
000081402 80416
000081403 66560
000081404 77600
000081405 69760
000081406 66896
000081407 64000
000081408 71680
000081409 48224
000081411 75360
000081412 87040
000081413 38896
000081414 87040
000081415 59040
000081416 66688
000081417 89424
000081418 68528
000081421 39504
000081422 53760
000081423 47440
000081424 69920
000081425 52160
000081426 58832
000081428 46464
000081429 50080
000081430 67040
000081432 73440
000081433 78720
000081434 59200
000081435 53120
000081436 59520
000081438 58080
000081439 80032
000081440 39264
000081441 64800
000081442 66384
000081443 68384
000081444 88640
000081445 52960
000081446 67472
000081447 54784
000081448 60640
000081449 57600
000081450 68160
000081451 70352
000081453 72640
000081454 42416
000081456 70880
000081457 75952
000081458 82944
000081459 52048
000081460 56320
000081461 62336
000081463 76480
000081464 72640
000081465 61280
000081466 63024
000081467 53120
000081468 60368
000081469 67232
000081470 64623
000081471 69440
000081472 61328
000081473 49600
000081474 59040
000081475 69120
000081476 66112
000081477 64768
000081478 60160
000081479 67520
000081480 88000
000081481 63248
000081482 57120
000081483 52880
000081484 52208
000081486 48544
000081487 70720
000081488 53120
000081489 86400
000081490 49920
000081491 49984
000081492 57568
000081493 60032
000081494 53712
000081495 52480
000081496 63360
000081498 60480
000081499 64000
000081500 58880
000081501 46720
000081503 61488
000081504 90096
000081505 76000
000081506 106880
000081507 84064
000081508 64160
000081509 141904
000081510 81904
000081512 75840
000081513 136640
000081514 98240
000081515 69280
000081516 113648
000081517 65184
000081518 50192
000081519 40960
000081520 104736
000081521 50736
000081522 109968
000081523 87360
000081525 74240
000081526 71696
000081527 78528
000081529 39360
000081530 50560
000081531 78272
000081532 88688
000081533 62480
000081534 84848
000081536 133712
000081537 111360
000081538 91344
000081539 81632
000081540 124320
000081541 101584
000081542 111056
000081543 133504
000081545 79504
000081546 77424
000081548 43312
000081550 94880
000081551 101120
000081552 75424
000081553 101760
000081554 100640
000081555 111200
000081556 147792
000081557 56560
000081558 58240
000081560 109120
000081561 51200
000081562 91360
000081563 84448
000081564 41472
000081565 108912
000081566 53200
000081567 66720
000081568 73280
000081569 74240
000081570 115520
000081571 126336
000081572 69120
000081574 73104
000081575 103360
000081576 56960
000081577 74880
000081578 70112
000081579 115504
000081580 43136
000081581 69920
000081583 93408
000081584 71680
000081585 65888
000081586 79456
000081587 83968
000081588 66848
000081589 101376
000081590 68576
000081591 66560
000081593 62080
000081594 83680
000081595 124800
000081596 60800
000081597 62928
000081598 130800
000081599 82880
000081600 92112
000081601 74240
000081602 100000
000081604 79984
000081605 94240
000081606 57280
000081607 107200
000081608 91680
000081609 79072
000081611 112544
000081612 104800
000081613 52160
000081614 95840
000081615 112640
000081616 100976
000081617 102304
000081618 124256
000081619 114320
000081620 71920
000081621 64000
000081622 117152
000081623 67776
000081624 65120
000081625 110432
000081626 70864
000081628 50080
000081629 129967
000081630 50608
000081631 97760
000081632 79616
000081633 52944
000081634 62304
000081635 41888
000081636 53376
000081637 104752
000081638 38720
000081639 72336
000081640 86080
000081641 82080
000081642 109136
000081643 115040
000081644 69760
000081646 81984
000081648 95840
000081649 78944
000081650 82080
000081651 110720
000081652 97280
000081653 43520
000081654 39520
000081655 87040
000081656 128000
000081657 65471
000081659 128639
000081660 124160
000081662 66544
000081663 83520
000081664 94016
000081665 104064
000081667 113120
000081669 66336
000081670 116480
000081671 101760
000081672 120128
000081673 99520
000081674 54720
000081675 82240
000081676 69440
000081677 108320
000081678 85744
000081680 142240
000081681 128175
000081682 75936
000081683 124656
000081685 79520
000081686 121312
000081687 102960
000081688 134400
000081689 81600
000081690 79200
000081691 109120
000081692 130880
000081693 70192
000081694 53024
000081695 72480
000081697 131520
000081698 75472
000081699 79536
000081700 94240
000081701 99040
000081702 135728
000081703 109408
000081704 99376
000081705 105920
000081706 92960
000081707 147040
000081708 118960
000081709 69584
000081710 63920
000081711 71520
000081712 75920
000081713 89680
000081714 70928
000081715 132320
000081716 77760
000081717 87168
000081718 89280
000081719 111360
000081720 105120
000081721 85376
000081722 82608
000081723 68320
000081724 65376
000081725 75024
000081726 77440
000081727 47664
000081728 89600
000081729 49232
000081730 45120
000081731 65584
000081732 55600
000081733 58192
000081734 45280
000081735 76800
000081736 104880
000081737 98240
000081738 85664
000081739 55328
000081740 43968
000081741 59200
000081742 56592
000081743 121760
000081744 49280
000081745 41152
000081746 81120
000081747 48720
000081748 47008
000081749 91520
000081750 50400
000081751 112800
000081752 109840
000081753 70560
000081754 89152
000081755 54080
000081756 75520
000081757 129280
000081758 96512
000081759 66816
000081760 69344
000081761 121760
000081762 46384
000081763 98064
000081764 60928
000081765 82640
000081766 93280
000081767 80512
000081768 98208
000081769 92720
000081770 89120
000081771 59648
000081772 119520
000081773 64480
000081774 96160
000081775 62848
000081776 62544
000081777 91040
000081778 86720
000081779 91776
000081780 104224
000081781 73600
000081782 80256
000081784 63968
000081785 77440
000081786 129919
000081787 97600
000081788 110720
000081790 73840
000081791 63168
000081792 121920
000081793 81440
000081794 103232
000081795 91520
000081797 53888
000081798 61120
000081799 56800
000081800 54592
000090001 60592
000090002 151840
000090003 98672
000090004 120480
000090005 140160
000090006 87216
000090007 100640
000090008 89744
000090009 68032
000090010 95520
000090011 83488
000090012 126720
000090013 96512
000090014 133472
000090015 109152
000090016 152480
000090017 78960
000090018 90432
000090019 140800
000090020 80752
000090021 44448
000090022 62384
000090024 57616
000090025 83568
000090026 58368
000090027 59760
000090028 49200
000090029 63984
000090030 64800
000090031 70400
000090032 63200
000090033 80160
000090034 119360
000090035 41056
000090036 60480
000090037 82720
000090038 56272
000090039 58240
000090040 68640
000090041 31280
000090042 34704
000090043 62496
000090044 50928
000090045 39968
000090046 40992
000090047 44224
000090048 80800
000090049 45552
000090050 53952
000090052 64480
000090053 38016
000090055 54928
000090056 72672
000090057 63520
000090058 58048
000090059 57744
000090060 64080
000090061 49936
000090062 51984
000090063 74192
000090064 54880
000090065 57216
000090068 76160
000090069 60240
000090070 56800
000090071 51840
000090072 68720
000090073 62320
000090074 77312
000090076 100400
000090077 62704
000090078 81920
000090079 62576
000090080 42480
000090081 52064
000090082 82112
000090083 58720
000090084 63472
000090085 63712
000090086 61392
000090087 73808
000090088 68272
000090089 114080
000090090 81120
000090091 77280
000090092 115824
000090093 77760
000090094 63152
000090095 77600
000090096 60320
000090097 58720
000090098 88160
000090099 68480
000090100 70496
000090101 72320
000090102 52240
000090103 64959
000090104 72768
000090106 131360
000090107 97072
000090108 37408
000090109 123360
000090110 135360
000090111 73504
000090112 131840
000090113 106400
000090114 123008
000090116 96112
000090117 145120
000090118 83040
000090119 108160
000090120 107168
000090121 93360
000090122 118240
000090123 80624
000090124 99360
000090125 57600
000090127 105744
000090128 126400
000090129 74560
000090130 76352
000090131 120592
000090132 60640
000090133 79840
000090134 60512
000090135 84464
000090136 124912
000090138 93120
000090139 92304
000090140 95136
000090141 112448
000090142 167920
000090143 123520
000090144 118064
000090147 96400
000090148 68112
000090150 76768
000090151 46608
000090152 54848
000090153 90400
000090154 82368
000090155 62688
000090156 42992
000090157 70736
000090158 79808
000090159 52384
000090161 68480
000090163 131840
000090164 42496
000090165 83440
000090166 62400
000090167 66560
000090169 89760
000090170 54112
000090171 77664
000090172 98016
000090173 44640
000090174 94240
000090175 76480
000090176 53808
000090178 88800
000090179 81600
000090180 101920
000090181 96480
000090182 100960
000090183 82720
000090184 48320
000090185 101536
000090186 62640
000090187 37920
000090188 47984
000090189 57312
000090190 97840
000090191 51376
000090192 88208
000090193 57600
000090194 78880
000090195 55840
000090196 47760
000090197 45552
000090198 88480
000090201 112512
000090203 106880
000090205 92208
000090206 68016
000090207 61760
000090208 104704
000090209 50144
000090211 133216
000090212 75328
000090214 109280
000090215 51728
000090216 70704
000090217 160320
000090219 96000
000090220 72464
000090222 41280
000090223 123200
000090224 51328
000090225 47552
000090226 91520
000090227 44160
000090228 88832
000090229 71616
000090230 69216
000090231 100304
000090232 116160
000090233 101104
000090235 89760
000090236 53216
000090237 93920
000090239 71680
000090240 82976
000090243 81472
000090244 97264
000090245 67632
000090246 105440
000090247 130768
000090249 61552
000090250 70752
000090251 109600
000090252 69776
000090253 72992
000090255 78400
000090256 71232
000090257 40480
000090258 109088
000090259 92000
000090260 61424
000090261 124640
000090262 65904
000090263 131152
000090264 100352
000090265 56000
000090266 74192
000090267 90256
000090268 80960
000090269 80320
000090270 97920
000090271 120208
000090272 39136
000090273 93120
000090274 97760
000090275 115296
000090276 74128
000090277 55360
000090279 66400
000090280 81280
000090281 86400
000090282 107696
000090283 61056
000090284 70080
000090285 61344
000090286 88480
000090287 84592
000090288 86704
000090289 90784
000090290 63040
000090291 63360
000090292 51520
000090293 81200
000090296 117120
000090297 92800
000090298 81360
000090301 49648
000090303 41008
000090304 60560
000090305 104320
000090306 102128
000090307 89152
000090308 60880
000090309 125424
000090310 111360
000090311 118816
000090312 91984
000090313 66080
000090315 114160
000090316 100032
000090317 69920
000090318 84816
000090319 101280
000090321 57440
000090322 91680
000090323 90624
000090324 115168
000090325 118080
000090326 80496
000090327 133504
000090328 92000
000090329 44544
000090330 50336
000090331 76688
000090332 110832
000090333 85920
000090334 43872
000090335 54720
000090336 84800
000090337 100640
000090338 125760
000090339 35920
000090340 90352
000090341 84160
000090342 50976
000090343 65120
000090344 61760
000090345 66864
000090347 86048
000090348 105856
000090349 75680
000090350 85520
000090351 51440
000090352 75520
000090353 90368
000090354 93936
000090355 70416
000090356 76800
000090357 126080
000090358 115840
000090359 43264
000090360 92976
000090361 52304
000090362 51376
000090363 74352
000090364 66288
000090365 66240
000090366 120512
000090367 50704
000090368 75008
000090369 78208
000090370 53456
000090371 98144
000090372 104480
000090373 75600
000090374 51392
000090375 70080
000090376 81568
000090377 105792
000090378 95072
000090379 61200
000090380 48560
000090381 63360
000090382 53600
000090383 84800
000090384 34800
000090385 134560
000090386 42672
000090387 61120
000090388 90736
000090389 121440
000090390 44976
000090391 37760
000090392 68160
000090393 68464
000090395 104624
000090396 110864
000090397 95520
000090398 59328
000090399 100640
000090400 50144
000091401 56096
000091402 75840
000091403 63184
000091405 71040
000091406 53472
000091407 58976
000091408 67360
000091409 43136
000091410 70832
000091411 69760
000091412 75200
000091413 37712
000091414 76016
000091415 57392
000091416 59664
000091417 77760
000091418 52544
000091419 51024
000091420 44704
000091422 45968
000091423 41120
000091424 61920
000091425 51280
000091426 58560
000091427 66608
000091428 45440
000091429 49296
000091430 62928
000091431 38240
000091432 73760
000091433 77360
000091434 69440
000091435 54592
000091436 56480
000091438 51232
000091439 71104
000091440 36128
000091441 59664
000091443 63744
000091444 72320
000091445 50400
000091446 66656
000091447 53440
000091448 56800
000091449 60320
000091450 64480
000091451 66064
000091453 61760
000091454 39904
000091457 60752
000091458 74096
000091460 54464
000091461 58272
000091463 62224
000091464 68864
000091465 56480
000091466 61664
000091467 49040
000091470 58560
000091471 46944
000091474 52000
000091475 66320
000091476 59200
000091477 61712
000091478 44160
000091479 61792
000091480 82464
000091481 57008
000091482 56000
000091483 52512
000091485 55760
000091487 68480
000091488 52688
000091489 76944
000091491 48480
000091492 55632
000091493 47424
000091494 51360
000091495 48320
000091496 60592
000091497 48496
000091499 55040
000091500 66176
000091502 53696
000091503 52464
000091504 128352
000091505 108000
000091506 110800
000091507 58064
000091508 138448
000091509 77824
000091510 87520
000091511 51200
000091512 110976
000091513 110672
000091514 70560
000091515 59392
000091516 103360
000091517 101600
000091520 65248
000091521 92512
000091523 84048
000091524 86160
000091525 101760
000091526 53728
000091527 84960
000091528 70400
000091529 79520
000091531 51408
000091532 111472
000091533 60800
000091534 97280
000091535 72784
000091536 73296
000091537 119344
000091538 95840
000091539 68016
000091540 47424
000091541 91424
000091542 74160
000091543 99904
000091544 75216
000091545 70336
000091546 87360
000091548 88016
000091549 98720
000091550 109568
000091552 51664
000091553 53024
000091554 39296
000091555 62704
000091556 80640
000091557 61232
000091558 104768
000091559 76976
000091560 44736
000091561 100816
000091562 40464
000091563 101232
000091564 162880
000091565 117664
000091566 101632
000091567 123360
000091568 126288
000091569 66128
000091571 89584
000091572 90480
000091573 42496
000091574 79856
000091575 77472
000091576 73088
000091577 52944
000091578 44480
000091579 85280
000091580 45344
000091583 83424
000091584 73568
000091585 90368
000091586 104640
000091588 92480
000091589 57920
000091590 92400
000091591 59360
000091592 86944
000091594 75360
000091596 51408
000091597 76320
000091598 75440
000091599 63536
000091602 48464
000091605 87088
000091607 121456
000091609 78512
000091611 75040
000091613 70384
000091614 68592
000091615 107040
000091616 92368
000091617 39360
000091619 112368
000091620 81600
000091622 74752
000091623 81424
000091624 68960
000091625 80320
000091626 95200
000091628 80672
000091629 84768
000091630 84704
000091632 50160
000091633 72480
000091634 60400
000091635 37680
000091637 58880
000091638 35152
000091639 62560
000091640 76624
000091641 60000
000091642 71680
000091643 103744
000091644 66960
000091645 78816
000091647 43680
000091648 41440
000091649 64640
000091652 96512
000091653 55056
000091654 69440
000091655 71168
000091658 51728
000091659 85264
000091660 70960
000091661 123840
000091662 89632
000091664 60672
000091665 92368
000091666 49216
000091667 76480
000091669 63840
000091670 79920
000091671 102800
000091672 109920
000091673 137120
000091675 74192
000091677 64480
000091678 94240
000091679 98736
000091680 62720
000091683 106736
000091684 49232
000091685 40704
000091686 84240
000091687 64384
000091688 77760
000091690 103680
000091691 78544
000091692 48032
000091693 57120
000091694 97296
000091695 55840
000091696 79520
000091698 56384
000091699 40192
000091701 45824
000091702 60960
000091703 65343
000091704 94912
000091705 80640
000091706 77520
000091707 48144
000091708 58336
000091709 86992
000091710 58400
000091711 72800
000091712 54256
000091713 106496
000091714 83584
000091716 53008
000091717 47696
000091719 52800
000091720 66400
000091721 88960
000091722 112320
000091723 70608
000091724 38560
000091725 121440
000091726 105888
000091727 48528
000091728 55552
000091729 56320
000091730 48176
000091731 48576
000091732 52816
000091733 67904
000091734 70048
000091735 82752
000091736 87536
000091737 68800
000091738 66096
000091739 61200
000091741 81328
000091742 37136
000091743 101376
000091744 81920
000091745 64608
000091746 69680
000091747 56480
000091748 64959
000091749 46016
000091750 113600
000091751 34224
000091753 73248
000091754 83376
000091755 111840
000091758 50400
000091759 81728
000091760 78528
000091761 60016
000091762 59040
000091763 68928
000091764 58224
000091765 120768
000091766 78912
000091767 39520
000091768 59360
000091769 87200
000091770 92144
000091771 84960
000091773 85728
000091776 71984
000091777 47136
000091778 36480
000091779 72464
000091780 44016
000091781 49440
000091783 58256
000091784 48960
000091785 76480
000091786 57312
000091787 73584
000091788 140224
000091789 100080
000091791 66768
000091792 66128
000091793 65168
000091795 49824
000091798 89136
000091799 117952
000100001 57984
000100002 142560
000100003 70736
000100004 113920
000100005 120160
000100006 76960
000100007 103840
000100008 103536
000100009 63840
000100010 91680
000100011 70896
000100012 116640
000100013 77200
000100014 140224
000100015 97440
000100016 142992
000100017 76480
000100018 89968
000100019 136160
000100020 80480
000100021 39840
000100022 56112
000100023 56608
000100024 55568
000100025 89600
000100026 48144
000100027 45808
000100028 40208
000100029 56272
000100030 59440
000100031 72320
000100032 65280
000100033 76480
000100034 89440
000100035 42384
000100036 52640
000100037 73280
000100038 54880
000100039 52960
000100040 65568
000100041 26784
000100042 34208
000100043 54400
000100044 41888
000100045 41280
000100046 40656
000100047 38960
000100048 73120
000100049 47200
000100050 49280
000100051 39088
000100052 76640
000100053 33760
000100054 37808
000100055 48544
000100056 66912
000100057 69440
000100058 57920
000100059 48144
000100060 62976
000100061 46080
000100062 47216
000100063 80480
000100064 54848
000100065 56528
000100066 48304
000100067 53760
000100068 72784
000100069 60672
000100070 56080
000100072 61680
000100073 63360
000100074 75680
000100075 69680
000100076 92176
000100077 50400
000100078 82560
000100079 59040
000100080 44992
000100081 57760
000100082 78720
000100083 58064
000100084 61600
000100085 61440
000100086 59024
000100087 64160
000100088 76928
000100089 98560
000100090 70240
000100091 74624
000100092 107840
000100093 68240
000100094 55520
000100095 63040
000100096 60480
000100097 61168
000100098 83360
000100099 65792
000100100 67840
000100101 99408
000100102 47760
000100103 64976
000100104 83120
000100105 56432
000100106 102528
000100107 126720
000100108 61328
000100109 96320
000100110 84800
000100112 104496
000100113 87120
000100114 55360
000100115 48160
000100116 94240
000100117 128160
000100118 60960
000100119 45440
000100120 53072
000100121 79168
000100122 48784
000100123 72800
000100124 46880
000100125 66976
000100126 75040
000100127 82128
000100128 135680
000100129 44000
000100130 47200
000100131 78480
000100132 96800
000100133 93760
000100134 108160
000100135 92800
000100136 77280
000100137 84768
000100138 54352
000100139 37344
000100140 153440
000100141 83680
000100142 72992
000100143 92480
000100144 70640
000100145 59936
000100146 50464
000100147 51344
000100148 140640
000100150 92464
000100151 51968
000100152 77120
000100153 41120
000100154 73920
000100155 86720
000100156 82576
000100157 78400
000100158 91520
000100159 105600
000100160 59184
000100161 67856
000100162 81440
000100163 45712
000100164 134848
000100165 66240
000100166 129280
000100167 57104
000100168 123760
000100169 77136
000100170 94896
000100171 135840
000100172 58800
000100173 103360
000100174 45760
000100175 121760
000100176 110848
000100177 87488
000100178 76688
000100179 116160
000100180 89120
000100181 95520
000100182 49600
000100183 42064
000100184 122896
000100185 92624
000100186 91360
000100187 113504
000100188 138720
000100189 77472
000100190 97440
000100192 65712
000100193 77440
000100194 108272
000100195 105696
000100196 86416
000100197 51680
000100198 101760
000100199 50448
000100200 98720
000100201 98240
000100202 51520
000100203 103520
000100205 99360
000100206 80640
000100207 74720
000100208 69216
000100209 67840
000100210 77776
000100211 56480
000100212 98720
000100213 136320
000100214 61440
000100215 101280
000100216 75520
000100217 80624
000100218 53120
000100219 180960
000100220 132640
000100221 119040
000100222 80160
000100223 133280
000100224 89104
000100225 82048
000100226 111200
000100227 104144
000100228 79024
000100229 64640
000100230 120800
000100231 79840
000100232 92160
000100233 62832
000100234 56640
000100235 70800
000100236 94720
000100237 111568
000100238 69456
000100239 66240
000100240 83040
000100241 45632
000100242 67360
000100243 131039
000100244 84208
000100245 116000
000100246 74528
000100247 64976
000100248 111200
000100249 47328
000100250 89824
000100251 116000
000100252 97600
000100253 54720
000100254 72176
000100255 72320
000100256 57120
000100257 91168
000100258 105616
000100260 58880
000100261 123088
000100262 136320
000100263 87680
000100264 80480
000100266 88160
000100267 134240
000100268 68000
000100269 125744
000100270 136768
000100272 83824
000100273 131840
000100274 51392
000100275 65184
000100276 136960
000100278 63856
000100279 172816
000100280 88544
000100281 59840
000100282 107360
000100283 75952
000100284 52800
000100285 101760
000100286 56848
000100287 45264
000100288 93760
000100289 107680
000100290 75504
000100291 89920
000100292 82688
000100293 90016
000100294 88608
000100295 122560
000100296 80960
000100297 106544
000100298 84160
000100299 133216
000100300 161440
000100301 104160
000100302 93440
000100303 89168
000100304 111040
000100305 93872
000100306 97280
000100307 92272
000100308 100480
000100310 84704
000100311 64480
000100312 57440
000100313 114080
000100314 56784
000100315 90848
000100316 108768
000100317 80448
000100318 70720
000100319 84640
000100320 109440
000100321 45248
000100322 110240
000100323 48960
