000010001 16
000010002 19
000010003 27
000010005 15
000010006 8
000010007 16
000010008 17
000010009 9
000010010 16
000010011 17
000010012 15
000010013 24
000010014 7
000010015 20
000010016 10
000010018 15
000010019 10
000010020 10
000010022 15
000010023 21
000010024 16
000010025 16
000010026 20
000010027 14
000010028 14
000010029 10
000010030 14
000010031 14
000010034 18
000010035 17
000010036 14
000010037 19
000010039 7
000010040 13
000010042 13
000010043 15
000010044 11
000010045 15
000010046 21
000010047 13
000010048 15
000010049 19
000010050 17
000010051 27
000010053 19
000010054 17
000010055 4
000010056 22
000010057 13
000010058 16
000010059 14
000010061 14
000010062 10
000010063 13
000010064 20
000010065 18
000010066 12
000010067 19
000010068 14
000010071 11
000010072 20
000010073 12
000010074 22
000010075 17
000010077 6
000010078 30
000010079 12
000010080 8
000010081 37
000010082 18
000010083 21
000010084 13
000010085 20
000010086 15
000010087 12
000010089 19
000010091 21
000010092 12
000010094 21
000010095 11
000010096 14
000010097 11
000010098 14
000010100 12
000010101 26
000010102 13
000010103 25
000010104 21
000010105 15
000010106 26
000010108 22
000010109 15
000010110 32
000010111 24
000010112 24
000010113 24
000010114 30
000010115 12
000010116 18
000010117 9
000010119 11
000010120 14
000010121 13
000010122 11
000010123 14
000010125 22
000010126 11
000010127 21
000010129 24
000010130 19
000010131 21
000010132 23
000010133 30
000010134 27
000010135 13
000010136 17
000010137 10
000010139 19
000010140 9
000010141 37
000010142 15
000010143 28
000010144 22
000010145 20
000010146 20
000010147 33
000010149 12
000010150 22
000010151 23
000010152 6
000010153 24
000010155 37
000010156 15
000010157 14
000010158 6
000010159 15
000010160 11
000010161 11
000010162 20
000010163 21
000010164 29
000010165 8
000010166 13
000010167 26
000010168 31
000010169 26
000010170 23
000010172 25
000010173 21
000010174 15
000010175 31
000010176 39
000010177 6
000010178 26
000010179 12
000010180 28
000010181 12
000010182 25
000010183 21
000010184 18
000010185 21
000010186 24
000010187 21
000010188 24
000010189 25
000010191 13
000010192 15
000010194 31
000010195 11
000010197 12
000010198 13
000010199 12
000010200 11
000010201 14
000010202 11
000010203 25
000010204 16
000010205 26
000010206 14
000010207 11
000010208 21
000010209 19
000010210 18
000010211 18
000010212 26
000010213 33
000010214 16
000010215 17
000010217 31
000010219 20
000010220 31
000010221 13
000010222 16
000010223 18
000010224 10
000010225 16
000010226 30
000010227 16
000010228 14
000010230 10
000010231 21
000010232 20
000010234 32
000010235 12
000010236 20
000010237 25
000010238 17
000010240 45
000010241 14
000010242 19
000010243 29
000010244 27
000010245 28
000010246 13
000010247 17
000010248 9
000010249 22
000010250 23
000010251 6
000010252 16
000010253 6
000010254 20
000010256 8
000010257 21
000010259 19
000010260 28
000010261 21
000010262 28
000010263 19
000010264 31
000010266 13
000010267 9
000010268 28
000010269 9
000010270 10
000010271 12
000010272 12
000010273 25
000010274 24
000010275 13
000010277 29
000010278 25
000010279 9
000010281 10
000010282 18
000010283 19
000010284 15
000010285 20
000010286 13
000010287 25
000010288 14
000010289 27
000010290 23
000010291 29
000010292 8
000010293 11
000010294 8
000010295 5
000010297 29
000010298 10
000010299 20
000010300 7
000010301 18
000010302 12
000010303 32
000010305 18
000010306 13
000010307 23
000010308 16
000010309 10
000010310 24
000010311 24
000010312 11
000010315 10
000010317 15
000010318 20
000010319 16
000010320 29
000010321 16
000010322 13
000010323 9
000010324 37
000010325 24
000010326 42
000010327 24
000010328 32
000010329 26
000010330 25
000010331 34
000010332 27
000010333 10
000010334 15
000010335 29
000010336 15
000010338 42
000010339 20
000010340 15
000010341 25
000010342 10
000010343 21
000010344 23
000010345 24
000010346 17
000010347 21
000010349 28
000010350 17
000010351 17
000010352 17
000010353 18
000010354 29
000010355 11
000010357 30
000010358 31
000010359 15
000010360 21
000010361 30
000010362 6
000010363 12
000010364 17
000010365 11
000010366 18
000010367 13
000010368 29
000010369 12
000010370 25
000010371 19
000010373 16
000010374 21
000010375 33
000010376 27
000010377 16
000010378 30
000010379 7
000010380 10
000010381 10
000010382 20
000010383 11
000010384 17
000010385 25
000010386 10
000010387 13
000010388 8
000010389 35
000010390 14
000010391 23
000010392 19
000010393 15
000010394 25
000010395 21
000010396 34
000010397 23
000010398 11
000010399 23
000011401 18
000011402 19
000011403 35
000011404 15
000011406 7
000011407 7
000011408 19
000011410 14
000011411 17
000011412 21
000011413 15
000011414 12
000011415 19
000011416 8
000011418 19
000011419 14
000011420 20
000011421 15
000011422 13
000011423 14
000011424 16
000011425 15
000011426 23
000011427 9
000011428 13
000011429 12
000011430 16
000011431 15
000011432 16
000011433 11
000011434 46
000011435 20
000011436 12
000011437 13
000011439 20
000011441 13
000011442 20
000011443 17
000011444 18
000011445 25
000011446 11
000011447 33
000011448 10
000011449 17
000011450 15
000011451 41
000011453 11
000011454 15
000011455 17
000011456 14
000011457 13
000011458 15
000011459 7
000011460 20
000011461 17
000011463 18
000011464 27
000011465 13
000011466 9
000011467 14
000011468 11
000011469 19
000011470 11
000011471 21
000011472 15
000011473 10
000011474 24
000011475 17
000011476 12
000011478 15
000011479 13
000011480 16
000011481 14
000011482 14
000011483 14
000011485 13
000011486 35
000011487 12
000011490 33
000011491 8
000011492 11
000011493 10
000011495 42
000011496 13
000011497 13
000011498 13
000011499 34
000011501 41
000011502 14
000011504 21
000011505 19
000011506 7
000011507 23
000011509 15
000011511 11
000011512 44
000011513 15
000011514 11
000011515 23
000011516 28
000011518 25
000011520 19
000011521 27
000011522 14
000011523 17
000011525 34
000011526 19
000011527 20
000011528 31
000011529 27
000011530 29
000011531 22
000011532 28
000011533 27
000011534 22
000011535 25
000011536 17
000011537 12
000011539 23
000011540 23
000011541 21
000011542 23
000011543 31
000011544 20
000011545 9
000011546 21
000011547 28
000011548 22
000011549 13
000011550 32
000011551 20
000011552 31
000011556 15
000011557 15
000011558 14
000011559 14
000011560 16
000011561 12
000011562 10
000011564 7
000011565 26
000011566 28
000011567 27
000011568 12
000011570 15
000011571 16
000011572 19
000011573 30
000011574 8
000011575 15
000011576 11
000011578 21
000011579 16
000011580 24
000011581 26
000011583 17
000011584 8
000011585 9
000011588 30
000011589 19
000011590 20
000011592 10
000011593 19
000011594 19
000011596 11
000011597 32
000011598 19
000011599 24
000011600 16
000011602 10
000011603 21
000011604 25
000011606 8
000011607 27
000011608 24
000011611 17
000011614 26
000011615 24
000011616 31
000011617 23
000011619 15
000011620 20
000011621 26
000011623 23
000011626 20
000011627 12
000011630 21
000011631 42
000011633 23
000011634 56
000011635 16
000011636 16
000011637 17
000011639 22
000011643 33
000011644 29
000011645 29
000011647 26
000011648 11
000011649 24
000011651 14
000011653 27
000011655 20
000011657 30
000011658 13
000011659 13
000011660 10
000011662 19
000011664 27
000011665 15
000011666 15
000011667 29
000011668 24
000011669 23
000011671 14
000011672 32
000011673 11
000011675 15
000011676 18
000011677 14
000011678 20
000011679 24
000011680 10
000011681 13
000011682 19
000011683 12
000011684 16
000011685 15
000011686 27
000011687 17
000011688 27
000011689 27
000011690 20
000011691 8
000011692 12
000011693 6
000011694 13
000011695 20
000011696 19
000011697 35
000011698 22
000011699 18
000011700 23
000011701 20
000011702 24
000011703 25
000011704 25
000011707 14
000011708 27
000011709 17
000011710 20
000011711 7
000011712 27
000011713 22
000011714 11
000011715 14
000011716 9
000011717 16
000011718 35
000011720 14
000011721 28
000011722 15
000011723 16
000011724 14
000011726 30
000011727 20
000011728 23
000011729 31
000011730 18
000011731 13
000011732 13
000011733 25
000011734 28
000011735 11
000011736 12
000011737 21
000011738 20
000011739 9
000011741 15
000011742 14
000011743 14
000011744 17
000011746 30
000011747 38
000011748 30
000011749 20
000011751 26
000011753 28
000011754 26
000011755 7
000011757 28
000011759 7
000011760 11
000011761 29
000011763 22
000011764 16
000011766 15
000011767 12
000011769 11
000011770 15
000011771 23
000011773 13
000011774 12
000011775 10
000011776 12
000011777 12
000011778 8
000011779 14
000011780 6
000011781 20
000011782 34
000011783 27
000011784 13
000011785 14
000011786 26
000011787 10
000011788 22
000011789 15
000011790 12
000011791 27
000011792 23
000011793 10
000011794 19
000011795 21
000011796 6
000011797 11
000011798 15
000011799 24
000011800 16
000020001 18
000020003 42
000020005 20
000020006 36
000020007 17
000020008 27
000020009 13
000020010 17
000020011 4
000020012 17
000020013 18
000020014 10
000020015 20
000020016 8
000020017 18
000020018 22
000020020 17
000020021 14
000020023 19
000020024 15
000020027 8
000020028 12
000020029 10
000020032 15
000020033 19
000020034 12
000020035 19
000020036 13
000020038 14
000020039 11
000020040 14
000020041 14
000020042 11
000020043 14
000020044 14
000020045 21
000020047 15
000020048 16
000020049 20
000020050 23
000020051 12
000020052 15
000020053 23
000020054 41
000020057 15
000020058 46
000020060 34
000020062 16
000020063 11
000020064 12
000020065 20
000020066 6
000020067 14
000020070 10
000020073 9
000020074 13
000020075 10
000020078 15
000020079 17
000020080 19
000020082 15
000020084 22
000020085 17
000020087 14
000020088 13
000020091 15
000020092 24
000020093 14
000020094 8
000020096 6
000020099 16
000020100 11
000020101 26
000020103 33
000020107 31
000020108 14
000020109 20
000020112 14
000020113 19
000020114 7
000020116 11
000020117 14
000020120 18
000020121 26
000020123 8
000020124 10
000020126 25
000020127 17
000020131 10
000020134 13
000020136 25
000020137 14
000020138 17
000020139 40
000020140 14
000020143 14
000020144 6
000020145 13
000020147 25
000020148 7
000020149 26
000020151 10
000020152 20
000020153 23
000020154 19
000020155 24
000020157 20
000020158 23
000020159 19
000020163 14
000020164 32
000020165 19
000020166 14
000020167 24
000020168 31
000020169 17
000020170 26
000020171 32
000020172 48
000020173 14
000020174 23
000020175 16
000020176 21
000020177 15
000020179 6
000020180 19
000020181 18
000020185 21
000020186 25
000020187 19
000020188 28
000020189 9
000020190 10
000020191 8
000020194 11
000020196 13
000020197 6
000020200 10
000020201 19
000020202 18
000020203 12
000020204 17
000020206 22
000020208 15
000020210 6
000020211 9
000020213 16
000020214 8
000020219 20
000020221 21
000020225 29
000020226 11
000020233 28
000020234 25
000020235 10
000020237 18
000020238 25
000020240 30
000020241 21
000020242 31
000020243 29
000020244 22
000020246 16
000020247 19
000020250 29
000020251 12
000020253 12
000020254 20
000020256 13
000020257 12
000020258 23
000020259 14
000020260 23
000020262 16
000020267 17
000020268 24
000020270 10
000020271 13
000020273 18
000020275 13
000020279 12
000020281 21
000020282 14
000020283 15
000020284 28
000020288 28
000020289 10
000020290 16
000020291 14
000020293 19
000020295 12
000020296 9
000020297 28
000020298 13
000020299 18
000020300 22
000020301 22
000020303 6
000020305 9
000020306 30
000020307 34
000020309 32
000020310 14
000020311 7
000020312 17
000020313 5
000020314 10
000020316 18
000020317 24
000020318 15
000020322 17
000020323 29
000020326 31
000020327 35
000020328 17
000020329 18
000020332 22
000020333 16
000020334 24
000020335 15
000020338 15
000020339 12
000020340 11
000020342 8
000020343 29
000020344 17
000020345 13
000020346 14
000020348 16
000020350 16
000020352 24
000020355 22
000020356 16
000020359 23
000020360 15
000020361 18
000020363 14
000020364 17
000020365 8
000020366 15
000020367 14
000020368 17
000020370 14
000020373 23
000020375 22
000020376 26
000020377 19
000020378 13
000020379 21
000020380 12
000020381 38
000020382 23
000020385 24
000020388 13
000020390 8
000020391 23
000020392 20
000020395 10
000020396 37
000020397 22
000020398 42
000020399 22
000020400 33
000021403 14
000021404 10
000021405 16
000021406 4
000021407 10
000021409 12
000021411 15
000021413 13
000021415 14
000021416 14
000021418 20
000021419 20
000021420 13
000021421 21
000021422 16
000021423 21
000021424 20
000021425 21
000021426 10
000021427 20
000021428 15
000021429 15
000021430 15
000021431 14
000021432 11
000021434 17
000021435 12
000021436 11
000021437 14
000021438 19
000021439 13
000021440 12
000021441 14
000021442 13
000021444 10
000021445 19
000021448 20
000021450 7
000021451 8
000021452 17
000021453 13
000021454 14
000021455 14
000021456 33
000021457 13
000021458 13
000021459 37
000021460 12
000021461 15
000021463 7
000021464 13
000021465 16
000021466 14
000021467 35
000021468 7
000021469 10
000021470 21
000021471 20
000021473 7
000021474 14
000021476 15
000021477 18
000021480 24
000021482 10
000021483 10
000021484 21
000021486 16
000021488 17
000021489 19
000021491 13
000021493 14
000021494 13
000021495 15
000021496 25
000021497 27
000021498 14
000021500 14
000021501 15
000021503 16
000021504 29
000021506 17
000021507 13
000021508 21
000021510 17
000021511 30
000021512 21
000021513 12
000021514 31
000021515 12
000021516 12
000021519 24
000021520 31
000021521 13
000021523 8
000021524 6
000021525 39
000021526 15
000021527 11
000021528 15
000021529 25
000021530 22
000021531 30
000021532 25
000021533 29
000021534 23
000021535 16
000021536 29
000021538 18
000021539 12
000021540 14
000021541 12
000021543 17
000021544 20
000021546 32
000021548 23
000021549 14
000021550 33
000021551 15
000021555 23
000021556 14
000021557 9
000021558 19
000021561 22
000021562 27
000021563 26
000021564 20
000021565 21
000021567 9
000021569 15
000021571 21
000021574 12
000021577 22
000021578 26
000021580 25
000021581 18
000021584 24
000021585 25
000021586 17
000021590 12
000021595 33
000021598 24
000021600 14
000021602 23
000021603 35
000021604 23
000021605 15
000021606 23
000021607 40
000021608 20
000021609 16
000021612 8
000021614 13
000021616 27
000021617 8
000021619 11
000021620 14
000021621 25
000021622 13
000021623 19
000021625 8
000021627 22
000021628 23
000021629 10
000021631 20
000021632 16
000021636 10
000021639 23
000021641 15
000021644 16
000021645 35
000021647 22
000021650 15
000021651 19
000021652 15
000021653 20
000021655 28
000021656 39
000021657 17
000021658 21
000021659 33
000021663 23
000021666 13
000021667 24
000021668 25
000021669 21
000021672 24
000021674 35
000021676 30
000021677 27
000021679 11
000021681 21
000021682 36
000021684 13
000021686 31
000021688 15
000021689 22
000021690 7
000021693 33
000021696 9
000021699 33
000021700 26
000021701 23
000021702 14
000021708 31
000021709 10
000021710 19
000021711 30
000021712 29
000021715 21
000021716 14
000021719 26
000021720 17
000021722 27
000021723 30
000021725 16
000021730 17
000021732 24
000021733 20
000021734 18
000021737 21
000021738 28
000021739 21
000021741 13
000021742 19
000021743 12
000021744 19
000021745 10
000021746 21
000021748 33
000021749 18
000021750 21
000021751 17
000021752 30
000021753 25
000021754 34
000021755 18
000021756 25
000021757 15
000021758 22
000021760 15
000021761 12
000021762 12
000021763 18
000021764 11
000021765 29
000021767 21
000021768 24
000021769 14
000021771 8
000021772 16
000021774 23
000021775 18
000021776 14
000021777 36
000021778 13
000021779 17
000021780 29
000021781 21
000021782 18
000021784 31
000021786 13
000021788 19
000021789 18
000021791 19
000021792 11
000021793 6
000021795 11
000021797 25
000021799 34
000030001 11
000030002 15
000030003 14
000030004 20
000030005 19
000030006 41
000030007 11
000030008 11
000030009 7
000030011 17
000030012 12
000030013 19
000030014 15
000030016 16
000030018 14
000030019 20
000030020 7
000030021 16
000030022 15
000030024 6
000030025 18
000030026 18
000030027 19
000030028 12
000030029 19
000030030 12
000030031 18
000030032 12
000030033 9
000030034 8
000030035 18
000030036 20
000030037 15
000030038 25
000030039 13
000030040 14
000030041 15
000030042 13
000030043 16
000030044 17
000030045 8
000030046 11
000030047 4
000030048 14
000030049 12
000030050 6
000030051 16
000030052 14
000030053 14
000030054 10
000030055 25
000030056 14
000030057 10
000030058 22
000030059 16
000030060 18
000030061 23
000030063 19
000030064 23
000030065 22
000030066 12
000030067 6
000030068 15
000030070 15
000030071 19
000030072 16
000030073 11
000030075 13
000030076 15
000030077 19
000030078 16
000030079 15
000030081 13
000030082 14
000030083 21
000030084 15
000030085 18
000030086 42
000030087 17
000030088 8
000030089 20
000030090 17
000030092 10
000030093 15
000030094 8
000030095 11
000030096 13
000030097 15
000030098 13
000030099 14
000030100 37
000030102 6
000030103 9
000030105 19
000030106 22
000030107 29
000030108 33
000030109 6
000030110 16
000030111 26
000030112 25
000030113 13
000030114 15
000030115 30
000030117 14
000030119 19
000030120 27
000030121 17
000030122 17
000030123 19
000030125 33
000030126 20
000030127 36
000030128 19
000030129 25
000030130 26
000030131 13
000030132 28
000030135 22
000030136 22
000030137 8
000030138 13
000030139 37
000030140 41
000030141 15
000030142 13
000030143 11
000030144 29
000030145 22
000030146 24
000030147 13
000030148 13
000030149 36
000030150 17
000030151 13
000030153 12
000030154 23
000030155 28
000030156 21
000030157 27
000030159 21
000030160 15
000030162 24
000030163 24
000030164 13
000030166 21
000030167 10
000030169 21
000030171 29
000030172 17
000030173 22
000030174 18
000030175 16
000030176 32
000030177 40
000030178 18
000030179 29
000030180 11
000030182 20
000030184 7
000030185 25
000030186 37
000030187 16
000030188 7
000030189 36
000030190 31
000030191 18
000030192 25
000030193 28
000030194 10
000030195 16
000030196 18
000030197 14
000030198 17
000030199 24
000030200 12
000030201 22
000030202 12
000030203 15
000030204 19
000030206 16
000030207 38
000030208 13
000030209 19
000030210 8
000030212 24
000030213 18
000030214 9
000030216 22
000030217 18
000030218 18
000030219 15
000030220 27
000030221 17
000030222 35
000030223 32
000030224 21
000030225 14
000030226 9
000030227 14
000030229 6
000030231 29
000030232 30
000030233 15
000030234 16
000030235 23
000030236 23
000030238 18
000030239 9
000030240 21
000030241 22
000030243 25
000030244 27
000030245 18
000030246 23
000030247 27
000030248 41
000030249 38
000030250 25
000030252 21
000030254 23
000030255 23
000030256 24
000030257 30
000030258 11
000030259 37
000030260 43
000030261 5
000030262 17
000030263 22
000030264 35
000030265 21
000030266 15
000030268 46
000030270 21
000030272 32
000030274 25
000030275 11
000030276 15
000030277 15
000030278 24
000030279 8
000030280 8
000030281 17
000030282 22
000030283 11
000030284 16
000030285 29
000030286 16
000030288 12
000030289 27
000030290 25
000030291 23
000030292 36
000030293 28
000030294 14
000030295 14
000030296 10
000030297 26
000030298 16
000030299 12
000030300 15
000030301 18
000030302 14
000030303 13
000030304 14
000030306 11
000030307 8
000030309 12
000030311 22
000030312 30
000030313 24
000030314 32
000030315 37
000030316 19
000030317 11
000030319 11
000030320 17
000030321 24
000030322 21
000030323 25
000030325 22
000030326 32
000030327 21
000030330 28
000030331 26
000030332 31
000030333 21
000030334 24
000030335 17
000030336 12
000030337 8
000030338 24
000030339 16
000030341 20
000030342 12
000030343 7
000030344 18
000030345 15
000030346 33
000030348 17
000030350 10
000030351 43
000030352 14
000030353 12
000030354 18
000030355 28
000030356 21
000030357 15
000030358 36
000030359 35
000030360 21
000030361 5
000030362 23
000030363 25
000030364 23
000030365 23
000030366 36
000030367 25
000030368 16
000030369 16
000030370 23
000030372 8
000030374 16
000030375 22
000030376 15
000030377 25
000030379 24
000030380 25
000030381 9
000030384 21
000030385 24
000030386 12
000030387 32
000030388 27
000030389 35
000030390 23
000030391 16
000030392 25
000030393 28
000030394 14
000030399 16
000030400 11
000031401 13
000031402 14
000031403 11
000031404 20
000031405 12
000031407 13
000031408 19
000031409 14
000031410 13
000031411 8
000031412 11
000031414 12
000031415 16
000031417 13
000031418 19
000031419 25
000031421 19
000031422 8
000031423 17
000031424 14
000031425 10
000031426 14
000031427 8
000031428 14
000031429 21
000031431 13
000031432 17
000031433 24
000031434 15
000031435 17
000031436 13
000031437 13
000031438 20
000031439 10
000031440 10
000031441 11
000031442 14
000031443 27
000031444 8
000031445 17
000031446 15
000031447 13
000031448 10
000031449 15
000031450 35
000031452 17
000031453 8
000031454 18
000031456 14
000031457 15
000031458 12
000031459 20
000031461 21
000031463 13
000031464 23
000031465 17
000031466 35
000031467 33
000031468 30
000031469 27
000031470 17
000031471 14
000031472 16
000031473 10
000031474 20
000031475 10
000031476 12
000031477 21
000031478 7
000031479 22
000031480 21
000031481 14
000031482 12
000031483 20
000031486 14
000031487 10
000031488 14
000031489 19
000031490 13
000031491 21
000031492 18
000031493 7
000031494 12
000031495 10
000031497 34
000031498 21
000031499 20
000031501 22
000031502 8
000031503 26
000031504 8
000031505 24
000031506 22
000031507 22
000031508 21
000031509 10
000031510 12
000031511 8
000031512 25
000031513 26
000031514 26
000031515 16
000031516 28
000031517 31
000031518 16
000031520 15
000031521 13
000031523 18
000031524 14
000031525 19
000031528 30
000031529 36
000031530 25
000031531 25
000031532 25
000031533 17
000031534 16
000031535 31
000031536 8
000031537 17
000031539 24
000031541 27
000031542 27
000031543 7
000031544 10
000031546 27
000031547 16
000031548 43
000031549 29
000031550 22
000031551 15
000031552 25
000031553 26
000031554 16
000031555 26
000031556 28
000031557 31
000031558 8
000031560 16
000031561 15
000031562 13
000031563 8
000031564 37
000031565 27
000031566 11
000031567 18
000031568 13
000031569 14
000031570 13
000031571 31
000031572 31
000031573 14
000031574 13
000031575 23
000031576 26
000031577 28
000031578 21
000031579 16
000031580 7
000031581 24
000031582 22
000031583 29
000031584 26
000031585 13
000031586 14
000031587 26
000031588 31
000031589 23
000031590 27
000031592 6
000031593 17
000031594 31
000031595 12
000031596 12
000031597 22
000031598 17
000031599 16
000031600 24
000031601 10
000031602 16
000031603 35
000031604 18
000031605 29
000031606 26
000031607 26
000031608 27
000031610 35
000031614 17
000031615 12
000031616 25
000031617 16
000031618 33
000031619 9
000031620 29
000031621 32
000031622 6
000031623 14
000031624 20
000031625 20
000031626 16
000031627 24
000031628 22
000031629 20
000031630 31
000031632 21
000031633 21
000031634 16
000031635 10
000031636 17
000031637 20
000031638 12
000031639 27
000031640 36
000031641 30
000031642 9
000031643 25
000031644 11
000031645 11
000031646 16
000031648 35
000031649 12
000031650 11
000031651 29
000031652 9
000031653 19
000031654 25
000031655 23
000031657 18
000031658 37
000031660 23
000031661 11
000031662 22
000031663 40
000031664 22
000031665 14
000031667 16
000031668 29
000031669 29
000031671 18
000031672 25
000031674 9
000031676 16
000031678 21
000031679 24
000031680 37
000031681 26
000031682 10
000031683 23
000031684 24
000031685 16
000031686 19
000031687 15
000031688 19
000031689 15
000031690 31
000031691 30
000031692 17
000031694 26
000031695 12
000031696 21
000031697 39
000031698 15
000031699 18
000031700 24
000031701 10
000031703 30
000031704 37
000031705 38
000031706 12
000031707 17
000031708 17
000031709 19
000031710 9
000031712 21
000031713 31
000031714 7
000031715 13
000031716 24
000031717 7
000031718 31
000031719 25
000031720 31
000031721 12
000031722 44
000031723 25
000031724 24
000031726 18
000031727 13
000031728 12
000031729 25
000031732 19
000031733 5
000031735 16
000031736 16
000031737 26
000031738 6
000031739 22
000031740 33
000031741 20
000031742 28
000031743 14
000031744 11
000031746 12
000031747 7
000031748 41
000031749 26
000031751 37
000031752 26
000031753 8
000031754 33
000031755 15
000031757 41
000031758 25
000031759 32
000031762 14
000031763 25
000031764 16
000031765 17
000031766 19
000031767 27
000031769 15
000031770 9
000031771 21
000031772 18
000031773 10
000031774 23
000031775 9
000031776 36
000031777 24
000031778 13
000031779 31
000031781 25
000031782 25
000031783 31
000031785 12
000031786 27
000031787 25
000031788 9
000031789 20
000031790 15
000031791 25
000031792 19
000031793 33
000031794 21
000031795 18
000031796 27
000031797 24
000031798 6
000031799 12
000031800 20
000040001 13
000040002 22
000040003 11
000040004 15
000040005 10
000040006 10
000040007 14
000040008 8
000040009 17
000040010 6
000040011 19
000040012 7
000040013 20
000040014 10
000040015 16
000040016 10
000040017 15
000040018 17
000040019 14
000040020 7
000040022 35
000040023 20
000040024 13
000040025 27
000040026 10
000040027 10
000040028 15
000040029 17
000040030 12
000040031 15
000040033 14
000040034 17
000040035 16
000040036 25
000040037 21
000040038 17
000040039 7
000040040 12
000040041 17
000040042 16
000040043 24
000040044 12
000040045 12
000040046 19
000040047 6
000040048 15
000040050 14
000040051 13
000040053 18
000040054 14
000040055 17
000040056 16
000040057 13
000040059 10
000040060 13
000040061 8
000040062 13
000040063 15
000040064 14
000040065 16
000040067 19
000040068 21
000040069 9
000040070 12
000040071 10
000040072 12
000040073 16
000040074 37
000040075 12
000040076 19
000040077 13
000040078 15
000040080 19
000040081 16
000040082 20
000040083 20
000040084 11
000040085 13
000040086 17
000040088 13
000040089 21
000040090 15
000040091 14
000040093 18
000040094 18
000040095 21
000040096 14
000040097 33
000040098 8
000040099 21
000040100 22
000040101 10
000040102 13
000040103 8
000040104 13
000040105 26
000040106 26
000040107 12
000040108 27
000040109 11
000040110 19
000040111 11
000040112 10
000040113 28
000040114 19
000040116 13
000040117 7
000040118 13
000040119 24
000040120 15
000040121 28
000040122 35
000040123 14
000040124 8
000040125 17
000040126 11
000040127 6
000040128 23
000040129 26
000040130 12
000040131 6
000040132 37
000040133 16
000040134 19
000040135 15
000040136 41
000040137 9
000040138 8
000040139 26
000040140 13
000040141 29
000040142 19
000040143 15
000040144 33
000040145 18
000040146 13
000040147 30
000040148 20
000040149 12
000040150 27
000040151 22
000040152 25
000040153 20
000040154 25
000040155 37
000040156 28
000040157 24
000040158 17
000040159 17
000040160 15
000040161 19
000040162 10
000040163 14
000040164 38
000040165 12
000040166 19
000040167 9
000040168 13
000040169 28
000040170 16
000040171 31
000040172 18
000040173 11
000040174 9
000040175 19
000040176 24
000040177 8
000040178 17
000040179 20
000040180 10
000040181 11
000040182 16
000040183 20
000040184 18
000040185 27
000040186 26
000040187 16
000040188 23
000040189 19
000040190 30
000040191 17
000040192 18
000040193 18
000040194 34
000040195 13
000040196 19
000040197 25
000040198 24
000040199 34
000040200 19
000040201 23
000040202 23
000040203 30
000040204 22
000040205 8
000040206 26
000040207 10
000040208 27
000040209 15
000040210 22
000040211 10
000040212 11
000040214 27
000040216 24
000040217 13
000040218 25
000040219 7
000040220 19
000040221 6
000040222 24
000040223 8
000040224 17
000040225 22
000040226 29
000040227 34
000040228 49
000040229 18
000040230 15
000040231 11
000040232 26
000040233 14
000040234 17
000040235 14
000040236 12
000040238 15
000040239 16
000040240 19
000040241 14
000040242 19
000040243 13
000040244 34
000040245 19
000040246 16
000040247 10
000040248 16
000040249 15
000040250 15
000040251 22
000040252 17
000040253 10
000040254 17
000040255 25
000040256 15
000040257 24
000040258 13
000040259 18
000040260 26
000040261 18
000040262 9
000040263 28
000040264 17
000040265 32
000040266 32
000040267 9
000040268 24
000040269 12
000040270 10
000040271 29
000040272 10
000040273 38
000040274 19
000040275 12
000040276 14
000040277 18
000040278 34
000040279 19
000040280 12
000040281 23
000040283 14
000040284 15
000040286 20
000040287 8
000040288 20
000040289 11
000040290 21
000040291 5
000040292 21
000040293 15
000040294 15
000040295 19
000040296 9
000040297 22
000040298 19
000040299 21
000040300 18
000040301 21
000040302 19
000040303 7
000040304 11
000040305 6
000040306 34
000040308 33
000040309 37
000040310 12
000040311 22
000040313 28
000040314 7
000040315 22
000040316 20
000040317 15
000040318 9
000040319 21
000040320 17
000040321 9
000040322 13
000040323 32
000040324 19
000040325 24
000040326 18
000040329 8
000040331 21
000040332 29
000040333 13
000040334 39
000040335 22
000040336 32
000040337 14
000040339 14
000040343 23
000040344 21
000040346 29
000040347 25
000040348 26
000040349 17
000040350 23
000040351 21
000040356 11
000040357 6
000040358 24
000040359 14
000040361 18
000040362 20
000040363 20
000040364 28
000040365 11
000040366 10
000040368 25
000040369 9
000040371 14
000040372 14
000040373 16
000040374 21
000040375 13
000040376 9
000040378 20
000040379 42
000040382 18
000040383 32
000040385 9
000040387 20
000040388 13
000040389 15
000040390 10
000040392 25
000040393 11
000040395 12
000040396 12
000040398 26
000040400 29
000041401 34
000041402 18
000041403 20
000041404 14
000041405 21
000041406 8
000041407 15
000041408 14
000041409 23
000041410 19
000041411 13
000041412 11
000041413 16
000041415 14
000041416 13
000041418 14
000041420 12
000041421 25
000041422 21
000041423 11
000041424 27
000041425 19
000041426 14
000041427 14
000041428 7
000041429 12
000041430 25
000041431 21
000041432 14
000041433 15
000041434 14
000041435 17
000041437 18
000041439 19
000041441 12
000041443 10
000041444 13
000041446 20
000041447 19
000041448 11
000041449 14
000041450 20
000041451 8
000041452 18
000041453 30
000041454 20
000041455 20
000041456 19
000041457 15
000041458 14
000041461 14
000041462 10
000041463 15
000041464 14
000041465 14
000041466 15
000041467 18
000041468 19
000041469 20
000041470 20
000041471 20
000041472 11
000041473 16
000041474 42
000041475 12
000041476 12
000041479 11
000041481 15
000041482 8
000041483 16
000041484 12
000041485 14
000041486 4
000041488 41
000041489 11
000041490 12
000041492 33
000041493 8
000041494 21
000041495 17
000041496 13
000041497 13
000041498 14
000041499 18
000041500 13
000041501 29
000041502 23
000041504 23
000041505 26
000041506 19
000041507 28
000041508 40
000041509 19
000041510 23
000041511 19
000041512 13
000041514 24
000041515 27
000041516 25
000041517 22
000041518 22
000041519 17
000041520 25
000041521 13
000041522 14
000041523 16
000041524 16
000041525 24
000041526 29
000041529 21
000041530 25
000041531 34
000041532 11
000041534 13
000041535 16
000041537 27
000041538 20
000041539 10
000041540 16
000041541 12
000041543 34
000041545 27
000041546 18
000041547 15
000041548 14
000041549 35
000041551 12
000041552 31
000041553 31
000041554 11
000041557 25
000041558 8
000041559 25
000041560 26
000041561 21
000041563 16
000041564 14
000041567 39
000041568 10
000041569 26
000041572 9
000041573 20
000041574 28
000041575 15
000041576 19
000041577 13
000041578 29
000041580 20
000041581 20
000041582 36
000041584 36
000041585 17
000041586 17
000041587 22
000041588 28
000041589 31
000041590 24
000041592 26
000041593 28
000041594 18
000041595 26
000041596 36
000041597 19
000041598 11
000041599 16
000041600 18
000041601 33
000041602 9
000041603 19
000041605 28
000041606 18
000041607 22
000041608 19
000041610 15
000041611 22
000041612 22
000041614 30
000041615 17
000041616 43
000041617 14
000041618 19
000041619 33
000041620 15
000041621 30
000041622 12
000041623 18
000041624 19
000041626 15
000041627 21
000041628 32
000041629 28
000041630 22
000041631 36
000041632 22
000041633 20
000041634 9
000041635 26
000041637 17
000041638 29
000041640 28
000041641 30
000041643 18
000041644 19
000041646 19
000041648 7
000041649 5
000041650 24
000041652 20
000041653 25
000041654 28
000041655 21
000041658 6
000041662 11
000041664 36
000041665 12
000041666 22
000041667 15
000041669 15
000041670 7
000041671 25
000041673 23
000041674 21
000041676 9
000041678 22
000041679 14
000041680 32
000041682 25
000041683 26
000041685 12
000041686 32
000041687 23
000041688 8
000041689 17
000041690 17
000041693 21
000041694 27
000041696 28
000041698 24
000041700 17
000041701 19
000041704 31
000041706 16
000041708 15
000041709 23
000041711 27
000041712 27
000041714 34
000041715 16
000041716 17
000041717 20
000041721 28
000041723 12
000041725 28
000041726 21
000041727 27
000041729 27
000041730 17
000041731 14
000041738 26
000041741 25
000041742 22
000041743 25
000041744 35
000041748 22
000041749 21
000041753 16
000041755 25
000041756 17
000041757 23
000041759 11
000041760 18
000041762 24
000041765 6
000041766 26
000041767 23
000041771 17
000041772 25
000041773 33
000041774 15
000041775 21
000041777 11
000041778 44
000041784 32
000041785 14
000041787 27
000041788 30
000041789 9
000041791 30
000041792 23
000041793 18
000041794 23
000041798 27
000050001 10
000050002 41
000050003 16
000050004 33
000050005 35
000050006 21
000050007 30
000050008 24
000050009 14
000050011 20
000050012 34
000050013 20
000050014 37
000050015 27
000050016 46
000050017 18
000050018 25
000050019 42
000050020 23
000050021 7
000050022 11
000050023 14
000050024 12
000050025 20
000050026 8
000050027 12
000050028 8
000050029 11
000050030 15
000050031 15
000050033 20
000050034 20
000050036 8
000050037 17
000050038 10
000050039 11
000050040 15
000050042 4
000050043 14
000050045 6
000050046 8
000050048 14
000050049 7
000050050 14
000050052 17
000050053 8
000050054 7
000050055 12
000050056 13
000050057 16
000050058 14
000050059 9
000050060 14
000050061 17
000050062 11
000050063 20
000050064 13
000050065 18
000050066 8
000050068 13
000050069 19
000050070 19
000050071 14
000050072 12
000050073 15
000050074 15
000050075 13
000050076 18
000050077 7
000050078 20
000050079 14
000050080 10
000050081 13
000050082 17
000050083 14
000050084 13
000050085 11
000050086 14
000050087 15
000050088 15
000050089 21
000050090 22
000050091 15
000050092 35
000050093 16
000050094 13
000050095 14
000050096 14
000050097 13
000050098 19
000050099 17
000050100 17
000050101 27
000050102 35
000050103 39
000050104 11
000050105 19
000050107 16
000050108 15
000050109 31
000050110 14
000050111 19
000050112 19
000050113 16
000050114 31
000050115 18
000050117 13
000050118 20
000050121 15
000050122 9
000050123 37
000050124 22
000050125 31
000050126 20
000050127 28
000050128 25
000050129 22
000050130 19
000050131 7
000050132 10
000050133 21
000050136 29
000050137 12
000050138 17
000050139 33
000050140 17
000050141 8
000050143 36
000050144 25
000050145 10
000050146 10
000050147 26
000050148 24
000050149 30
000050150 28
000050151 25
000050152 26
000050153 17
000050154 25
000050155 26
000050156 34
000050157 28
000050158 37
000050159 32
000050160 15
000050161 39
000050163 11
000050164 28
000050165 27
000050166 8
000050167 23
000050168 17
000050169 27
000050171 20
000050172 10
000050173 17
000050175 16
000050176 34
000050178 20
000050179 21
000050180 22
000050181 12
000050182 26
000050183 18
000050184 13
000050185 22
000050186 15
000050187 9
000050188 28
000050189 10
000050190 15
000050191 12
000050192 6
000050193 19
000050194 25
000050195 34
000050197 8
000050198 16
000050199 26
000050200 24
000050201 17
000050202 24
000050203 12
000050204 10
000050205 23
000050206 31
000050207 28
000050209 22
000050210 26
000050211 25
000050212 20
000050213 22
000050215 24
000050216 16
000050217 18
000050218 19
000050219 20
000050220 21
000050221 10
000050222 21
000050223 18
000050224 23
000050225 13
000050227 31
000050230 23
000050231 12
000050232 17
000050233 29
000050234 14
000050235 23
000050237 8
000050238 10
000050239 10
000050240 11
000050241 23
000050242 34
000050243 28
000050245 20
000050246 5
000050247 23
000050248 25
000050249 26
000050250 22
000050251 20
000050252 21
000050253 12
000050254 18
000050256 23
000050257 28
000050258 16
000050259 24
000050260 41
000050261 23
000050263 21
000050265 39
000050266 21
000050268 12
000050269 21
000050271 19
000050272 22
000050273 25
000050274 18
000050275 24
000050277 19
000050278 17
000050279 36
000050280 16
000050282 7
000050283 13
000050284 20
000050285 9
000050286 28
000050289 43
000050290 23
000050291 9
000050292 8
000050293 6
000050294 7
000050295 21
000050296 18
000050297 38
000050298 24
000050299 8
000050300 26
000050301 23
000050303 22
000050304 16
000050305 8
000050306 11
000050307 21
000050308 37
000050309 35
000050310 29
000050311 17
000050312 24
000050314 20
000050315 18
000050316 19
000050317 27
000050320 32
000050322 14
000050323 17
000050324 19
000050325 16
000050327 14
000050329 14
000050330 21
000050331 15
000050333 10
000050335 32
000050336 12
000050337 25
000050338 24
000050340 19
000050341 15
000050345 16
000050346 25
000050349 24
000050350 13
000050351 10
000050352 24
000050353 13
000050354 24
000050355 25
000050360 6
000050361 11
000050362 23
000050363 35
000050364 22
000050366 36
000050367 28
000050368 22
000050369 12
000050370 21
000050372 11
000050373 37
000050376 36
000050378 21
000050379 13
000050380 21
000050381 24
000050384 9
000050385 14
000050386 14
000050387 16
000050388 19
000050390 41
000050391 20
000050392 11
000050393 17
000050394 31
000050395 29
000050396 14
000050397 8
000050398 21
000050399 11
000050400 14
000060001 10
000060002 41
000060003 16
000060004 33
000060005 36
000060006 21
000060007 30
000060008 21
000060009 14
000060010 27
000060011 20
000060012 32
000060013 20
000060014 35
000060015 27
000060016 46
000060017 18
000060018 25
000060019 42
000060020 23
000060021 7
000060023 14
000060024 12
000060025 20
000060026 8
000060027 12
000060028 8
000060029 11
000060030 14
000060031 15
000060032 19
000060033 20
000060034 21
000060035 7
000060036 8
000060037 17
000060038 10
000060039 11
000060040 14
000060041 4
000060042 4
000060043 14
000060044 10
000060045 6
000060046 9
000060047 10
000060049 7
000060050 14
000060051 11
000060052 17
000060053 8
000060054 7
000060055 12
000060056 13
000060057 16
000060058 14
000060059 9
000060060 14
000060061 17
000060062 11
000060063 20
000060064 13
000060065 18
000060066 8
000060067 11
000060068 13
000060069 19
000060070 19
000060071 14
000060072 12
000060073 15
000060074 14
000060075 13
000060076 17
000060077 7
000060078 20
000060079 14
000060080 10
000060081 13
000060082 17
000060083 13
000060084 13
000060085 11
000060086 14
000060087 14
000060088 15
000060089 21
000060090 22
000060091 16
000060092 35
000060093 16
000060094 13
000060096 14
000060097 13
000060098 18
000060099 18
000060100 17
000060101 29
000060102 13
000060103 19
000060104 31
000060105 7
000060106 35
000060107 28
000060108 31
000060109 32
000060110 28
000060111 12
000060112 47
000060113 5
000060114 17
000060115 7
000060116 26
000060117 26
000060118 7
000060119 15
000060120 8
000060121 6
000060122 11
000060123 20
000060124 9
000060125 22
000060126 27
000060127 10
000060128 20
000060129 17
000060130 23
000060132 10
000060133 12
000060134 15
000060135 10
000060136 17
000060137 41
000060138 24
000060139 29
000060140 23
000060141 16
000060142 10
000060143 21
000060144 18
000060145 6
000060146 19
000060147 15
000060148 9
000060149 27
000060150 6
000060151 27
000060152 24
000060153 45
000060154 11
000060155 14
000060156 11
000060157 19
000060158 35
000060159 18
000060160 36
000060161 22
000060162 10
000060163 16
000060164 15
000060165 23
000060166 31
000060167 16
000060169 31
000060170 32
000060171 15
000060172 11
000060173 19
000060174 29
000060175 31
000060176 9
000060177 16
000060178 9
000060179 13
000060180 13
000060181 25
000060182 19
000060183 11
000060184 15
000060185 25
000060186 7
000060187 27
000060188 7
000060189 10
000060190 31
000060191 17
000060192 28
000060193 8
000060194 25
000060195 11
000060196 20
000060197 25
000060198 27
000060199 21
000060200 12
000060201 9
000060202 35
000060203 28
000060204 33
000060205 9
000060206 7
000060207 29
000060208 27
000060209 41
000060210 16
000060211 37
000060212 22
000060213 9
000060214 21
000060215 7
000060216 18
000060217 13
000060218 9
000060219 20
000060220 31
000060221 31
000060222 42
000060223 11
000060224 9
000060225 16
000060226 35
000060227 22
000060228 19
000060229 11
000060230 25
000060231 22
000060232 33
000060233 20
000060234 10
000060235 17
000060236 20
000060237 19
000060238 10
000060239 14
000060240 17
000060241 31
000060242 17
000060243 13
000060244 19
000060245 19
000060246 14
000060247 21
000060248 18
000060249 32
000060250 36
000060251 10
000060252 24
000060253 15
000060254 23
000060255 28
000060256 37
000060258 27
000060259 24
000060260 27
000060261 15
000060262 19
000060263 20
000060265 7
000060266 20
000060267 13
000060268 10
000060269 33
000060270 25
000060271 12
000060272 18
000060273 44
000060274 19
000060275 27
000060276 10
000060277 16
000060278 30
000060279 12
000060280 22
000060281 33
000060282 9
000060283 17
000060284 11
000060285 21
000060286 24
000060287 20
000060288 12
000060289 19
000060290 24
000060291 21
000060292 26
000060293 28
000060294 15
000060295 22
000060296 29
000060297 16
000060298 24
000060299 20
000060300 28
000060301 28
000060302 15
000060303 23
000060304 7
000060305 16
000060306 15
000060307 15
000060308 6
000060309 11
000060310 5
000060311 17
000060312 15
000060313 27
000060314 14
000060315 34
000060316 20
000060317 19
000060318 30
000060319 17
000060320 26
000060321 21
000060322 17
000060323 10
000060324 10
000060325 32
000060326 16
000060327 23
000060328 12
000060329 19
000060330 21
000060331 15
000060332 23
000060333 29
000060334 10
000060335 27
000060336 17
000060337 35
000060338 16
000060339 29
000060340 52
000060341 31
000060342 12
000060343 11
000060344 25
000060345 15
000060346 12
000060347 21
000060348 22
000060349 15
000060350 31
000060351 27
000060352 7
000060353 11
000060354 22
000060355 23
000060356 17
000060357 7
000060358 25
000060359 18
000060360 16
000060362 12
000060363 22
000060364 20
000060365 24
000060366 15
000060367 24
000060368 15
000060369 28
000060370 17
000060371 12
000060372 18
000060373 25
000060374 10
000060375 37
000060376 23
000060377 17
000060378 19
000060379 21
000060380 22
000060381 41
000060382 11
000060383 17
000060384 11
000060385 31
000060386 19
000060387 21
000060388 24
000060389 30
000060391 13
000060392 9
000060393 35
000060394 9
000060395 22
000060396 15
000060397 18
000060398 9
000060399 11
000060400 20
000061401 12
000061402 18
000061403 13
000061404 21
000061405 13
000061406 15
000061407 17
000061408 16
000061409 10
000061411 19
000061412 21
000061413 6
000061414 19
000061415 11
000061416 13
000061417 27
000061418 12
000061419 16
000061420 14
000061421 8
000061422 13
000061423 10
000061424 15
000061425 10
000061426 12
000061427 21
000061428 10
000061429 15
000061430 17
000061431 14
000061432 20
000061433 19
000061434 14
000061435 10
000061437 12
000061438 16
000061439 19
000061440 8
000061441 17
000061442 21
000061443 17
000061444 19
000061445 15
000061446 21
000061447 11
000061448 16
000061449 12
000061450 16
000061451 21
000061452 25
000061453 15
000061454 6
000061455 20
000061456 20
000061457 13
000061458 23
000061459 15
000061460 15
000061461 16
000061462 14
000061463 21
000061464 16
000061465 13
000061466 19
000061467 9
000061468 15
000061469 19
000061470 18
000061471 14
000061472 20
000061473 12
000061474 8
000061475 20
000061476 12
000061477 13
000061478 14
000061479 17
000061480 33
000061481 12
000061482 14
000061483 17
000061484 15
000061485 10
000061486 8
000061487 18
000061488 15
000061489 25
000061490 13
000061491 15
000061492 16
000061493 11
000061494 13
000061495 12
000061496 21
000061497 15
000061498 15
000061499 14
000061500 18
000061501 23
000061502 29
000061503 28
000061504 11
000061505 25
000061506 19
000061507 12
000061508 23
000061509 13
000061510 14
000061511 21
000061512 23
000061513 23
000061514 11
000061515 18
000061516 18
000061517 13
000061518 12
000061519 22
000061520 27
000061522 10
000061523 33
000061524 27
000061525 31
000061526 19
000061527 16
000061528 33
000061529 21
000061530 31
000061531 6
000061532 15
000061533 9
000061534 5
000061535 17
000061536 22
000061537 20
000061538 7
000061539 23
000061540 11
000061541 26
000061542 10
000061543 12
000061544 20
000061545 14
000061546 12
000061547 14
000061548 22
000061549 15
000061550 8
000061551 24
000061552 15
000061553 9
000061554 7
000061555 22
000061556 20
000061557 11
000061558 14
000061559 13
000061560 7
000061561 21
000061562 14
000061563 19
000061564 24
000061565 20
000061566 18
000061567 26
000061568 36
000061569 37
000061570 24
000061571 37
000061572 31
000061573 20
000061574 31
000061575 20
000061576 33
000061577 27
000061578 18
000061579 39
000061580 20
000061581 16
000061582 36
000061583 12
000061584 16
000061585 20
000061586 30
000061587 14
000061588 18
000061589 17
000061590 35
000061591 11
000061592 20
000061593 17
000061594 16
000061595 25
000061596 12
000061597 10
000061598 11
000061600 25
000061601 19
000061602 17
000061603 7
000061604 17
000061605 13
000061606 6
000061607 16
000061608 17
000061609 24
000061610 17
000061611 33
000061612 40
000061613 26
000061614 20
000061615 24
000061616 9
000061617 7
000061618 38
000061619 16
000061620 13
000061621 22
000061622 21
000061623 44
000061624 8
000061625 22
000061626 17
000061627 13
000061628 23
000061629 29
000061630 34
000061631 12
000061632 34
000061633 11
000061634 22
000061635 10
000061636 23
000061637 23
000061638 14
000061639 19
000061640 28
000061641 8
000061642 13
000061643 15
000061644 27
000061645 9
000061646 38
000061647 10
000061648 11
000061649 24
000061650 17
000061651 22
000061652 7
000061653 25
000061654 8
000061655 19
000061656 9
000061657 11
000061658 24
000061659 13
000061660 20
000061661 23
000061662 26
000061663 14
000061664 14
000061665 11
000061666 6
000061667 35
000061668 21
000061669 24
000061670 20
000061671 20
000061672 41
000061673 34
000061674 23
000061675 21
000061676 21
000061677 26
000061678 25
000061679 9
000061680 7
000061681 15
000061682 16
000061683 20
000061684 15
000061685 24
000061686 16
000061687 6
000061688 10
000061689 15
000061690 26
000061691 14
000061692 22
000061693 27
000061694 18
000061695 16
000061696 22
000061697 26
000061698 10
000061699 19
000061700 18
000061701 8
000061702 28
000061704 19
000061705 33
000061706 27
000061707 8
000061708 13
000061709 31
000061710 6
000061711 29
000061712 17
000061713 11
000061714 21
000061715 18
000061716 12
000061717 32
000061718 15
000061719 12
000061720 13
000061721 21
000061722 31
000061723 12
000061724 18
000061725 5
000061726 10
000061727 10
000061729 15
000061730 7
000061731 27
000061732 24
000061733 19
000061734 13
000061735 22
000061736 9
000061737 6
000061738 18
000061739 41
000061740 18
000061741 9
000061742 21
000061743 12
000061744 23
000061745 9
000061746 17
000061747 23
000061748 20
000061749 12
000061750 9
000061751 21
000061752 31
000061753 22
000061754 19
000061755 26
000061756 38
000061757 11
000061758 36
000061759 26
000061760 28
000061761 16
000061762 25
000061763 25
000061764 23
000061765 22
000061766 20
000061767 33
000061768 24
000061770 17
000061771 19
000061772 27
000061773 12
000061774 18
000061775 19
000061776 16
000061777 10
000061778 11
000061779 26
000061780 14
000061781 8
000061782 36
000061783 16
000061784 28
000061785 13
000061786 14
000061787 21
000061788 17
000061789 7
000061790 8
000061791 15
000061792 20
000061793 17
000061794 16
000061795 25
000061796 7
000061797 12
000061798 13
000061799 8
000061800 26
000070001 10
000070002 41
000070003 16
000070004 33
000070005 35
000070006 21
000070007 30
000070008 24
000070009 14
000070010 27
000070011 20
000070012 34
000070013 20
000070014 37
000070015 27
000070016 46
000070017 18
000070018 25
000070019 42
000070020 23
000070021 7
000070022 11
000070023 14
000070024 12
000070025 20
000070026 8
000070027 12
000070028 8
000070029 11
000070030 14
000070031 15
000070032 19
000070033 20
000070034 20
000070036 8
000070037 15
000070038 10
000070039 11
000070040 14
000070041 4
000070042 4
000070043 14
000070044 10
000070045 6
000070046 9
000070047 10
000070048 15
000070049 7
000070050 14
000070051 11
000070052 17
000070053 8
000070054 7
000070055 12
000070056 13
000070057 16
000070058 14
000070059 9
000070060 14
000070061 17
000070062 11
000070063 20
000070064 13
000070065 18
000070066 8
000070067 11
000070068 13
000070069 20
000070070 19
000070071 14
000070072 12
000070073 15
000070074 14
000070075 13
000070076 18
000070077 7
000070078 20
000070079 14
000070080 10
000070081 13
000070082 17
000070083 14
000070084 13
000070085 11
000070086 14
000070087 15
000070088 15
000070089 21
000070090 22
000070091 15
000070092 35
000070093 16
000070094 13
000070095 14
000070096 14
000070097 13
000070098 19
000070099 17
000070100 17
000070101 16
000070102 16
000070103 15
000070104 17
000070105 5
000070106 10
000070107 17
000070108 22
000070109 9
000070110 25
000070111 21
000070112 14
000070113 17
000070114 18
000070115 24
000070116 11
000070117 11
000070118 28
000070119 13
000070120 9
000070121 28
000070122 15
000070123 4
000070124 9
000070125 6
000070126 29
000070127 16
000070129 25
000070130 21
000070131 26
000070132 17
000070133 21
000070134 16
000070135 11
000070136 32
000070137 14
000070138 26
000070139 23
000070140 21
000070141 24
000070142 17
000070143 14
000070144 29
000070145 9
000070146 22
000070147 18
000070148 6
000070149 5
000070150 22
000070151 22
000070152 26
000070153 12
000070154 18
000070155 33
000070156 12
000070157 24
000070158 18
000070159 9
000070161 19
000070162 26
000070163 16
000070164 19
000070165 7
000070166 26
000070167 27
000070168 16
000070169 35
000070170 14
000070171 15
000070172 23
000070173 19
000070174 23
000070175 17
000070176 27
000070177 14
000070178 32
000070179 16
000070180 15
000070181 18
000070182 11
000070183 19
000070184 17
000070185 26
000070186 9
000070187 32
000070188 15
000070189 16
000070190 24
000070192 6
000070193 18
000070194 23
000070195 27
000070196 22
000070197 25
000070198 31
000070199 27
000070200 7
000070201 18
000070202 29
000070203 35
000070204 23
000070205 15
000070206 20
000070207 18
000070209 28
000070210 17
000070211 6
000070212 11
000070213 17
000070214 19
000070215 11
000070216 14
000070217 16
000070218 23
000070219 6
000070220 37
000070221 26
000070223 32
000070224 27
000070225 13
000070226 7
000070227 26
000070228 33
000070229 28
000070230 15
000070231 7
000070232 6
000070233 20
000070234 35
000070235 14
000070236 22
000070237 24
000070238 27
000070239 13
000070240 29
000070241 27
000070242 17
000070243 11
000070244 18
000070245 23
000070246 29
000070247 28
000070248 23
000070249 18
000070250 21
000070251 14
000070252 21
000070253 14
000070254 25
000070255 35
000070256 12
000070257 21
000070258 8
000070259 32
000070260 18
000070261 45
000070262 11
000070263 33
000070264 16
000070265 23
000070267 13
000070269 28
000070270 24
000070271 23
000070272 14
000070273 13
000070274 9
000070275 13
000070276 7
000070277 10
000070278 14
000070279 32
000070280 28
000070281 13
000070282 13
000070283 21
000070284 33
000070285 17
000070286 40
000070287 40
000070288 13
000070289 11
000070290 8
000070292 7
000070293 25
000070294 5
000070295 27
000070296 20
000070297 30
000070298 5
000070299 35
000070301 20
000070302 18
000070303 11
000070304 12
000070305 37
000070306 16
000070307 35
000070308 29
000070309 18
000070310 25
000070311 14
000070313 37
000070314 9
000070315 20
000070316 22
000070317 12
000070318 13
000070319 12
000070320 28
000070322 9
000070323 27
000070324 11
000070325 38
000070326 22
000070327 26
000070328 22
000070329 27
000070330 24
000070332 20
000070333 19
000070334 6
000070335 23
000070336 17
000070337 24
000070338 20
000070339 15
000070340 35
000070342 23
000070343 22
000070345 36
000070346 10
000070347 22
000070348 22
000070349 25
000070350 12
000070351 29
000070352 8
000070353 18
000070354 15
000070355 19
000070356 33
000070357 19
000070358 19
000070359 36
000070360 11
000070361 26
000070362 23
000070363 23
000070364 31
000070365 28
000070366 18
000070367 20
000070368 17
000070369 13
000070370 15
000070371 15
000070372 19
000070374 29
000070375 17
000070376 26
000070378 15
000070379 13
000070380 15
000070381 9
000070382 5
000070383 13
000070385 12
000070386 26
000070387 35
000070388 22
000070389 12
000070390 12
000070391 18
000070392 9
000070393 19
000070394 21
000070395 30
000070396 15
000070397 21
000070399 14
000071401 12
000071402 18
000071403 13
000071404 21
000071405 13
000071406 15
000071407 17
000071408 17
000071409 10
000071411 19
000071412 21
000071413 6
000071414 19
000071415 11
000071416 13
000071418 12
000071421 8
000071422 13
000071423 10
000071424 15
000071425 10
000071426 12
000071427 22
000071428 10
000071429 15
000071430 17
000071431 14
000071432 20
000071433 19
000071434 14
000071435 10
000071436 12
000071438 16
000071439 19
000071440 8
000071441 17
000071442 20
000071443 17
000071444 19
000071445 15
000071447 11
000071448 16
000071449 12
000071451 21
000071452 25
000071453 15
000071454 6
000071456 20
000071457 13
000071458 23
000071459 15
000071460 15
000071461 16
000071462 14
000071463 21
000071464 17
000071465 13
000071466 19
000071467 9
000071468 15
000071469 19
000071470 18
000071471 14
000071473 12
000071474 8
000071475 20
000071476 13
000071477 13
000071478 14
000071479 17
000071480 33
000071482 14
000071483 17
000071485 10
000071487 18
000071488 15
000071489 25
000071490 13
000071491 15
000071492 16
000071493 11
000071494 13
000071495 12
000071496 21
000071497 15
000071498 15
000071499 14
000071500 18
000071501 20
000071502 17
000071504 32
000071505 18
000071506 25
000071507 22
000071510 11
000071511 10
000071512 10
000071514 13
000071515 10
000071516 17
000071518 25
000071519 25
000071520 12
000071521 25
000071522 22
000071523 34
000071524 31
000071525 18
000071526 33
000071527 26
000071528 36
000071529 30
000071531 6
000071532 12
000071533 28
000071534 10
000071535 5
000071536 15
000071537 20
000071538 22
000071539 27
000071540 8
000071542 11
000071544 7
000071545 15
000071546 33
000071547 12
000071549 25
000071550 49
000071552 23
000071553 18
000071554 28
000071555 32
000071556 7
000071558 13
000071559 14
000071560 26
000071561 17
000071562 15
000071564 14
000071565 10
000071566 12
000071567 14
000071568 5
000071570 31
000071571 21
000071572 14
000071573 22
000071574 14
000071575 19
000071576 5
000071578 14
000071582 22
000071583 23
000071584 23
000071585 36
000071586 8
000071588 26
000071589 5
000071590 18
000071591 21
000071592 17
000071593 31
000071594 6
000071595 18
000071596 9
000071597 25
000071598 18
000071599 26
000071600 16
000071601 29
000071602 12
000071603 25
000071604 18
000071605 10
000071606 10
000071607 23
000071610 13
000071611 26
000071612 15
000071613 22
000071615 13
000071616 14
000071617 20
000071618 35
000071619 20
000071620 37
000071622 20
000071623 6
000071624 17
000071625 13
000071626 21
000071627 13
000071629 25
000071630 23
000071631 11
000071632 15
000071633 31
000071634 28
000071635 16
000071636 20
000071637 15
000071639 24
000071641 12
000071642 16
000071643 17
000071644 12
000071645 30
000071646 29
000071647 15
000071648 17
000071649 18
000071650 29
000071651 20
000071652 16
000071654 15
000071656 11
000071657 19
000071658 33
000071659 11
000071660 14
000071661 15
000071662 13
000071663 25
000071664 18
000071665 23
000071666 7
000071667 16
000071668 8
000071670 10
000071672 35
000071675 24
000071676 12
000071678 24
000071679 14
000071680 12
000071682 27
000071683 8
000071684 16
000071685 11
000071686 19
000071687 16
000071689 17
000071690 14
000071691 14
000071693 7
000071694 11
000071695 21
000071696 24
000071697 6
000071698 19
000071699 12
000071700 18
000071701 30
000071702 5
000071703 10
000071704 28
000071705 14
000071706 5
000071707 17
000071708 17
000071710 20
000071711 10
000071712 7
000071713 7
000071714 12
000071716 17
000071717 7
000071718 16
000071719 25
000071720 27
000071721 28
000071722 11
000071723 17
000071724 30
000071725 29
000071726 7
000071727 39
000071728 8
000071729 18
000071730 13
000071732 14
000071733 10
000071734 12
000071735 15
000071736 7
000071737 27
000071739 9
000071740 34
000071741 14
000071742 12
000071743 25
000071744 17
000071746 27
000071747 14
000071749 22
000071750 20
000071751 13
000071752 11
000071753 16
000071754 27
000071755 14
000071756 19
000071757 20
000071758 19
000071760 11
000071761 20
000071762 25
000071764 20
000071765 18
000071766 28
000071767 10
000071769 32
000071770 15
000071771 23
000071772 23
000071773 10
000071775 26
000071776 25
000071777 25
000071779 9
000071780 15
000071781 22
000071782 31
000071783 25
000071784 15
000071785 33
000071786 17
000071787 24
000071788 24
000071789 22
000071790 46
000071791 11
000071792 23
000071793 10
000071795 35
000071796 29
000071797 12
000071798 20
000071800 24
000080001 10
000080002 41
000080003 16
000080004 33
000080005 35
000080006 20
000080007 30
000080008 24
000080009 14
000080010 27
000080011 20
000080012 34
000080014 37
000080015 27
000080016 46
000080017 18
000080018 25
000080019 42
000080020 23
000080021 7
000080022 11
000080024 12
000080025 20
000080026 8
000080027 12
000080028 8
000080029 11
000080030 14
000080031 15
000080032 19
000080033 20
000080034 20
000080036 8
000080037 17
000080038 10
000080039 11
000080040 16
000080041 4
000080042 4
000080043 14
000080044 10
000080045 6
000080046 9
000080047 10
000080048 15
000080049 7
000080050 14
000080052 17
000080053 8
000080054 7
000080056 13
000080057 16
000080058 14
000080059 9
000080060 14
000080061 17
000080062 11
000080063 20
000080064 13
000080065 18
000080066 8
000080067 11
000080068 13
000080069 20
000080070 19
000080071 14
000080072 12
000080073 15
000080074 14
000080075 13
000080076 18
000080077 7
000080078 20
000080079 14
000080081 13
000080082 17
000080083 14
000080084 13
000080085 11
000080086 14
000080087 15
000080088 15
000080089 21
000080090 22
000080091 15
000080092 35
000080093 16
000080094 13
000080095 14
000080096 14
000080097 13
000080098 19
000080099 17
000080100 17
000080101 33
000080102 24
000080103 29
000080104 22
000080105 16
000080106 26
000080107 35
000080108 7
000080109 28
000080111 20
000080112 29
000080113 20
000080114 16
000080116 13
000080117 14
000080118 25
000080119 23
000080120 10
000080121 6
000080122 7
000080123 28
000080124 8
000080125 15
000080126 23
000080127 21
000080128 17
000080129 25
000080130 37
000080132 11
000080133 21
000080134 17
000080135 20
000080137 19
000080138 15
000080139 20
000080140 30
000080141 12
000080142 21
000080144 21
000080145 27
000080146 12
000080147 12
000080148 22
000080149 11
000080150 23
000080151 21
000080152 11
000080153 14
000080154 50
000080155 22
000080156 5
000080157 17
000080158 8
000080159 28
000080160 24
000080161 27
000080163 15
000080164 20
000080165 10
000080166 20
000080168 16
000080169 28
000080170 11
000080171 29
000080172 12
000080173 21
000080174 32
000080175 18
000080176 16
000080177 15
000080178 32
000080179 12
000080180 23
000080181 17
000080182 9
000080184 17
000080185 22
000080186 12
000080187 7
000080188 24
000080189 9
000080191 28
000080192 29
000080193 40
000080195 28
000080196 23
000080197 6
000080199 37
000080201 25
000080202 16
000080205 12
000080206 10
000080207 31
000080208 15
000080210 28
000080211 21
000080212 13
000080213 18
000080214 9
000080215 11
000080216 9
000080217 16
000080218 27
000080219 13
000080220 17
000080221 7
000080222 32
000080223 21
000080224 14
000080225 24
000080226 12
000080227 17
000080228 22
000080229 14
000080230 15
000080231 11
000080233 17
000080234 13
000080235 14
000080236 28
000080237 16
000080238 18
000080239 13
000080240 24
000080241 19
000080242 14
000080243 21
000080244 24
000080245 28
000080246 11
000080247 21
000080248 23
000080249 18
000080250 18
000080251 25
000080252 6
000080253 22
000080254 35
000080255 28
000080256 20
000080257 5
000080258 16
000080259 5
000080260 19
000080261 14
000080262 20
000080263 11
000080264 21
000080265 42
000080266 9
000080267 8
000080268 16
000080269 13
000080270 17
000080271 9
000080272 17
000080273 13
000080276 22
000080277 15
000080278 25
000080279 14
000080280 45
000080282 27
000080283 11
000080284 24
000080285 14
000080286 29
000080287 16
000080288 16
000080289 20
000080290 12
000080291 21
000080292 21
000080293 21
000080294 17
000080296 13
000080297 18
000080298 6
000080299 19
000080300 21
000080301 22
000080302 35
000080304 8
000080305 22
000080307 19
000080308 15
000080309 24
000080310 17
000080311 14
000080312 24
000080313 6
000080314 11
000080315 15
000080316 18
000080317 26
000080318 26
000080320 27
000080321 16
000080322 19
000080323 12
000080324 30
000080325 17
000080326 26
000080328 11
000080329 11
000080330 20
000080331 30
000080332 19
000080333 22
000080334 21
000080335 13
000080336 14
000080337 31
000080338 21
000080339 24
000080340 10
000080341 21
000080342 37
000080343 23
000080344 31
000080345 40
000080346 21
000080347 36
000080348 24
000080350 22
000080351 12
000080352 22
000080353 8
000080354 20
000080355 20
000080356 13
000080357 38
000080358 15
000080359 20
000080360 12
000080361 42
000080362 25
000080364 29
000080365 17
000080366 14
000080367 22
000080368 16
000080369 24
000080370 20
000080372 10
000080373 19
000080374 18
000080375 20
000080376 16
000080377 6
000080378 26
000080379 10
000080380 18
000080381 15
000080382 25
000080383 11
000080384 15
000080385 27
000080387 22
000080388 6
000080389 12
000080391 36
000080392 5
000080393 21
000080394 7
000080396 23
000080398 24
000080399 28
000080400 10
000081401 10
000081402 18
000081403 13
000081404 21
000081405 13
000081406 15
000081407 17
000081408 16
000081409 10
000081411 19
000081412 23
000081413 6
000081414 19
000081415 11
000081416 13
000081417 27
000081418 12
000081421 8
000081422 13
000081423 10
000081424 15
000081425 10
000081426 12
000081428 10
000081429 15
000081430 17
000081432 20
000081433 19
000081434 14
000081435 10
000081436 12
000081438 16
000081439 19
000081440 8
000081441 17
000081442 20
000081443 17
000081444 19
000081445 15
000081446 21
000081447 11
000081448 16
000081449 12
000081450 16
000081451 21
000081453 15
000081454 6
000081456 20
000081457 13
000081458 23
000081459 15
000081460 15
000081461 16
000081463 21
000081464 16
000081465 14
000081466 19
000081467 9
000081468 15
000081469 21
000081470 18
000081471 20
000081472 20
000081473 12
000081474 8
000081475 20
000081476 13
000081477 13
000081478 16
000081479 17
000081480 33
000081481 12
000081482 14
000081483 17
000081484 15
000081486 8
000081487 18
000081488 15
000081489 27
000081490 13
000081491 15
000081492 16
000081493 15
000081494 13
000081495 12
000081496 21
000081498 15
000081499 14
000081500 18
000081501 9
000081503 12
000081504 19
000081505 17
000081506 26
000081507 21
000081508 16
000081509 31
000081510 18
000081512 21
000081513 30
000081514 14
000081515 19
000081516 28
000081517 15
000081518 12
000081519 6
000081520 27
000081521 10
000081522 33
000081523 15
000081525 14
000081526 15
000081527 14
000081529 5
000081530 7
000081531 15
000081532 20
000081533 14
000081534 16
000081536 42
000081537 27
000081538 28
000081539 22
000081540 29
000081541 28
000081542 36
000081543 34
000081545 15
000081546 17
000081548 10
000081550 21
000081551 25
000081552 15
000081553 23
000081554 22
000081555 24
000081556 22
000081557 14
000081558 13
000081560 36
000081561 10
000081562 15
000081563 17
000081564 7
000081565 24
000081566 12
000081567 20
000081568 15
000081569 20
000081570 20
000081571 32
000081572 13
000081574 14
000081575 27
000081576 8
000081577 17
000081578 18
000081579 33
000081580 7
000081581 9
000081583 28
000081584 17
000081585 10
000081586 21
000081587 19
000081588 21
000081589 18
000081590 24
000081591 20
000081593 15
000081594 19
000081595 32
000081596 13
000081597 13
000081598 33
000081599 20
000081600 13
000081601 17
000081602 28
000081604 24
000081605 29
000081606 9
000081607 24
000081608 24
000081609 24
000081611 27
000081612 29
000081613 11
000081614 20
000081615 29
000081616 26
000081617 22
000081618 29
000081619 30
000081620 15
000081621 14
000081622 32
000081623 14
000081624 12
000081625 30
000081626 15
000081628 11
000081629 34
000081630 10
000081631 20
000081632 20
000081633 12
000081634 18
000081635 7
000081636 9
000081637 19
000081638 6
000081639 15
000081640 21
000081641 17
000081642 20
000081643 22
000081644 11
000081646 14
000081648 19
000081649 21
000081650 17
000081651 25
000081652 19
000081653 5
000081654 5
000081655 17
000081656 43
000081657 16
000081659 35
000081660 27
000081662 10
000081663 13
000081664 17
000081665 21
000081667 29
000081669 7
000081670 22
000081671 22
000081672 29
000081673 28
000081674 8
000081675 15
000081676 8
000081677 23
000081678 24
000081680 36
000081681 34
000081682 15
000081683 33
000081685 22
000081686 29
000081687 26
000081688 38
000081689 13
000081690 16
000081691 15
000081692 24
000081693 11
000081694 12
000081695 12
000081697 45
000081698 15
000081699 19
000081700 23
000081701 26
000081702 25
000081703 25
000081704 22
000081705 29
000081706 18
000081707 30
000081708 27
000081709 14
000081710 14
000081711 16
000081712 12
000081713 25
000081714 16
000081715 43
000081716 14
000081717 24
000081718 17
000081719 28
000081720 22
000081721 19
000081722 19
000081723 14
000081724 13
000081725 16
000081726 17
000081727 11
000081728 29
000081729 6
000081730 9
000081731 17
000081732 11
000081733 14
000081734 7
000081735 20
000081736 27
000081737 29
000081738 27
000081739 14
000081740 7
000081741 15
000081742 16
000081743 22
000081744 12
000081745 6
000081746 20
000081747 8
000081748 10
000081749 21
000081750 10
000081751 27
000081752 27
000081753 16
000081754 20
000081755 8
000081756 16
000081757 30
000081758 34
000081759 14
000081760 11
000081761 28
000081762 7
000081763 31
000081764 14
000081765 14
000081766 23
000081767 25
000081768 19
000081769 21
000081770 29
000081771 14
000081772 31
000081773 19
000081774 30
000081775 16
000081776 16
000081777 20
000081778 23
000081779 27
000081780 19
000081781 14
000081782 18
000081784 16
000081785 18
000081786 36
000081787 26
000081788 25
000081790 16
000081791 14
000081792 31
000081793 18
000081794 31
000081795 33
000081797 15
000081798 14
000081799 12
000081800 10
000090001 10
000090002 41
000090003 16
000090004 33
000090005 35
000090006 21
000090007 30
000090008 24
000090009 14
000090010 27
000090011 20
000090012 34
000090013 20
000090014 37
000090015 27
000090016 46
000090017 18
000090018 25
000090019 42
000090020 23
000090021 7
000090022 11
000090024 12
000090025 20
000090026 8
000090027 12
000090028 8
000090029 11
000090030 15
000090031 15
000090032 19
000090033 20
000090034 20
000090035 7
000090036 8
000090037 17
000090038 10
000090039 11
000090040 14
000090041 4
000090042 4
000090043 14
000090044 10
000090045 6
000090046 9
000090047 10
000090048 15
000090049 7
000090050 14
000090052 17
000090053 8
000090055 12
000090056 13
000090057 16
000090058 14
000090059 9
000090060 14
000090061 17
000090062 11
000090063 20
000090064 13
000090065 18
000090068 13
000090069 20
000090070 19
000090071 14
000090072 12
000090073 15
000090074 14
000090076 18
000090077 7
000090078 20
000090079 14
000090080 10
000090081 13
000090082 17
000090083 14
000090084 13
000090085 11
000090086 14
000090087 15
000090088 15
000090089 21
000090090 22
000090091 15
000090092 35
000090093 16
000090094 13
000090095 14
000090096 14
000090097 13
000090098 19
000090099 17
000090100 17
000090101 17
000090102 7
000090103 13
000090104 12
000090106 28
000090107 23
000090108 6
000090109 23
000090110 30
000090111 11
000090112 32
000090113 20
000090114 28
000090116 19
000090117 41
000090118 17
000090119 34
000090120 26
000090121 26
000090122 31
000090123 14
000090124 33
000090125 15
000090127 22
000090128 26
000090129 16
000090130 14
000090131 30
000090132 10
000090133 21
000090134 13
000090135 22
000090136 29
000090138 18
000090139 15
000090140 30
000090141 24
000090142 37
000090143 35
000090144 24
000090147 17
000090148 14
000090150 14
000090151 10
000090152 11
000090153 20
000090154 18
000090155 11
000090156 7
000090157 16
000090158 21
000090159 11
000090161 15
000090163 47
000090164 12
000090165 24
000090166 16
000090167 19
000090169 16
000090170 11
000090171 24
000090172 26
000090173 11
000090174 23
000090175 20
000090176 12
000090178 20
000090179 18
000090180 21
000090181 27
000090182 21
000090183 12
000090184 11
000090185 35
000090186 12
000090187 8
000090188 11
000090189 15
000090190 30
000090191 8
000090192 16
000090193 14
000090194 19
000090195 12
000090196 10
000090197 10
000090198 21
000090201 38
000090203 29
000090205 27
000090206 15
000090207 10
000090208 36
000090209 9
000090211 27
000090212 17
000090214 26
000090215 11
000090216 13
000090217 38
000090219 21
000090220 15
000090222 6
000090223 29
000090224 10
000090225 5
000090226 24
000090227 6
000090228 19
000090229 17
000090230 12
000090231 24
000090232 30
000090233 25
000090235 27
000090236 9
000090237 21
000090239 13
000090240 18
000090243 20
000090244 20
000090245 15
000090246 26
000090247 32
000090249 13
000090250 14
000090251 24
000090252 17
000090253 18
000090255 17
000090256 14
000090257 5
000090258 23
000090259 25
000090260 15
000090261 33
000090262 12
000090263 27
000090264 25
000090265 11
000090266 18
000090267 21
000090268 20
000090269 24
000090270 21
000090271 31
000090272 6
000090273 25
000090274 22
000090275 25
000090276 13
000090277 11
000090279 14
000090280 21
000090281 16
000090282 24
000090283 14
000090284 19
000090285 10
000090286 21
000090287 18
000090288 19
000090289 20
000090290 10
000090291 12
000090292 9
000090293 24
000090296 35
000090297 27
000090298 23
000090301 8
000090303 6
000090304 12
000090305 24
000090306 22
000090307 18
000090308 14
000090309 36
000090310 33
000090311 38
000090312 24
000090313 12
000090315 30
000090316 27
000090317 20
000090318 21
000090319 22
000090321 12
000090322 19
000090323 24
000090324 22
000090325 25
000090326 13
000090327 24
000090328 18
000090329 10
000090330 13
000090331 15
000090332 26
000090333 24
000090334 8
000090335 8
000090336 16
000090337 24
000090338 28
000090339 6
000090340 22
000090341 23
000090342 14
000090343 12
000090344 14
000090345 14
000090347 19
000090348 31
000090349 20
000090350 18
000090351 8
000090352 15
000090353 23
000090354 23
000090355 17
000090356 16
000090357 42
000090358 28
000090359 9
000090360 28
000090361 9
000090362 12
000090363 18
000090364 14
000090365 18
000090366 25
000090367 7
000090368 17
000090369 16
000090370 12
000090371 26
000090372 23
000090373 20
000090374 12
000090375 15
000090376 26
000090377 28
000090378 19
000090379 11
000090380 6
000090381 14
000090382 9
000090383 25
000090384 5
000090385 37
000090386 11
000090387 13
000090388 19
000090389 36
000090390 5
000090391 6
000090392 16
000090393 17
000090395 22
000090396 23
000090397 23
000090398 11
000090399 23
000090400 11
000091401 12
000091402 18
000091403 13
000091405 13
000091406 15
000091407 17
000091408 16
000091409 10
000091410 19
000091411 19
000091412 21
000091413 6
000091414 19
000091415 11
000091416 13
000091417 27
000091418 12
000091419 16
000091420 13
000091422 13
000091423 10
000091424 15
000091425 10
000091426 12
000091427 22
000091428 10
000091429 15
000091430 17
000091431 14
000091432 22
000091433 19
000091434 14
000091435 10
000091436 12
000091438 16
000091439 19
000091440 8
000091441 17
000091443 17
000091444 19
000091445 15
000091446 21
000091447 11
000091448 16
000091449 12
000091450 15
000091451 21
000091453 15
000091454 6
000091457 13
000091458 23
000091460 15
000091461 16
000091463 21
000091464 16
000091465 15
000091466 19
000091467 9
000091470 18
000091471 14
000091474 8
000091475 20
000091476 13
000091477 13
000091478 14
000091479 17
000091480 33
000091481 12
000091482 14
000091483 17
000091485 12
000091487 18
000091488 15
000091489 25
000091491 15
000091492 16
000091493 11
000091494 13
000091495 12
000091496 21
000091497 15
000091499 14
000091500 18
000091502 11
000091503 11
000091504 36
000091505 39
000091506 24
000091507 15
000091508 38
000091509 20
000091510 23
000091511 11
000091512 30
000091513 31
000091514 21
000091515 15
000091516 24
000091517 35
000091520 17
000091521 22
000091523 23
000091524 24
000091525 32
000091526 11
000091527 16
000091528 18
000091529 26
000091531 11
000091532 26
000091533 17
000091534 23
000091535 18
000091536 19
000091537 42
000091538 36
000091539 16
000091540 9
000091541 30
000091542 18
000091543 27
000091544 22
000091545 25
000091546 20
000091548 20
000091549 33
000091550 32
000091552 17
000091553 10
000091554 6
000091555 18
000091556 16
000091557 15
000091558 24
000091559 24
000091560 8
000091561 28
000091562 7
000091563 29
000091564 47
000091565 34
000091566 24
000091567 30
000091568 43
000091569 15
000091571 22
000091572 23
000091573 7
000091574 13
000091575 19
000091576 17
000091577 11
000091578 10
000091579 22
000091580 12
000091583 24
000091584 16
000091585 25
000091586 31
000091588 19
000091589 12
000091590 31
000091591 12
000091592 26
000091594 18
000091596 12
000091597 19
000091598 11
000091599 12
000091602 13
000091605 19
000091607 39
000091609 15
000091611 18
000091613 16
000091614 17
000091615 40
000091616 21
000091617 7
000091619 34
000091620 30
000091622 17
000091623 19
000091624 14
000091625 18
000091626 28
000091628 26
000091629 28
000091630 29
000091632 11
000091633 18
000091634 15
000091635 7
000091637 15
000091638 5
000091639 16
000091640 18
000091641 13
000091642 19
000091643 29
000091644 14
000091645 27
000091647 9
000091648 8
000091649 12
000091652 30
000091653 12
000091654 15
000091655 22
000091658 11
000091659 24
000091660 16
000091661 32
000091662 31
000091664 13
000091665 25
000091666 14
000091667 20
000091669 15
000091670 22
000091671 22
000091672 32
000091673 32
000091675 27
000091677 16
000091678 20
000091679 28
000091680 10
000091683 32
000091684 20
000091685 8
000091686 27
000091687 22
000091688 21
000091690 32
000091691 22
000091692 9
000091693 16
000091694 38
000091695 14
000091696 19
000091698 14
000091699 10
000091701 16
000091702 15
000091703 13
000091704 28
000091705 26
000091706 20
000091707 13
000091708 14
000091709 20
000091710 17
000091711 13
000091712 19
000091713 37
000091714 25
000091716 9
000091717 9
000091719 11
000091720 20
000091721 30
000091722 22
000091723 18
000091724 9
000091725 35
000091726 34
000091727 20
000091728 14
000091729 19
000091730 12
000091731 11
000091732 19
000091733 18
000091734 23
000091735 21
000091736 26
000091737 18
000091738 20
000091739 16
000091741 25
000091742 5
000091743 28
000091744 36
000091745 13
000091746 22
000091747 19
000091748 14
000091749 8
000091750 31
000091751 6
000091753 16
000091754 29
000091755 26
000091758 14
000091759 31
000091760 18
000091761 18
000091762 25
000091763 23
000091764 17
000091765 25
000091766 24
000091767 7
000091768 15
000091769 18
000091770 23
000091771 28
000091773 25
000091776 22
000091777 12
000091778 7
000091779 17
000091780 9
000091781 14
000091783 13
000091784 8
000091785 26
000091786 19
000091787 21
000091788 30
000091789 37
000091791 20
000091792 21
000091793 13
000091795 12
000091798 28
000091799 42
000100001 10
000100002 41
000100003 16
000100004 32
000100005 35
000100006 21
000100007 28
000100008 24
000100009 14
000100010 26
000100011 19
000100012 34
000100013 20
000100014 37
000100015 27
000100016 45
000100017 18
000100018 25
000100019 42
000100020 23
000100021 7
000100022 11
000100023 14
000100024 12
000100025 20
000100026 8
000100027 12
000100028 8
000100029 11
000100030 14
000100031 15
000100032 19
000100033 20
000100034 20
000100035 7
000100036 8
000100037 17
000100038 10
000100039 11
000100040 14
000100041 4
000100042 4
000100043 14
000100044 10
000100045 6
000100046 9
000100047 10
000100048 15
000100049 7
000100050 14
000100051 11
000100052 17
000100053 8
000100054 8
000100055 12
000100056 13
000100057 16
000100058 14
000100059 9
000100060 14
000100061 17
000100062 11
000100063 20
000100064 13
000100065 18
000100066 8
000100067 11
000100068 13
000100069 20
000100070 19
000100072 12
000100073 15
000100074 14
000100075 13
000100076 17
000100077 7
000100078 20
000100079 14
000100080 10
000100081 13
000100082 17
000100083 14
000100084 13
000100085 10
000100086 14
000100087 15
000100088 15
000100089 21
000100090 22
000100091 15
000100092 35
000100093 16
000100094 13
000100095 14
000100096 14
000100097 13
000100098 19
000100099 17
000100100 17
000100101 23
000100102 5
000100103 16
000100104 20
000100105 10
000100106 32
000100107 34
000100108 17
000100109 19
000100110 19
000100112 22
000100113 17
000100114 10
000100115 10
000100116 23
000100117 25
000100118 9
000100119 6
000100120 10
000100121 16
000100122 10
000100123 16
000100124 5
000100125 12
000100126 21
000100127 9
000100128 23
000100129 7
000100130 8
000100131 14
000100132 16
000100133 22
000100134 18
000100135 19
000100136 16
000100137 19
000100138 9
000100139 5
000100140 41
000100141 14
000100142 17
000100143 18
000100144 14
000100145 16
000100146 11
000100147 13
000100148 35
000100150 17
000100151 8
000100152 18
000100153 6
000100154 15
000100155 20
000100156 19
000100157 13
000100158 25
000100159 22
000100160 12
000100161 22
000100162 12
000100163 8
000100164 25
000100165 13
000100166 31
000100167 13
000100168 20
000100169 19
000100170 16
000100171 32
000100172 15
000100173 20
000100174 12
000100175 22
000100176 26
000100177 20
000100178 12
000100179 31
000100180 18
000100181 22
000100182 7
000100183 11
000100184 33
000100185 26
000100186 17
000100187 30
000100188 38
000100189 25
000100190 21
000100192 21
000100193 18
000100194 25
000100195 20
000100196 17
000100197 11
000100198 27
000100199 7
000100200 23
000100201 15
000100202 6
000100203 29
000100205 25
000100206 15
000100207 18
000100208 12
000100209 12
000100210 16
000100211 15
000100212 22
000100213 33
000100214 10
000100215 26
000100216 15
000100217 20
000100218 11
000100219 38
000100220 32
000100221 25
000100222 16
000100223 31
000100224 20
000100225 17
000100226 19
000100227 24
000100228 13
000100229 15
000100230 24
000100231 19
000100232 22
000100233 10
000100234 15
000100235 12
000100236 24
000100237 22
000100238 14
000100239 10
000100240 15
000100241 8
000100242 12
000100243 33
000100244 19
000100245 32
000100246 13
000100247 13
000100248 27
000100249 11
000100250 12
000100251 19
000100252 22
000100253 13
000100254 15
000100255 11
000100256 13
000100257 23
000100258 25
000100260 13
000100261 35
000100262 24
000100263 21
000100264 24
000100266 21
000100267 32
000100268 14
000100269 32
000100270 37
000100272 17
000100273 19
000100274 7
000100275 13
000100276 33
000100278 19
000100279 33
000100280 22
000100281 14
000100282 25
000100283 23
000100284 8
000100285 17
000100286 16
000100287 9
000100288 29
000100289 35
000100290 14
000100291 18
000100292 18
000100293 22
000100294 25
000100295 25
000100296 15
000100297 21
000100298 18
000100299 27
000100300 28
000100301 27
000100302 25
000100303 16
000100304 31
000100305 24
000100306 19
000100307 20
000100308 24
000100310 14
000100311 10
000100312 9
000100313 28
000100314 14
000100315 19
000100316 24
000100317 14
000100318 15
000100319 15
000100320 33
000100321 15
000100322 30
000100323 10
