000480047 44800
000480048 78240
000480049 51200
000480050 54880
000480052 75040
000480053 39072
000480054 41040
000480055 58848
000480056 70240
000480057 70240
000480058 65920
000480059 58080
000480060 63200
000480061 55584
000480062 54448
000480063 70336
000480064 55200
000480065 58560
000480066 52608
000480067 59200
000480068 76320
000480069 66128
000480070 61296
000480071 50400
000480072 72480
000480073 64959
000480074 65920
000480075 59360
000480076 94080
000480077 61120
000480078 87840
000480079 68960
000480080 45920
000480081 56800
000480082 81280
000480083 63520
000480084 66560
000480085 65280
000480086 65760
000480087 72480
000480088 70560
000480089 96960
000480090 75200
000480091 79552
000480092 104912
000480093 75200
000480094 65120
000480095 71360
000480096 64000
000480097 60480
000480098 84800
000480100 72000
000480101 81808
000480102 96480
000480103 78800
000480104 69600
000480105 137264
000480106 101664
000480107 101920
000480108 76416
000480109 113760
000480112 70400
000480113 72592
000480114 87312
000480115 70288
000480116 109280
000480117 72800
000480118 51088
000480119 56912
000480120 45248
000480121 58240
000480122 60960
000480123 71184
000480124 61760
000480125 63680
000480126 96000
000480127 133600
000480128 109760
000480129 56176
000480130 50560
000480131 110656
000480132 55872
000480133 68160
000480134 101120
000480135 104320
000480136 57760
000480137 134400
000480139 84800
000480140 118080
000480141 83360
000480142 53840
000480143 99840
000480144 78240
000480145 106384
000480146 88000
000480148 61600
000480149 113792
000480150 107104
000480151 71200
000480152 67840
000480153 96112
000480154 128479
000480156 67200
000480157 70080
000480158 69664
000480160 49600
000480161 87520
000480162 71840
000480163 117312
000480165 83168
000480166 109472
000480167 58240
000480168 93600
000480169 102560
000480170 55520
000480171 142560
000480172 52800
000480173 89760
000480174 118400
000480175 117440
000480176 96208
000480177 71552
000480178 60016
000480180 98304
000480181 106704
000480183 68640
000480184 73600
000480185 100640
000480186 53600
000480187 70992
000480188 126704
000480189 113008
000480190 100640
000480192 90080
000480193 122832
000480194 67616
000480195 87840
000480196 104544
000480197 103776
000480198 87600
000480199 75536
000480200 72624
000480201 95056
000480202 85120
000480203 84320
000480204 70240
000480205 64800
000480206 111680
000480207 78560
000480208 114464
000480209 81440
000480210 99520
000480211 74576
000480212 86560
000480213 89760
000480215 76320
000480216 75456
000480217 140960
000480218 91504
000480219 100960
000480220 86512
000480221 115840
000480222 101920
000480223 70400
000480224 46080
000480225 76320
000480226 84160
000480227 109920
000480228 59680
000480229 78880
000480230 77120
000480231 77600
000480232 67360
000480233 85712
000480234 62880
000480235 87040
000480236 48736
000480237 55520
000480238 91200
000480239 78912
000480240 127360
000480241 51360
000480242 61984
000480243 59168
000480244 52960
000480245 123760
000480246 80784
000480247 100080
000480248 79632
000480249 72160
000480250 90288
000480251 63520
000480252 99040
000480254 74720
000480255 68000
000480256 110736
000480257 89632
000480259 87840
000480260 82240
000480261 55200
000480262 107120
000480263 70560
000480264 91040
000480265 57872
000480266 75360
000480267 162240
000480268 92960
000480269 107840
000480270 98400
000480271 51840
000480272 92640
000480273 69648
000480274 54880
000480275 90080
000480276 99696
000480277 80608
000480278 94720
000480279 79520
000480280 47072
000480281 97120
000480282 115200
000480283 120160
000480284 100640
000480285 106240
000480286 72320
000480287 89280
000480288 92800
000480289 112304
000480290 48000
000480291 96720
000480292 45920
000480293 91440
000480294 67856
000480295 99648
000480296 118032
000480297 94608
000480298 135824
000480300 48160
000480301 65920
000480302 56640
000480303 108160
000480304 38800
000480305 47840
000480306 85440
000480307 109440
000480308 34448
000480309 128800
000480310 77888
000480311 102240
000480312 62560
000480313 97104
000480314 88640
000480315 68000
000480316 64480
000480317 69920
000480318 79264
000480319 76016
000480320 99392
000480321 64800
000480322 77920
000480323 63744
000480324 103840
000480326 79904
000480327 89120
000480328 51472
000480329 99840
000480330 153408
000480331 103168
000480332 49440
000480333 127776
000480334 64560
000480335 73072
000480336 73472
000480337 104000
000480338 66880
000480339 44160
000480340 109600
000480341 54720
000480343 108160
000480344 58496
000480345 100480
000480346 113248
000480348 61920
000480349 58720
000480350 81120
000480351 76800
000480352 106560
000480353 48928
000480354 53904
000480355 131808
000480356 83104
000480357 89280
000480358 107888
000480359 69952
000480360 109616
000480361 69280
000480362 98720
000480363 112800
000480364 72432
000480365 89264
000480366 124000
000480367 46656
000480368 107104
000480369 77552
000480370 90896
000480371 56960
000480372 117760
000480373 114080
000480374 129551
000480375 66400
000480376 100640
000480377 83456
000480378 56960
000480379 105440
000480380 83360
000480381 57472
000480382 57248
000480383 122560
000480384 65168
000480385 97904
000480386 62560
000480387 52048
000480388 69280
000480391 109328
000480394 91968
000480395 90176
000480397 105120
000480398 102816
000480399 78416
000480400 64319
000481401 57280
000481402 79040
000481403 65280
000481404 83376
000481405 68160
000481406 57440
000481407 63200
000481408 69440
000481409 44656
000481411 74880
000481412 73280
000481413 39248
000481414 88320
000481415 55520
000481416 61760
000481417 85744
000481418 62080
000481419 52640
000481421 41392
000481422 51360
000481423 52000
000481424 58080
000481425 58656
000481426 58576
000481428 54400
000481429 44592
000481430 63824
000481431 43472
000481432 68000
000481433 79200
000481434 58720
000481435 54240
000481436 57920
000481438 57600
000481439 76368
000481440 41984
000481441 62080
000481442 61760
000481443 70096
000481444 81760
000481445 51360
000481446 71232
000481447 60960
000481448 61440
000481449 59040
000481450 67680
000481451 78912
000481452 73808
000481453 75040
000481454 43616
000481456 66976
000481457 72480
000481458 87520
000481459 50320
000481460 57280
000481463 66560
000481464 66400
000481465 55520
000481466 66560
000481467 52960
000481468 66208
000481470 61920
000481471 55808
000481474 52640
000481475 70384
000481476 59040
000481477 65856
000481478 49296
000481479 65760
000481480 82080
000481481 63984
000481482 58400
000481483 52368
000481485 58880
000481487 68000
000481488 55840
000481489 82240
000481490 52320
000481491 50240
000481493 50208
000481494 56480
000481495 55680
000481496 63360
000481497 52320
000481498 61920
000481499 67680
000481500 62560
000481501 109440
000481503 114720
000481504 49776
000481505 49424
000481506 141120
000481508 79440
000481509 46096
000481513 48000
000481514 64640
000481515 61760
000481516 91744
000481517 117120
000481518 123200
000481519 79360
000481520 103040
000481521 75040
000481522 79040
000481523 73920
000481524 45232
000481525 65152
000481526 52480
000481527 93744
000481528 96960
000481529 60480
000481530 110512
000481531 79008
000481532 112592
000481533 62880
000481534 84000
000481535 112640
000481536 84320
000481537 84800
000481538 50560
000481539 52320
000481540 100160
000481541 102080
000481542 126240
000481543 78880
000481544 101280
000481545 99680
000481546 56320
000481547 43200
000481549 71840
000481550 94640
000481551 92368
000481552 62752
000481553 67040
000481554 84880
000481555 66768
000481556 82304
000481557 85248
000481558 96480
000481559 100208
000481560 63840
000481561 85584
000481562 67872
000481563 86272
000481564 72304
000481565 59840
000481566 77920
000481567 60528
000481568 60800
000481569 93920
000481571 81472
000481572 54880
000481573 80800
000481574 116480
000481575 75760
000481576 106880
000481577 67664
000481578 107520
000481579 84736
000481580 73024
000481581 103040
000481582 44960
000481583 130080
000481584 91520
000481586 60016
000481587 78880
000481588 114240
000481591 100736
000481592 52752
000481593 85760
000481594 112640
000481595 48848
000481596 83040
000481597 105680
000481598 63296
000481599 53760
000481600 95520
000481601 93696
000481602 90016
000481603 92464
000481604 122080
000481605 120896
000481606 45712
000481607 71104
000481608 107024
000481609 80480
000481610 60800
000481611 78080
000481612 70400
000481613 48960
000481614 77760
000481615 80800
000481616 96160
000481617 73264
000481618 81280
000481619 77504
000481620 75360
000481621 71200
000481622 89280
000481623 42480
000481624 69808
000481625 37616
000481626 58656
000481627 49440
000481628 80320
000481629 83360
000481630 50400
000481631 61648
000481632 64160
000481633 101600
000481634 57536
000481635 58128
000481636 93952
000481637 47040
000481638 63040
000481639 54192
000481640 57600
000481641 60704
000481642 55168
000481643 80368
000481644 74560
000481645 66720
000481646 62400
000481647 129376
000481648 66304
000481649 81264
000481650 68640
000481651 98720
000481652 114880
000481653 70400
000481654 81120
000481655 64800
000481656 55040
000481657 123680
000481658 82832
000481659 120960
000481660 49584
000481661 78624
000481662 93600
000481663 39200
000481664 39920
000481665 96160
000481666 98400
000481667 48976
000481668 48272
000481669 95520
000481670 137600
000481671 78784
000481672 65728
000481673 55360
000481674 71200
000481675 103040
000481676 75840
000481677 132080
000481678 56800
000481679 117712
000481680 100416
000481681 65760
000481683 70240
000481684 64160
000481685 40160
000481686 58560
000481687 80736
000481688 100480
000481690 77440
000481691 50768
000481692 57440
000481693 64032
000481694 110272
000481695 60640
000481696 156640
000481697 97120
000481698 77920
000481699 114240
000481700 84384
000481701 120960
000481702 92064
000481703 80192
000481705 69280
000481707 128400
000481708 96800
000481709 58096
000481710 64319
000481711 89600
000481712 85440
000481713 96512
000481714 114560
000481715 84480
000481716 64111
000481717 77920
000481719 92960
000481720 56992
000481721 66240
000481723 84960
000481724 88800
000481725 54720
000481726 76960
000481727 92800
000481728 78720
000481729 86304
000481730 100480
000481731 97600
000481732 102240
000481733 98368
000481734 87360
000481735 63360
000481736 92800
000481737 50928
000481738 54992
000481739 81280
000481740 54800
000481741 117072
000481742 65440
000481743 68976
000481744 100800
000481745 57744
000481746 113600
000481748 102080
000481749 74560
000481750 63360
000481751 52960
000481752 115200
000481755 80800
000481756 67360
000481757 90400
000481758 72160
000481759 73056
000481760 91360
000481761 67296
000481762 77760
000481763 58000
000481764 78480
000481765 95520
000481766 91360
000481767 107248
000481768 94048
000481769 102240
000481770 77744
000481772 61344
000481773 87040
000481774 110160
000481775 49920
000481776 80160
000481777 69440
000481778 88384
000481779 56736
000481780 49152
000481781 81600
000481782 74960
000481783 118560
000481784 66880
000481785 48800
000481786 75840
000481787 89280
000481788 58880
000481789 93280
000481790 81440
000481791 102880
000481792 82832
000481793 67488
000481794 104960
000481795 65600
000481796 77440
000481797 56640
000481798 92000
000490001 59456
000490002 139168
000490003 76640
000490005 130240
000490006 72800
000490007 79520
000490008 79152
000490009 59760
000490010 80320
000490011 59712
000490012 103040
000490013 77728
000490014 121008
000490015 93344
000490016 121760
000490017 69872
000490019 114720
000490020 71200
000490021 41456
000490025 79360
000490026 50240
000490027 47680
000490028 46576
000490029 51536
000490030 64784
000490031 61120
000490032 58400
000490033 85712
000490034 87840
000490036 51328
000490037 71728
000490038 50880
000490039 50720
000490040 61920
000490041 31344
000490042 36032
000490043 54080
000490044 42096
000490045 39840
000490046 43744
000490047 40512
000490048 72800
000490049 48992
000490050 48800
000490052 68480
000490053 37504
000490054 36464
000490057 67200
000490058 51408
000490059 48640
000490060 52960
000490061 49920
000490062 51904
000490063 66736
000490064 54880
000490065 52976
000490067 51520
000490068 66080
000490070 51344
000490071 44480
000490072 55520
000490073 59520
000490074 61952
000490075 51136
000490076 74400
000490077 50080
000490078 71680
000490079 55920
000490080 41056
000490081 50240
000490082 73760
000490083 52480
000490084 58720
000490085 58720
000490086 56384
000490087 58208
000490088 66912
000490089 83040
000490090 64800
000490092 87824
000490093 62080
000490094 55360
000490095 59200
000490096 57280
000490097 52320
000490098 74080
000490100 64480
000490101 74240
000490102 47904
000490103 54624
000490105 65424
000490106 88480
000490107 64176
000490108 76960
000490109 37808
000490110 80640
000490111 65504
000490112 39008
000490113 53984
000490114 62560
000490116 57216
000490117 123360
000490118 60080
000490120 59840
000490123 80992
000490124 123680
000490126 102720
000490127 109472
000490129 75840
000490130 50576
000490131 47552
000490132 48688
000490133 98400
000490134 79008
000490135 114688
000490136 57760
000490137 42704
000490138 56320
000490139 69280
000490140 69440
000490141 85440
000490142 85280
000490143 64575
000490144 55520
000490145 48432
000490146 100768
000490147 94880
000490148 42336
000490149 92320
000490150 69760
000490151 63072
000490152 46672
000490153 79264
000490154 86208
000490155 80352
000490156 82480
000490157 114688
000490158 56128
000490159 90400
000490160 106112
000490161 73760
000490162 42608
000490163 100480
000490164 75360
000490165 99120
000490166 78880
000490167 96960
000490168 68848
000490169 64575
000490170 65920
000490171 85680
000490172 41888
000490173 50928
000490174 56640
000490175 45040
000490176 80208
000490177 94480
000490178 44576
000490179 59312
000490180 83952
000490181 39648
000490182 54976
000490183 76784
000490186 44096
000490187 93600
000490188 86240
000490191 41680
000490192 56976
000490193 78832
000490194 75840
000490196 78080
000490197 53456
000490200 82880
000490201 93600
000490202 42160
000490203 92848
000490204 69008
000490205 69088
000490206 99536
000490207 93472
000490208 74736
000490209 73408
000490210 42256
000490211 81040
000490213 70560
000490214 41712
000490215 99680
000490216 83440
000490217 98704
000490218 99200
000490219 51904
000490220 44240
000490222 108160
000490223 44000
000490224 102720
000490225 65424
000490227 74256
000490228 87344
000490229 85280
000490231 139232
000490232 82336
000490234 87312
000490236 78720
000490237 74240
000490238 92368
000490239 133440
000490240 99120
000490241 122528
000490243 85152
000490244 60160
000490245 102336
000490246 51680
000490247 63584
000490248 88704
000490249 119520
000490250 84480
000490251 56544
000490252 115760
000490254 87680
000490255 61072
000490256 51024
000490257 81904
000490258 49712
000490259 64080
000490260 107040
000490261 77648
000490262 69280
000490263 39600
000490264 51776
000490266 53584
000490267 68832
000490268 113168
000490269 88672
000490270 40256
000490271 40864
000490272 53232
000490273 47312
000490274 84352
000490276 45760
000490277 96160
000490278 78064
000490279 85024
000490280 97600
000490281 53312
000490282 55360
000490284 84976
000490285 77760
000490286 50048
000490287 76384
000490288 83920
000490289 62048
000490290 40304
000490291 99040
000490292 59456
000490293 69360
000490294 87840
000490295 66192
000490297 68480
000490298 83840
000490299 52512
000490300 40544
000490301 86720
000490302 105680
000490303 43232
000490304 59808
000490305 65664
000490306 63712
000490307 81712
000490308 73888
000490309 102416
000490310 45808
000490311 86080
000490312 90736
000490313 54368
000490315 73312
000490316 94240
000490317 84704
000490318 76272
000490319 77088
000490321 66608
000490322 81472
000490323 39024
000490324 74784
000490325 75792
000490326 72464
000490327 44816
000490328 93856
000490329 40432
000490330 54528
000490331 55792
000490332 106160
000490333 60960
000490334 77984
000490335 106896
000490336 109728
000490337 52096
000490338 43360
000490339 69200
000490340 43616
000490341 90720
000490342 38480
000490343 89600
000490345 63328
000490346 72832
000490347 83120
000490348 61056
000490349 110560
000490350 68240
000490351 53600
000490352 78656
000490353 74736
000490354 44352
000490355 92816
000490356 57488
000490357 86064
000490358 62256
000490359 66624
000490360 106992
000490361 50528
000490362 71552
000490363 64623
000490364 66720
000490366 61856
000490368 78976
000490369 32688
000490370 45440
000490371 69456
000490372 83104
000490373 97152
000490374 58160
000490376 39664
000490377 98688
000490378 75840
000490379 95200
000490382 67584
000490383 45680
000490384 57760
000490385 55584
000490386 54960
000490387 37088
000490388 48640
000490389 71008
000490390 72896
000490392 87616
000490394 53760
000490395 45376
000490396 41792
000490397 53904
000490398 68000
000490399 83776
000490400 64703
000491401 50080
000491402 62448
000491403 55360
000491404 68000
000491405 58080
000491406 47360
000491407 53488
000491408 60640
000491410 75840
000491411 62880
000491412 68480
000491413 36320
000491414 65760
000491415 46848
000491416 59248
000491417 84512
000491418 51600
000491419 48400
000491420 47728
000491421 39248
000491422 44352
000491424 51520
000491425 50272
000491426 47008
000491427 64656
000491428 42720
000491429 43344
000491430 52832
000491431 38192
000491432 63760
000491433 63904
000491434 59552
000491435 45056
000491436 56512
000491438 49760
000491439 67520
000491440 39536
000491441 58560
000491442 56576
000491443 57104
000491444 63040
000491445 43088
000491447 65440
000491448 48464
000491449 49600
000491450 53760
000491451 71120
000491452 68096
000491453 60320
000491454 37168
000491456 55648
000491458 70432
000491459 54640
000491460 50688
000491461 61280
000491463 57920
000491464 56160
000491465 46768
000491466 52576
000491467 45600
000491468 57536
000491470 51840
000491471 46560
000491473 47744
000491474 49472
000491475 62528
000491476 57472
000491477 62000
000491478 48624
000491479 55728
000491480 78464
000491482 54320
000491484 48992
000491485 60160
000491487 62144
000491488 46192
000491489 72320
000491491 48752
000491493 41152
000491494 50384
000491495 48464
000491496 55888
000491497 42928
000491498 54912
000491499 57680
000491500 59040
000491501 70592
000491502 51488
000491503 47968
000491504 59920
000491505 102000
000491508 47488
000491509 83664
000491510 66352
000491511 105824
000491513 59504
000491514 47616
000491515 54752
000491516 85616
000491517 79760
000491518 63360
000491519 145280
000491521 62112
000491522 43360
000491523 73760
000491524 78960
000491525 116320
000491526 52064
000491527 43168
000491528 66960
000491529 77984
000491530 90736
000491531 66048
000491532 117488
000491534 51296
000491536 42128
000491538 95760
000491539 103248
000491540 86576
000491541 45952
000491542 73536
000491543 55888
000491544 107520
000491546 44064
000491547 72176
000491548 100400
000491549 103680
000491550 87424
000491551 49280
000491552 75664
000491553 79632
000491554 73776
000491555 51888
000491556 86432
000491557 96800
000491558 39632
000491560 46560
000491561 81744
000491562 94352
000491563 46800
000491564 62208
000491565 78880
000491566 63872
000491567 65280
000491568 93104
000491569 81952
000491571 35520
000491572 109728
000491573 81296
000491574 51120
000491575 80864
000491576 58144
000491577 47168
000491578 53280
000491579 92048
000491580 60000
000491581 104544
000491582 52592
000491583 51072
000491584 110720
000491585 53616
000491586 83312
000491588 47504
000491589 83776
000491590 58304
000491591 42000
000491592 96480
000491593 58896
000491594 85920
000491595 104448
000491596 98192
000491597 86576
000491600 69744
000491601 49184
000491602 59840
000491604 46720
000491605 69280
000491606 50000
000491607 74880
000491609 79952
000491610 45456
000491611 70608
000491612 50240
000491614 101856
000491615 61552
000491618 87392
000491619 107456
000491620 61328
000491621 87904
000491622 90288
000491623 40704
000491624 76752
000491625 110192
000491628 65952
000491629 99392
000491630 41440
000491631 49376
000491632 63376
000491633 56000
000491634 103632
000491636 106240
000491637 101280
000491639 116320
000491640 51696
000491641 46752
000491642 47328
000491643 88528
000491644 80400
000491645 91360
000491646 71840
000491647 91504
000491648 44496
000491649 87024
000491650 132480
000491651 63008
000491652 112336
000491654 74240
000491655 39952
000491656 64319
000491657 102272
000491658 86240
000491659 92320
000491660 79696
000491661 55920
000491662 58368
000491663 81280
000491665 35168
000491666 57600
000491667 104784
000491668 78048
000491669 144160
000491670 83200
000491671 77088
000491672 84240
000491673 47840
000491674 49120
000491675 51568
000491676 88640
000491678 50448
000491679 48048
000491680 78368
000491681 38496
000491682 85152
000491683 51808
000491684 50064
000491685 52912
000491687 67696
000491688 81520
000491689 48784
000491690 63040
000491691 71728
000491692 123632
000491694 133648
000491695 68912
000491696 72176
000491697 62864
000491698 73616
000491699 80976
000491700 76400
000491701 82656
000491702 58800
000491703 53408
000491704 96912
000491705 53104
000491706 52720
000491707 86448
000491708 43264
000491709 90784
000491710 49920
000491711 70240
000491712 46816
000491713 70976
000491714 95680
000491715 37312
000491716 67888
000491717 81360
000491718 66208
000491719 87776
000491720 60640
000491721 95520
000491722 55056
000491723 54544
000491724 73760
000491725 80528
000491727 84096
000491728 48736
000491729 82480
000491730 94640
000491731 85040
000491732 60512
000491733 82448
000491734 73584
000491735 85504
000491736 75536
000491738 67840
000491739 68704
000491740 77664
000491741 67488
000491742 86032
000491743 61984
000491744 97360
000491745 37696
000491746 55360
000491747 67408
000491748 111168
000491749 68960
000491750 129952
000491751 39936
000491752 63248
000491753 109968
000491754 67120
000491755 38064
000491756 88880
000491757 57248
000491759 34704
000491760 63488
000491761 46384
000491762 51168
000491763 68928
000491764 53472
000491765 87840
000491766 39968
000491767 34144
000491768 78944
000491769 68704
000491770 109216
000491771 98144
000491772 62304
000491773 60320
000491774 47488
000491775 80800
000491776 42864
000491777 50208
000491778 65744
000491779 95248
000491780 79904
000491781 90912
000491782 43680
000491783 82256
000491786 54160
000491787 41408
000491788 82976
000491789 42128
000491790 53376
000491791 76912
000491792 104032
000491793 65168
000491794 56608
000491795 63856
000491796 73536
000491797 58480
000491798 87520
000491799 74544
000491800 47856
000500001 59200
000500002 132480
000500003 76000
000500004 99200
000500005 121280
000500006 78080
000500007 86080
000500008 80160
000500009 61920
000500010 84000
000500011 64800
000500012 102240
000500013 79008
000500014 113936
000500015 92960
000500016 132640
000500017 74400
000500018 87520
000500019 119520
000500020 72800
000500021 42400
000500022 60640
000500024 53008
000500025 75200
000500026 50400
000500027 53120
000500028 44000
000500029 57040
000500030 61056
000500031 64319
000500032 59360
000500033 72800
000500034 89600
000500035 40048
000500036 57280
000500037 76320
000500038 52960
000500039 57104
000500040 61936
000500042 36160
000500043 56000
000500044 42064
000500045 39904
000500046 41136
000500047 40640
000500048 74400
000500049 47360
000500050 51680
000500051 40912
000500052 75360
000500053 39024
000500054 36688
000500055 51840
000500056 64959
000500057 66240
000500058 56640
000500059 57120
000500060 63040
000500061 50400
000500062 50784
000500063 68640
000500064 57600
000500065 55360
000500066 46992
000500067 58080
000500068 67520
000500069 57776
000500070 55680
000500071 44800
000500072 59408
000500073 63040
000500074 66240
000500075 51520
000500078 81440
000500079 57120
000500080 41776
000500081 52640
000500082 91232
000500083 55840
000500084 57920
000500085 62080
000500086 59840
000500087 62720
000500088 62976
000500089 90080
000500090 69760
000500091 74832
000500092 98080
000500093 67344
000500094 59520
000500095 64800
000500096 58720
000500097 54720
000500098 78720
000500099 66192
000500100 71840
000500101 82928
000500102 113440
000500103 76960
000500104 72160
000500105 91040
000500106 97328
000500107 80480
000500108 47520
000500110 74080
000500111 53136
000500113 65600
000500114 93440
000500115 69904
000500116 92000
000500117 107440
000500118 82560
000500119 122000
000500120 75840
000500121 38192
000500122 96480
000500123 54240
000500124 94272
000500125 84800
000500126 77552
000500127 62080
000500128 76640
000500129 64304
000500130 62752
000500131 88288
000500132 56960
000500133 55040
000500134 78096
000500135 128352
000500136 48640
000500137 42352
000500138 57280
000500139 44000
000500140 107520
000500141 49280
000500142 124752
000500143 57920
000500144 83200
000500145 52752
000500146 43040
000500147 98720
000500148 80800
000500149 48480
000500150 87712
000500151 77744
000500152 57536
000500153 60480
000500154 57600
000500155 87840
000500156 72592
000500157 71520
000500158 89920
000500159 100000
000500160 69760
000500161 92848
000500162 39840
000500163 91840
000500164 52272
000500165 86400
000500167 94880
000500169 107776
000500170 103840
000500171 67200
000500172 39200
000500173 103168
000500174 134560
000500175 128000
000500176 102240
000500177 123520
000500178 45472
000500179 98560
000500180 78352
000500181 112480
000500182 106880
000500183 109120
000500184 81072
000500185 58720
000500186 51808
000500187 59360
000500188 88768
000500189 51056
000500190 94720
000500191 68752
000500192 50720
000500193 79520
000500194 88880
000500195 73120
000500196 47520
000500198 51840
000500199 69760
000500200 53584
000500201 110080
000500202 79856
000500203 43360
000500204 84960
000500205 73408
000500207 98560
000500208 76480
000500210 73392
000500211 155040
000500212 76320
000500213 96960
000500214 60848
000500215 119040
000500216 72320
000500217 53712
000500218 78208
000500219 51680
000500220 94080
000500221 79360
000500222 39040
000500223 96880
000500224 46784
000500225 44480
000500226 76688
000500227 57600
000500228 66240
000500229 40704
000500230 48800
000500231 110240
000500232 97760
000500233 41392
000500234 94512
000500235 103520
000500236 65215
000500237 79216
000500238 115680
000500239 56800
000500240 62080
000500241 93120
000500242 103040
000500243 82320
000500244 47360
000500245 75840
000500246 119680
000500247 81920
000500248 71568
000500249 47040
000500250 71936
000500251 84480
000500252 92960
000500253 45888
000500254 62880
000500255 49600
000500256 47424
000500257 96000
000500259 52832
000500260 60960
000500261 69600
000500262 79040
000500263 87840
000500264 71360
000500265 70320
000500266 74720
000500267 50112
000500268 86480
000500269 104320
000500270 104480
000500271 71040
000500272 96368
000500273 46400
000500275 70720
000500276 90720
000500277 47328
000500278 46560
000500279 52480
000500280 73920
000500281 51200
000500282 78720
000500283 85920
000500284 79200
000500285 55360
000500286 90240
000500287 115040
000500288 82880
000500289 56320
000500291 50720
000500292 59840
000500293 85024
000500294 71680
000500295 74560
000500296 100960
000500297 74400
000500298 65920
000500299 78720
000500300 48336
000500301 82080
000500302 107200
000500304 67840
000500305 112800
000500306 109440
000500307 91424
000500308 60480
000500309 94400
000500310 44512
000500311 50560
000500312 69920
000500313 57712
000500314 77440
000500315 117280
000500316 46240
000500317 66240
000500318 101552
000500319 62336
000500320 79520
000500321 81120
000500322 94576
000500323 78400
000500324 100000
000500325 84496
000500326 124320
000500327 85312
000500328 37120
000500329 87360
000500331 85440
000500332 76480
000500333 146560
000500336 75952
000500337 81040
000500338 92000
000500339 48640
000500340 92160
000500341 93280
000500342 141120
000500343 51360
000500344 83520
000500345 87584
000500346 87040
000500347 42400
000500348 69440
000500349 93024
000500350 72320
000500351 113408
000500352 84640
000500353 96128
000500354 107200
000500355 109120
000500356 93264
000500357 100480
000500358 103040
000500359 85280
000500360 79088
000500361 57344
000500362 46480
000500363 109280
000500364 54080
000500365 98400
000500366 114080
000500367 80000
000500368 83840
000500369 118240
000500370 48144
000500371 67296
000500372 52768
000500373 104800
000500374 78144
000500375 99520
000500376 94400
000500377 76000
000500379 56800
000500380 80320
000500381 97280
000500382 88800
000500383 55568
000500384 98560
000500385 84160
000500386 121440
000500387 72320
000500388 90560
000500389 58720
000500390 69856
000500391 65360
000500392 55040
000500393 105600
000500394 103040
000500395 54080
000500396 115840
000500397 54960
000500400 76000
000501401 55648
000501402 68384
000501403 64447
000501405 60640
000501406 52800
000501407 57760
000501408 65391
000501409 46080
000501410 59344
000501411 71680
000501412 80480
000501413 36640
000501414 78560
000501415 55200
000501416 62880
000501418 57120
000501419 54208
000501420 43680
000501421 42720
000501422 48800
000501423 45792
000501424 55360
000501425 52640
000501426 52800
000501427 68800
000501428 49120
000501429 47120
000501430 64640
000501431 46240
000501432 73600
000501433 73600
000501434 59200
000501435 50880
000501436 60160
000501437 46208
000501438 52640
000501439 77600
000501440 39696
000501441 59840
000501442 62912
000501443 64672
000501444 74240
000501445 50400
000501446 70800
000501447 53728
000501448 51840
000501449 54880
000501450 58080
000501451 71408
000501452 77280
000501453 68480
000501454 42272
000501456 65920
000501457 65072
000501458 80288
000501459 48464
000501460 58400
000501461 60480
000501463 62560
000501464 63840
000501465 54400
000501466 62688
000501467 50880
000501468 60160
000501469 66400
000501470 71360
000501471 54240
000501472 68480
000501473 47232
000501474 51200
000501475 68160
000501476 59680
000501477 64608
000501478 49120
000501479 69280
000501480 89920
000501481 62368
000501482 58720
000501483 53040
000501485 56960
000501486 49280
000501487 67520
000501488 51952
000501489 76480
000501490 51200
000501491 47360
000501492 59520
000501493 46736
000501494 51360
000501495 50544
000501496 62768
000501497 50880
000501498 60320
000501499 60320
000501500 57280
000501501 94240
000501502 49760
000501503 67440
000501504 49680
000501505 63680
000501506 61104
000501507 94720
000501508 81488
000501509 42864
000501510 60640
000501511 62400
000501512 66720
000501513 79456
000501514 90944
000501515 67840
000501516 42240
000501518 58080
000501519 85600
000501520 90560
000501521 105840
000501522 91040
000501523 53920
000501524 65280
000501525 74400
000501527 37824
000501528 78272
000501529 125280
000501530 99520
000501531 106560
000501532 60160
000501533 101120
000501534 79840
000501535 47200
000501537 119360
000501538 102080
000501539 100960
000501540 71520
000501541 72800
000501542 86080
000501543 68704
000501544 79040
000501545 77440
000501546 76960
000501547 51008
000501548 82080
000501549 49280
000501550 102560
000501551 118720
000501552 131520
000501553 79360
000501554 95600
000501555 81136
000501557 50864
000501558 117440
000501559 46912
000501560 69600
000501561 82880
000501562 97104
000501563 64800
000501564 106880
000501565 92800
000501566 78560
000501567 50560
000501568 82560
000501569 55360
000501570 78560
000501571 99040
000501572 88000
000501573 106080
000501574 99200
000501575 68960
000501576 67040
000501577 64160
000501578 81600
000501579 106080
000501580 113120
000501581 122880
000501582 79520
000501583 63840
000501584 64800
000501585 81600
000501586 84000
000501587 90736
000501588 76960
000501589 64640
000501590 94080
000501591 55632
000501592 81280
000501593 47520
000501594 63936
000501595 95488
000501596 84320
000501598 101808
000501599 39936
000501600 82080
000501601 105120
000501602 49920
000501603 69440
000501604 40288
000501605 65680
000501606 40160
000501607 65120
000501608 73392
000501609 64319
000501610 76960
000501611 124640
000501612 60960
000501613 89760
000501614 112160
000501615 57648
000501616 68160
000501617 83568
000501618 71408
000501619 105600
000501621 94560
000501623 91040
000501624 79040
000501625 115840
000501626 68800
000501627 70864
000501628 106240
000501629 64480
000501630 101920
000501632 77120
000501633 84000
000501634 107680
000501635 65968
000501636 40368
000501637 64480
000501638 61920
000501639 71040
000501640 92272
000501641 50080
000501642 88384
000501643 99344
000501644 43024
000501645 43184
000501646 87520
000501647 96000
000501648 70720
000501649 49056
000501650 80480
000501651 89008
000501652 40640
000501654 51040
000501655 50080
000501656 69760
000501657 42896
000501658 73760
000501659 110560
000501660 88464
000501662 73744
000501663 50512
000501664 85920
000501665 64640
000501666 108000
000501667 103680
000501668 52624
000501669 48112
000501670 73920
000501671 46400
000501672 76640
000501673 88640
000501674 46720
000501675 55888
000501676 87840
000501677 91360
000501678 108160
000501679 68000
000501680 94560
000501681 51200
000501682 54784
000501683 59168
000501684 92800
000501685 64768
000501686 65168
000501687 53552
000501688 59040
000501689 135712
000501690 86304
000501691 73072
000501692 70720
000501693 71840
000501694 93280
000501695 40416
000501696 49568
000501697 68160
000501698 71360
000501699 94240
000501700 73200
000501701 77936
000501702 83040
000501703 55968
000501704 66928
000501705 51216
000501707 99840
000501708 119760
000501709 45280
000501710 150560
000501711 101760
000501712 73120
000501714 63040
000501715 67040
000501716 53120
000501717 103840
000501718 60496
000501719 74400
000501720 95200
000501721 80800
000501722 49744
000501723 52160
000501724 74880
000501725 57760
000501726 92128
000501727 87168
000501728 74400
000501729 94560
000501730 85920
000501731 91200
000501732 125440
000501733 100960
000501734 115840
000501735 111360
000501736 80416
000501737 42128
000501738 59520
000501740 91040
000501741 69280
000501742 73072
000501743 89120
000501744 62816
000501745 94400
000501746 91120
000501747 78400
000501748 75840
000501749 74240
000501750 128000
000501751 118720
000501752 83360
000501753 49344
000501754 95648
000501755 61600
000501756 82720
000501757 53376
000501758 62752
000501759 59872
000501760 65120
000501761 93120
000501762 92800
000501763 72480
000501765 47040
000501766 64160
000501767 94400
000501768 154080
000501769 73760
000501770 102080
000501771 49440
000501772 94720
000501773 96160
000501774 96000
000501775 69920
000501776 94560
000501777 53920
000501778 57440
000501779 106240
000501780 90720
000501781 94240
000501782 62736
000501783 64800
000501784 115840
000501785 72000
000501786 46304
000501787 100688
000501788 100000
000501789 131840
000501790 83840
000501791 54080
000501792 59648
000501793 86720
000501794 52048
000501795 52784
000501796 110560
000501797 86688
000501798 92464
000501799 70352
000501800 46272
000510001 65920
000510002 167680
000510003 96480
000510004 114880
000510005 144000
000510006 101120
000510007 102400
000510008 96960
000510009 83680
000510010 108640
000510012 137760
000510013 85600
000510014 145120
000510015 107040
000510016 159200
000510017 90400
000510018 99040
000510019 138720
000510020 92000
000510021 52480
000510022 73120
000510023 79360
000510024 72160
000510025 99840
000510026 71840
000510027 64640
000510028 58880
000510029 75200
000510030 79520
000510031 83200
000510032 80960
000510033 90016
000510034 120960
000510035 50416
000510036 67520
000510037 92160
000510038 65920
000510039 68640
000510040 80000
000510041 37760
000510042 44960
000510043 68480
000510044 56192
000510045 55040
000510046 65440
000510047 57040
000510048 108160
000510049 70720
000510050 62560
000510052 87680
000510053 55504
000510054 48608
000510055 66560
000510056 89760
000510057 87520
000510058 80160
000510060 78720
000510061 60160
000510062 65120
000510063 93760
000510064 67360
000510065 74080
000510067 70720
000510068 95200
000510069 76320
000510070 66880
000510071 63360
000510072 79600
000510073 75360
000510074 88960
000510075 69280
000510076 109760
000510077 69280
000510078 94880
000510079 75200
000510081 65120
000510082 101760
000510083 62768
000510084 66240
000510085 66400
000510086 82880
000510087 70400
000510088 71488
000510089 110240
000510090 91200
000510092 123520
000510093 84160
000510094 70896
000510095 85600
000510096 73760
000510097 74400
000510098 97280
000510099 78320
000510101 122400
000510102 83040
000510103 55200
000510104 95520
000510105 128816
000510106 72960
000510107 126240
000510108 54240
000510109 62816
000510111 70400
000510112 87200
000510113 101920
000510114 79040
000510115 110880
000510116 73120
000510117 77280
000510118 105920
000510119 102880
000510120 96640
000510121 127200
000510122 144000
000510124 108960
000510125 76000
000510126 81280
000510127 80272
000510129 88320
000510130 53600
000510131 115680
000510132 81120
000510133 95040
000510134 81600
000510135 108416
000510136 160976
000510137 103696
000510138 59200
000510140 120800
000510142 58240
000510144 110720
000510145 122720
000510146 134400
000510147 116160
000510148 109920
000510149 90720
000510150 61280
000510151 52480
000510152 55200
000510153 154400
000510154 94720
000510155 111680
000510156 93440
000510157 86880
000510158 132640
000510159 74400
000510160 113328
000510162 66880
000510163 85920
000510164 163680
000510165 159520
000510166 87856
000510167 77120
000510168 67840
000510169 131840
000510170 72960
000510171 105440
000510172 73760
000510173 70880
000510174 151520
000510175 92960
000510176 107680
000510177 120480
000510178 90720
000510179 76464
000510180 89776
000510181 60928
000510182 85120
000510183 114880
000510184 99840
000510185 107840
000510186 161600
000510187 64319
000510189 85280
000510190 80000
000510191 82560
000510192 121120
000510193 66736
000510195 86800
000510196 84640
000510197 78512
000510198 79360
000510199 95520
000510200 72480
000510201 116000
000510202 98400
000510203 53760
000510204 71840
000510205 67360
000510206 127200
000510207 109440
000510208 78560
000510209 56320
000510210 86400
000510212 104480
000510213 132160
000510214 144800
000510215 130880
000510216 96960
000510217 102080
000510218 75680
000510219 116320
000510220 62080
000510221 103520
000510224 101120
000510225 77760
000510226 115680
000510227 104160
000510228 131248
000510229 112160
000510230 94880
000510233 45600
000510234 68000
000510236 110240
000510237 59040
000510238 57280
000510239 88960
000510240 65600
000510241 84480
000510242 129600
000510243 68480
000510244 72160
000510245 91360
000510246 111840
000510247 108960
000510248 65120
000510249 78560
000510250 66720
000510251 90240
000510252 80224
000510253 101760
000510254 61264
000510255 119440
000510256 79520
000510257 43968
000510258 121504
000510259 73600
000510260 59488
000510261 41760
000510262 58560
000510263 120480
000510264 118720
000510265 93280
000510266 45280
000510267 102560
000510268 74720
000510269 40448
000510270 95680
000510272 68160
000510273 61280
000510274 75216
000510275 150240
000510276 84480
000510277 103824
000510278 64640
000510279 84960
000510280 104320
000510281 76144
000510283 63200
000510284 51360
000510285 80160
000510286 132480
000510287 77792
000510288 76144
000510290 102240
000510291 62720
000510292 85440
000510294 48416
000510295 92000
000510296 87200
000510297 108320
000510298 68160
000510299 114560
000510300 100640
000510301 115360
000510302 68320
000510303 105280
000510304 86400
000510305 56640
000510306 62560
000510307 84800
000510308 64959
000510309 123200
000510310 85440
000510311 84960
000510312 140480
000510313 96640
000510314 100480
000510315 86080
000510316 94720
000510317 92800
000510318 113600
000510319 87200
000510320 84000
000510321 67024
000510322 92960
000510323 92560
000510324 128800
000510325 119040
000510327 132000
000510328 110080
000510329 91520
000510330 100800
000510331 48960
000510332 56640
000510333 73120
000510334 106240
000510335 96000
000510336 90560
000510337 86560
000510338 118560
000510339 116960
000510340 95360
000510341 41760
000510342 88320
000510344 94720
000510345 59040
000510346 88960
000510347 115200
000510348 88480
000510349 146080
000510350 143200
000510351 67680
000510352 101280
000510354 71520
000510355 119520
000510356 102560
000510357 58240
000510358 101120
000510359 98880
000510360 74720
000510361 92800
000510362 81600
000510363 71200
000510364 107360
000510366 117280
000510367 66720
000510368 120640
000510369 87360
000510370 122080
000510371 123200
000510372 110720
000510373 75040
000510374 100320
000510375 61600
000510376 91840
000510377 108000
000510378 90720
000510379 150400
000510380 51040
000510381 55520
000510382 66560
000510383 137920
000510384 94400
000510387 100000
000510388 92320
000510389 140800
000510390 91360
000510391 74240
000510392 111040
000510393 148320
000510394 56160
000510396 117120
000510397 132160
000510398 145600
000510399 103360
000510400 81760
000511401 63680
000511402 82080
000511403 73120
000511404 90080
000511405 68160
000511406 62560
000511407 67360
000511408 77920
000511409 55040
000511410 66080
000511411 84000
000511412 79520
000511413 43520
000511414 104640
000511415 61920
000511416 76800
000511417 100960
000511418 64959
000511419 62080
000511420 50736
000511421 48528
000511422 55680
000511423 57024
000511424 65440
000511425 58400
000511427 88800
000511428 57280
000511429 52640
000511430 70080
000511432 75040
000511433 89760
000511434 64000
000511435 54720
000511436 64640
000511438 59200
000511439 84160
000511441 68160
000511442 66720
000511443 77280
000511444 88320
000511445 56800
000511446 71840
000511447 66384
000511448 59200
000511449 63520
000511450 64800
000511451 92640
000511452 76320
000511453 74400
000511454 49600
000511455 70400
000511456 72864
000511457 76272
000511458 85600
000511459 54720
000511460 68320
000511461 73280
000511463 78240
000511464 68800
000511465 59040
000511466 69120
000511467 57920
000511468 69440
000511470 65280
000511471 59520
000511473 52384
000511474 53920
000511475 74080
000511476 63680
000511477 74560
000511479 68800
000511480 82880
000511481 66880
000511482 64480
000511483 60160
000511485 63520
000511487 75360
000511488 61600
000511489 87360
000511490 50720
000511491 56480
000511494 59360
000511495 55200
000511496 72480
000511497 57280
000511498 60000
000511499 67680
000511500 65440
000511501 96480
000511502 72256
000511503 42944
000511504 86560
000511505 61440
000511506 103040
000511507 107520
000511508 93920
000511509 98080
000511510 123520
000511511 52160
000511512 64000
000511513 55360
000511514 46400
000511515 90080
000511516 96800
000511517 97600
000511518 63360
000511519 117280
000511520 81600
000511521 84640
000511522 107200
000511523 119040
000511524 108800
000511525 78560
000511526 113744
000511527 98880
000511528 123872
000511529 88640
000511530 57120
000511531 75520
000511532 96000
000511534 101440
000511535 87680
000511536 122560
000511537 102880
000511538 67360
000511539 114240
000511540 63680
000511541 47040
000511542 98240
000511543 50560
000511544 92640
000511545 66128
000511546 123040
000511547 144320
000511548 60320
000511549 110560
000511550 140160
000511551 52960
000511552 103200
000511553 71840
000511554 80480
000511555 54336
000511556 114400
000511557 98560
000511558 68800
000511559 92320
000511560 107360
000511561 133280
000511562 72000
000511563 84320
000511564 75200
000511565 70880
000511567 60160
000511568 58720
000511569 65440
000511570 68368
000511571 105600
000511572 121760
000511573 78560
000511574 89440
000511575 103040
000511576 132960
000511577 69920
000511578 96480
000511579 130560
000511580 162880
000511581 95040
000511582 144320
000511583 83040
000511584 73440
000511585 115360
000511587 83680
000511588 88160
000511589 104960
000511590 76640
000511591 103840
000511592 70400
000511593 71360
000511594 70720
000511595 71520
000511596 127200
000511598 61120
000511599 129120
000511600 90560
000511601 80800
000511602 95360
000511603 94080
000511604 88160
000511605 57600
000511607 68000
000511608 116480
000511609 94720
000511610 88640
000511611 166880
000511612 79840
000511613 98400
000511614 149760
000511615 48480
000511616 153920
000511617 113920
000511618 72320
000511619 90560
000511620 122240
000511621 76640
000511622 96000
000511623 62080
000511624 56640
000511625 88160
000511626 135040
000511627 130720
000511628 86880
000511629 68624
000511630 62080
000511631 65280
000511632 71840
000511633 60960
000511634 125920
000511635 56640
000511636 101280
000511637 66080
000511638 124800
000511639 61760
000511640 86880
000511641 65440
000511642 121440
000511643 51680
000511644 60960
000511645 101440
000511646 98560
000511647 63840
000511648 76000
000511649 47360
000511650 73440
000511651 76480
000511652 73600
000511653 68160
000511654 74560
000511655 116000
000511656 82720
000511657 61776
000511658 81920
000511659 92320
000511660 84640
000511661 63520
000511662 125920
000511663 95520
000511664 118720
000511665 86080
000511666 62720
000511667 102400
000511668 57760
000511669 137104
000511670 59040
000511671 68160
000511672 121280
000511673 60640
000511674 96960
000511675 78240
000511677 94400
000511678 56320
000511679 80800
000511680 64800
000511681 108000
000511682 85600
000511683 68624
000511684 83520
000511685 105440
000511686 56000
000511687 71520
000511688 95040
000511689 92000
000511690 68000
000511691 59680
000511692 73920
000511693 125280
000511694 101440
000511695 86240
000511696 108480
000511697 104160
000511698 66880
000511699 79520
000511700 93280
000511701 124640
000511702 88320
000511703 55200
000511704 77760
000511705 78080
000511706 77600
000511707 118080
000511708 105280
000511709 71840
000511710 104736
000511711 99040
000511712 58720
000511713 129759
000511714 84800
000511715 61280
000511716 82080
000511717 108800
000511718 86080
000511719 125120
000511720 78560
000511721 87040
000511722 66240
000511723 94720
000511724 54848
000511725 135520
000511726 105280
000511727 100160
000511728 100000
000511729 69120
000511730 68160
000511731 116960
000511732 64160
000511733 91360
000511734 50880
000511735 72960
000511736 63040
000511737 76800
000511738 99040
000511739 133760
000511741 115200
000511742 117920
000511744 47360
000511745 97760
000511746 53520
000511747 146400
000511748 51840
000511749 55680
000511751 121488
000511753 51200
000511754 112000
000511756 119360
000511758 100480
000511759 68000
000511760 116160
000511761 83680
000511762 112640
000511763 138880
000511764 61440
000511765 107040
000511766 77120
000511767 76960
000511768 72480
000511769 95520
000511770 74720
000511771 83200
000511772 52640
000511773 96320
000511776 80960
000511777 71200
000511778 84800
000511779 100000
000511780 59840
000511781 102080
000511782 66096
000511783 100160
000511784 106720
000511785 94240
000511786 105440
000511787 90080
000511788 96640
000511789 100800
000511790 55040
000511792 77120
000511793 94720
000511795 66880
000511796 99360
000511797 95200
000511798 48640
000511799 91360
000511800 127040
000520001 56960
000520002 152320
000520003 74080
000520004 118880
000520005 154560
000520006 92640
000520007 113920
000520008 101280
000520009 66400
000520010 87360
000520011 73600
000520012 127040
000520013 80960
000520014 132640
000520015 96320
000520016 160000
000520017 85920
000520018 91040
000520019 144640
000520020 88000
000520021 43200
000520023 74720
000520024 76800
000520025 102560
000520026 56160
000520027 64319
000520028 49456
000520029 64000
000520030 65440
000520031 76160
000520032 76464
000520033 104000
000520034 92480
000520035 45600
000520036 61600
000520037 81600
000520038 50880
000520039 60480
000520040 67840
000520041 30240
000520042 35040
000520043 70720
000520044 50400
000520046 50112
000520047 42880
000520048 76544
000520049 55520
000520050 62080
000520052 74240
000520053 42080
000520054 40320
000520055 60160
000520056 64000
000520057 69120
000520058 60000
000520059 46560
000520060 61312
000520061 52000
000520062 55360
000520063 80160
000520064 53680
000520065 51200
000520066 47360
000520067 47680
000520068 70240
000520069 69120
000520070 75680
000520071 45648
000520072 61440
000520073 63680
000520074 70400
000520075 51360
000520076 98400
000520077 50720
000520078 85920
000520079 62720
000520080 43840
000520081 55040
000520082 88960
000520083 53920
000520084 69440
000520085 58400
000520086 60320
000520087 78720
000520088 72000
000520089 103040
000520090 71680
000520091 72160
000520092 112640
000520093 83520
000520094 63744
000520095 66240
000520096 61184
000520097 68960
000520098 76000
000520099 62880
000520100 70400
000520101 88544
000520102 42432
000520103 108800
000520104 87360
000520105 52320
000520106 82720
000520107 48000
000520108 117312
000520109 110560
000520110 111680
000520111 92960
000520112 74720
000520113 147360
000520114 144960
000520115 64640
000520116 91520
000520117 97120
000520118 121440
000520119 77120
000520120 116960
000520121 50400
000520122 106400
000520123 169920
000520124 120640
000520125 133280
000520126 119840
000520127 133920
000520128 85440
000520129 63840
000520130 98240
000520131 127680
000520132 109440
000520133 101440
000520134 70400
000520135 103040
000520136 82880
000520137 93600
000520138 60480
000520139 69760
000520140 46400
000520141 121920
000520142 63088
000520143 93440
000520144 101600
000520145 59680
000520146 65440
000520147 97920
000520148 43360
000520149 66240
000520151 111040
000520152 57072
000520153 38240
000520154 100480
000520155 81280
000520156 77920
000520157 129440
000520158 64319
000520159 60480
000520160 80000
000520161 94560
000520162 119040
000520163 115680
000520164 64480
000520165 96160
000520166 35040
000520167 51040
000520168 34560
000520169 42624
000520170 78400
000520171 68960
000520172 72960
000520173 47840
000520174 117120
000520175 57120
000520176 63840
000520177 95840
000520178 73760
000520179 127360
000520180 99360
000520181 80640
000520183 69120
000520184 70080
000520185 73120
000520186 80320
000520188 42064
000520189 86720
000520190 97600
000520191 35584
000520192 58272
000520193 53760
000520194 69120
000520195 82400
000520196 118720
000520197 91840
000520198 51840
000520199 115360
000520200 70080
000520201 94560
000520202 62880
000520203 80320
000520204 73600
000520205 76800
000520206 108000
000520208 84320
000520209 105920
000520210 92000
000520211 82880
000520212 86560
000520213 63520
000520214 89600
000520215 92640
000520216 46720
000520217 83840
000520218 50400
000520219 80720
000520220 71520
000520221 108800
000520222 69760
000520223 90560
000520224 82560
000520225 95840
000520226 73120
000520228 62240
000520229 50720
000520230 68960
000520231 86080
000520232 43840
000520233 98400
000520234 87520
000520235 96000
000520236 58400
000520237 83792
000520238 93920
000520239 85600
000520240 98640
000520241 77584
000520242 88000
000520243 99520
000520244 100000
000520245 65440
000520246 121600
000520247 81248
000520248 49760
000520249 95040
000520251 47360
000520252 92160
000520253 75040
000520254 81264
000520255 89920
000520256 121600
000520257 106240
000520258 97120
000520259 145920
000520260 67840
000520261 136640
000520262 68960
000520263 72160
000520264 91840
000520265 70528
000520266 145920
000520267 121280
000520268 66080
000520269 60000
000520270 121120
000520271 58720
000520272 94240
000520273 85760
000520274 102880
000520275 70080
000520276 55840
000520277 69280
000520278 120480
000520279 112640
000520280 98240
000520281 95040
000520282 103520
000520283 114560
000520284 104960
000520285 98240
000520286 118144
000520287 100320
000520288 48160
000520289 43840
000520290 117440
000520291 86080
000520292 87360
000520293 90240
000520294 134080
000520295 52640
000520296 72960
000520297 48800
000520298 99200
000520299 84160
000520300 100960
000520301 86720
000520302 67680
000520303 81440
000520304 131200
000520305 45120
000520306 54400
000520307 73936
000520309 84000
000520310 74720
000520311 51360
000520312 81440
000520313 64480
000520315 59680
000520316 99040
000520318 57440
000520319 90400
000520321 91200
000520322 41440
000520324 90880
000520325 71200
000520327 74240
000520328 74400
000520329 57280
000520330 76960
000520331 127680
000520332 54880
000520333 103968
000520334 111968
000520335 81760
000520336 90720
000520337 117568
000520338 97760
000520339 82000
000520340 78080
000520341 93440
000520342 56480
000520343 93568
000520344 119200
000520345 97120
000520347 76000
000520348 91840
000520349 72640
000520350 107040
000520351 62560
000520352 61600
000520353 76320
000520354 36480
000520355 42256
000520356 75040
000520358 54400
000520359 62400
000520360 46880
000520361 84160
000520362 48160
000520363 97408
000520364 34880
000520365 94240
000520366 123520
000520367 57600
000520368 57600
000520369 114560
000520370 87520
000520371 45600
000520372 119360
000520374 70560
000520375 101760
000520376 75680
000520377 77760
000520378 144640
000520379 83040
000520380 68480
000520381 109760
000520382 117600
000520383 98400
000520384 108320
000520385 80320
000520386 116480
000520387 139200
000520388 73280
000520389 105920
000520390 71520
000520391 149760
000520393 45664
000520394 88000
000520395 122720
000520396 92000
000520397 63680
000520398 81760
000520399 75520
000520400 64928
000521403 74240
000521405 68160
000521406 53664
000521407 64800
000521408 83520
000521411 74880
000521412 84320
000521414 82720
000521415 55072
000521416 67200
000521417 102400
000521418 68480
000521419 57920
000521422 46400
000521423 44320
000521424 57920
000521425 56800
000521426 57120
000521427 83680
000521428 47040
000521429 44336
000521430 64640
000521432 72640
000521433 79840
000521434 82080
000521435 50400
000521436 57440
000521437 46272
000521438 59040
000521439 91040
000521440 43808
000521441 68624
000521442 77440
000521443 71040
000521444 93440
000521445 53280
000521446 93760
000521447 53280
000521448 52640
000521449 68000
000521450 55040
000521451 78080
000521452 78240
000521454 42080
000521455 63520
000521456 64000
000521457 65120
000521458 86080
000521459 55520
000521460 62880
000521461 83680
000521462 54080
000521463 80320
000521464 68960
000521465 61920
000521466 73280
000521467 52160
000521468 72480
000521469 64319
000521470 64160
000521471 60320
000521472 88000
000521473 47840
000521474 84800
000521475 98560
000521476 67360
000521477 80128
000521478 53600
000521479 80640
000521480 113760
000521481 76480
000521482 66400
000521483 57120
000521484 60256
000521486 62080
000521487 91200
000521488 57760
000521490 60160
000521491 54432
000521492 65600
000521493 51200
000521494 55200
000521495 48960
000521496 72000
000521497 60480
000521498 54240
000521499 64800
000521500 66560
000521501 80480
000521502 65600
000521503 104320
000521504 132480
000521505 167360
000521506 110400
000521507 67360
000521508 96800
000521509 104960
000521510 116640
000521511 67520
000521512 127840
000521513 99040
000521514 102400
000521515 113760
000521516 113280
000521517 59040
000521518 91264
000521520 77440
000521521 113280
000521522 90240
000521523 91520
000521524 122240
000521525 114240
000521526 96480
000521527 127520
000521528 102080
000521529 82720
000521530 62880
000521531 100000
000521532 187200
000521533 67200
000521534 72320
000521535 50240
000521536 72160
000521537 38400
000521538 84000
000521539 92480
000521540 103040
000521541 90240
000521542 98880
000521543 142720
000521544 60000
000521545 55520
000521546 153600
000521547 77760
000521548 104000
000521549 109760
000521550 65440
000521551 111760
000521552 128479
000521553 83040
000521554 136480
000521555 112960
000521557 71200
000521559 88160
000521560 117440
000521561 96480
000521562 42400
000521563 91840
000521564 48640
000521565 80320
000521566 107680
000521568 81280
000521569 80800
000521570 93440
000521571 80800
000521572 54720
000521573 118880
000521574 38880
000521575 97200
000521576 136160
000521577 94560
000521579 98240
000521581 69600
000521582 79360
000521584 129919
000521585 90560
000521586 80320
000521587 89760
000521588 104160
000521589 71200
000521591 68800
000521592 56960
000521593 58240
000521594 60320
000521595 105120
000521597 48480
000521598 153296
000521599 124768
000521600 109760
000521601 174880
000521602 113120
000521603 54400
000521604 76000
000521605 52480
000521606 99200
000521607 104800
000521608 128479
000521609 78560
000521610 103040
000521612 98560
000521613 60800
000521614 88960
000521615 144000
000521616 104320
000521617 91200
000521619 97920
000521620 114560
000521621 50128
000521622 96960
000521623 110560
000521625 109920
000521626 49440
000521627 99360
000521628 94240
000521629 134720
000521630 104000
000521631 55200
000521632 143680
000521633 142880
000521634 115040
000521635 116480
000521636 93248
000521637 52960
000521638 66560
000521639 102560
000521640 70400
000521641 118720
000521642 150560
000521643 84640
000521644 127520
000521645 107680
000521646 53760
000521647 122240
000521648 94400
000521649 80160
000521650 91520
000521651 49120
000521653 60000
000521654 69904
000521655 100480
000521657 118560
000521658 57120
000521659 137440
000521660 88160
000521662 136960
000521663 111520
000521664 57600
000521665 61760
000521666 102560
000521670 130880
000521672 57280
000521673 129919
000521674 122720
000521675 126560
000521676 122080
000521677 95872
000521678 73920
000521679 140320
000521680 109120
000521681 126080
000521682 76160
000521684 40320
000521685 127520
000521686 72160
000521687 162240
000521688 77920
000521689 97280
000521690 64160
000521691 125920
000521692 49280
000521693 81280
000521694 145120
000521695 115520
000521696 94080
000521697 53600
000521698 93760
000521699 57600
000521700 131039
000521702 68304
000521703 55680
000521704 106080
000521705 80320
000521706 78080
000521707 96480
000521709 74560
000521710 56480
000521711 62400
000521714 92160
000521715 109760
000521716 89920
000521717 46080
000521718 62880
000521719 58880
000521720 96800
000521721 119760
000521723 155680
000521724 106080
000521725 89760
000521726 154560
000521727 58560
000521728 53440
000521729 48640
000521730 59520
000521731 74240
000521732 40480
000521733 48640
000521734 87360
000521735 59360
000521736 98720
000521737 48480
000521738 108160
000521739 76800
000521740 136640
000521741 116480
000521742 199840
000521743 99840
000521744 155840
000521745 73280
000521746 88800
000521747 46880
000521748 146240
000521749 112800
000521750 122720
000521751 111040
000521752 82144
000521753 77440
000521754 111040
000521755 88800
000521756 132960
000521757 55200
000521758 40480
000521759 78080
000521760 119040
000521761 179520
000521762 100960
000521765 88000
000521766 124160
000521767 117280
000521768 50448
000521769 140320
000521771 44480
000521772 55520
000521773 73920
000521774 101440
000521775 70080
000521776 127360
000521777 117920
000521778 91040
000521779 109600
000521780 89600
000521781 126880
000521782 105760
000521783 82240
000521784 131200
000521785 112960
000521786 83520
000521787 58224
000521788 162560
000521789 131039
000521790 136000
000521791 104320
000521792 73280
000521793 69440
000521794 139840
000521795 160480
000521796 49280
000521797 76480
000521798 83840
000521799 162464
000521800 93600
000530001 65696
000530002 169760
000530003 96960
000530004 110080
000530005 137280
000530006 99040
000530007 105008
000530008 92480
000530009 77280
000530010 102400
000530011 76096
000530012 135360
000530013 103040
000530014 128960
000530015 110400
000530016 148800
000530017 87840
000530018 92480
000530019 141120
000530020 97920
000530021 46400
000530022 81440
000530024 73600
000530025 85600
000530026 62560
000530027 56480
000530028 51520
000530029 64640
000530030 75296
000530031 73600
000530032 71200
000530033 86816
000530034 101760
000530036 63360
000530037 84480
000530038 58080
000530039 62240
000530040 71040
000530041 34208
000530042 40160
000530044 45920
000530045 48640
000530046 49760
000530047 48544
000530048 81440
000530049 55040
000530050 64160
000530052 80000
000530053 40160
000530054 38576
000530055 60160
000530056 76320
000530057 73280
000530058 72160
000530059 57760
000530060 67840
000530061 68480
000530062 56320
000530063 82560
000530064 67360
000530065 68000
000530067 59840
000530068 80640
000530070 59840
000530071 56960
000530072 72000
000530073 78880
000530075 64000
000530076 100960
000530077 58400
000530078 97920
000530079 70720
000530080 50400
000530081 58240
000530082 94080
000530083 63840
000530084 72000
000530085 72800
000530086 67680
000530087 68960
000530088 69456
000530089 115360
000530090 79360
000530091 84320
000530092 119520
000530093 88800
000530095 68960
000530096 63200
000530097 65920
000530098 93600
000530099 66880
000530100 77600
000530101 100800
000530102 81600
000530103 67360
000530104 44480
000530105 144480
000530106 103680
000530107 65120
000530108 115680
000530109 78880
000530110 72960
000530111 157120
000530112 67040
000530113 91360
000530114 125440
000530115 91040
000530116 119680
000530117 80480
000530118 138880
000530119 54720
000530120 92160
000530121 107680
000530122 115200
000530123 80000
000530124 60000
000530125 80480
000530126 91680
000530127 42704
000530128 113760
000530129 122400
000530130 156320
000530131 133280
000530132 97280
000530133 55680
000530134 45120
000530135 68640
000530136 64959
000530137 160960
000530138 60640
000530139 114240
000530140 60688
000530141 59840
000530142 44160
000530143 58880
000530144 84160
000530145 97920
000530146 105280
000530147 86080
000530148 67680
000530149 45280
000530150 88960
000530151 81760
000530153 45120
000530154 99200
000530155 70400
000530156 83200
000530157 66240
000530158 101760
000530160 114400
000530161 87200
000530162 63360
000530163 58720
000530165 52000
000530166 76800
000530167 70880
000530168 91040
000530169 163200
000530171 70400
000530172 57440
000530173 67200
000530174 97920
000530175 108480
000530176 103680
000530177 123840
000530179 99200
000530180 83040
000530181 88960
000530182 59840
000530183 72800
000530184 75200
000530185 85760
000530186 110400
000530187 85760
000530189 84640
000530190 107200
000530191 98560
000530192 103360
000530193 68960
000530194 84960
000530195 77280
000530196 106400
000530197 85920
000530198 61120
000530199 127360
000530200 92000
000530201 41440
000530202 91040
000530203 50240
000530204 98880
000530205 69760
000530206 79200
000530207 50880
000530208 80960
000530209 120640
000530210 104800
000530211 99136
000530212 47840
000530213 46880
000530214 122080
000530215 137440
000530216 51360
000530217 65440
000530218 76800
000530219 99200
000530220 72160
000530221 118400
000530222 101760
000530223 106080
000530224 94720
000530225 77760
000530226 37280
000530227 59520
000530228 64800
000530229 66080
000530230 112640
000530231 80960
000530232 79040
000530235 81600
000530236 70080
000530237 63840
000530238 67040
000530239 101600
000530240 79040
000530241 111360
000530242 41120
000530243 91840
000530244 62560
000530245 55840
000530246 90240
000530248 128639
000530249 111040
000530250 76160
000530253 111360
000530254 90720
000530255 104320
000530256 84160
000530257 84480
000530258 43520
000530259 117440
000530260 98240
000530261 109120
000530262 90880
000530264 122400
000530266 63200
000530267 147360
000530268 89920
000530269 47680
000530270 105440
000530271 64800
000530272 60000
000530273 72800
000530274 114720
000530275 58560
000530276 52432
000530277 46400
000530278 95200
000530279 55680
000530280 58880
000530281 52160
000530282 99040
000530283 95520
000530284 84160
000530285 122240
000530286 115360
000530287 40208
000530289 45760
000530290 81280
000530292 62720
000530293 92640
000530294 63520
000530296 97920
000530297 87200
000530300 78400
000530306 39680
000530307 129919
000530308 155680
000530309 127200
000530310 108640
000530311 61600
000530312 77440
000530313 65600
000530314 37920
000530315 45920
000530316 49120
000530317 102560
000530318 112640
000530319 104160
000530320 104800
000530322 108800
000530323 38096
000530324 93280
000530325 96960
000530326 73280
000530327 45440
000530328 125920
000530329 62736
000530330 90080
000530331 42400
000530332 122720
000530333 115680
000530334 46240
000530335 115200
000530336 49920
000530337 41120
000530338 104160
000530340 87680
000530341 85600
000530342 63360
000530344 92640
000530345 114080
000530346 72320
000530347 110400
000530349 63840
000530350 78560
000530351 87040
000530353 62560
000530354 95200
000530355 58880
000530356 63360
000530359 78400
000530360 63840
000530361 69344
000530362 73120
000530363 87680
000530364 76160
000530365 45008
000530366 73440
000530367 73760
000530368 93600
000530369 76800
000530370 118400
000530371 45600
000530372 111360
000530373 60640
000530374 63680
000530375 82240
000530376 51840
000530377 106560
000530378 86880
000530379 119360
000530380 44000
000530381 52960
000530382 65120
000530384 59680
000530385 61120
000530386 117120
000530387 54720
000530388 80480
000530389 53120
000530390 100960
000530391 93120
000530392 77280
000530393 101600
000530394 71040
000530395 66240
000530396 116960
000530397 98240
000530398 75360
000530399 58880
000530400 100000
000531401 59680
000531402 72960
000531403 68160
000531404 74560
000531405 70720
000531406 54560
000531407 62400
000531408 70880
000531409 47040
000531411 76960
000531412 74560
000531413 39360
000531414 76960
000531415 64959
000531416 66880
000531417 109120
000531419 58432
000531420 51264
000531421 42240
000531422 55200
000531423 48160
000531424 60160
000531425 53280
000531426 64800
000531427 72960
000531428 58880
000531429 51040
000531430 74240
000531431 42720
000531432 71520
000531433 80960
000531434 57760
000531435 56320
000531436 62240
000531437 49760
000531438 56640
000531439 76320
000531440 42560
000531441 61600
000531442 75680
000531443 67200
000531444 82880
000531445 61120
000531446 80160
000531447 54560
000531448 60640
000531450 64640
000531451 81440
000531452 71040
000531453 80320
000531454 42416
000531456 68000
000531457 71040
000531458 78240
000531459 50096
000531460 60480
000531461 61600
000531463 72320
000531464 64959
000531465 58240
000531466 62240
000531467 53280
000531468 69120
000531469 70400
000531470 65120
000531471 53760
000531472 61824
000531473 44000
000531474 52960
000531475 59840
000531476 67680
000531477 65920
000531478 50240
000531479 66720
000531480 99360
000531482 59200
000531483 57120
000531485 60000
000531487 66560
000531488 58400
000531489 79200
000531490 51040
000531491 45600
000531493 47536
000531494 53120
000531495 53600
000531496 61440
000531497 66880
000531498 64160
000531499 62240
000531500 62240
000531501 123360
000531502 40960
000531503 57280
000531504 107680
000531505 117920
000531506 64640
000531507 60960
000531508 116800
000531509 73600
000531510 82880
000531511 84960
000531512 77440
000531513 109120
000531514 45120
000531515 81760
000531516 103520
000531517 110560
000531518 108480
000531520 64480
000531521 42560
000531522 84960
000531523 56000
000531524 96480
000531527 48480
000531528 83840
000531529 114720
000531530 103040
000531531 67040
000531532 123360
000531533 135680
000531534 157120
000531535 65120
000531536 101920
000531537 84000
000531539 119200
000531540 41760
000531541 78240
000531542 124480
000531543 74640
000531544 92480
000531545 69440
000531546 103520
000531547 108640
000531548 66080
000531549 65440
000531550 124000
000531552 89760
000531553 57920
000531554 55248
000531555 61760
000531556 117120
000531557 96656
000531558 89280
000531559 80224
000531560 151360
000531561 56000
000531562 72320
000531563 69920
000531564 43200
000531565 96800
000531566 104160
000531567 50240
000531568 94560
000531569 67040
000531570 72640
000531571 59680
000531572 42384
000531573 142880
000531574 39840
000531575 78400
000531576 53280
000531577 94400
000531578 136800
000531579 63504
000531580 58880
000531581 84800
000531582 77920
000531583 80336
000531584 67040
000531586 47840
000531587 57856
000531588 81600
000531590 107200
000531591 116640
000531592 66880
000531593 57008
000531594 46240
000531595 65440
000531596 61920
000531598 78720
000531599 74880
000531600 96320
000531601 76960
000531602 67040
000531603 102080
000531604 72000
000531605 64640
000531606 53280
000531607 53920
000531608 58080
000531609 49280
000531610 89760
000531611 67040
000531612 96320
000531613 134720
000531616 82400
000531617 76480
000531618 72160
000531619 51680
000531620 88640
000531621 53120
000531622 83040
000531624 56000
000531625 68800
000531626 113600
000531628 77920
000531629 97440
000531630 72960
000531631 72160
000531632 101600
000531634 89440
000531635 59840
000531636 93920
000531637 66880
000531638 96320
000531639 105280
000531640 69760
000531641 111200
000531642 70560
000531643 71840
000531645 87840
000531646 103984
000531647 85120
000531648 92640
000531649 48000
000531650 115200
000531651 99200
000531652 65760
000531653 96960
000531654 78400
000531655 82720
000531656 39200
000531657 92960
000531658 73440
000531659 68480
000531660 97920
000531661 66400
000531662 52000
000531663 107680
000531664 73600
000531667 33760
000531668 81920
000531669 91200
000531670 47200
000531671 76640
000531673 111360
000531674 45920
000531675 76000
000531676 86240
000531677 68480
000531679 89440
000531680 100000
000531681 88640
000531682 61600
000531683 50848
000531684 87360
000531685 38224
000531686 47520
000531687 75040
000531688 100480
000531689 106400
000531690 43520
000531691 94080
000531692 98080
000531693 61920
000531694 80800
000531695 92480
000531696 90080
000531698 72960
000531699 85120
000531700 71840
000531701 88960
000531702 80320
000531703 52000
000531704 57920
000531705 125760
000531706 85776
000531707 84016
000531709 53440
000531710 53120
000531711 60640
000531712 78240
000531713 73440
000531714 143040
000531715 114384
000531716 72640
000531717 81280
000531718 62720
000531719 82080
000531720 47200
000531721 76320
000531722 96640
000531723 105600
000531724 81120
000531725 87360
000531726 71040
000531727 75520
000531728 63520
000531729 70720
000531730 74304
000531731 116000
000531732 74416
000531733 49872
000531734 100320
000531735 66400
000531736 133440
000531738 99520
000531739 47360
000531740 89920
000531741 115360
000531742 78240
000531743 78720
000531744 89280
000531745 100480
000531746 70400
000531747 106560
000531748 63840
000531749 97760
000531750 72800
000531752 64640
000531753 41920
000531754 59840
000531755 60960
000531756 47680
000531757 118080
000531758 46720
000531759 97280
000531760 77280
000531761 83200
000531762 101920
000531763 76640
000531765 135040
000531766 76000
000531767 56480
000531768 51360
000531769 88960
000531770 113280
000531771 36800
000531772 89920
000531773 101920
000531774 116960
000531775 60640
000531776 69680
000531777 89296
000531779 52800
000531780 64319
000531781 91680
000531782 100320
000531783 74720
000531784 39424
000531785 85120
000531786 63680
000531787 68800
000531788 106720
000531789 114400
000531790 108160
000531791 101920
000531792 70560
000531793 74560
000531794 124480
000531795 108960
000531796 77600
000531797 60480
000531798 57920
000540001 68960
000540002 158240
000540003 84800
000540004 122560
000540005 134560
000540006 84800
000540007 99520
000540008 94080
000540009 85280
000540010 110880
000540011 84704
000540012 137120
000540013 89280
000540014 128960
000540015 120160
000540016 145120
000540017 86240
000540018 92800
000540019 133600
000540020 86560
000540021 53472
000540022 70560
000540023 80960
000540024 69760
000540025 91680
000540026 63776
000540027 61456
000540028 61760
000540029 69760
000540030 76160
000540031 71040
000540032 65920
000540033 83200
000540034 112640
000540035 51568
000540036 64976
000540037 85904
000540038 58560
000540039 64000
000540040 73920
000540041 35792
000540042 42880
000540043 64640
000540044 50560
000540045 47360
000540046 51840
000540047 48000
000540048 84000
000540049 55680
000540050 60000
000540052 80320
000540054 49280
000540055 63360
000540056 76800
000540057 69760
000540058 68640
000540059 65440
000540060 66720
000540061 60480
000540062 61440
000540063 82240
000540064 65280
000540065 64959
000540066 59008
000540067 57440
000540068 76960
000540069 70400
000540070 59360
000540071 52800
000540072 72480
000540073 69280
000540074 82400
000540075 62400
000540076 96320
000540077 66560
000540078 93280
000540079 69120
000540080 52000
000540081 61120
000540082 87200
000540083 64640
000540084 72480
000540085 69600
000540086 73760
000540087 73968
000540088 71360
000540089 103040
000540090 80160
000540091 89600
000540092 115200
000540093 74720
000540094 66560
000540095 74720
000540096 69600
000540097 64480
000540098 95040
000540099 72480
000540100 79200
000540101 82480
000540102 77760
000540103 124480
000540104 108160
000540105 73168
000540106 62560
000540107 55056
000540108 44960
000540110 65760
000540111 68160
000540112 83040
000540113 109600
000540114 109120
000540115 97280
000540116 104000
000540117 107200
000540118 66560
000540119 63040
000540121 72160
000540122 90240
000540123 74880
000540124 79040
000540125 46880
000540126 122240
000540127 54400
000540128 92000
000540129 85120
000540130 91360
000540131 51360
000540132 70720
000540133 61280
000540134 81600
000540135 87200
000540136 69760
000540137 101280
000540138 103040
000540139 99040
000540140 82880
000540141 97920
000540142 96480
000540143 84800
000540144 130080
000540145 104000
000540146 119600
000540147 108800
000540148 110208
000540149 46240
000540150 82976
000540151 87680
000540152 95840
000540153 116000
000540154 48640
000540155 63200
000540156 73600
000540157 59840
000540158 159360
000540159 140480
000540160 109760
000540161 108800
000540162 98240
000540163 71200
000540164 140000
000540165 98400
000540166 56480
000540167 121120
000540168 78560
000540169 74240
000540170 55360
000540171 116160
000540172 84160
000540173 48192
000540174 115840
000540175 77760
000540176 95840
000540177 72176
000540178 109920
000540179 49760
000540180 65760
000540181 58880
000540182 78880
000540183 111200
000540184 55680
000540185 78880
000540186 74880
000540188 122880
000540189 71360
000540190 79200
000540191 93760
000540192 64959
000540193 62880
000540194 50240
000540195 70720
000540196 112000
000540197 54080
000540198 69424
000540199 65296
000540200 52160
000540201 75168
000540202 77600
000540204 116800
000540205 92480
000540206 91360
000540207 54880
000540208 74880
000540209 114080
000540210 106720
000540211 91840
000540212 128160
000540213 74880
000540214 40992
000540215 48400
000540216 124320
000540217 76864
000540218 46736
000540219 91520
000540220 52800
000540221 116640
000540222 97760
000540223 103040
000540225 90416
000540226 108016
000540227 45776
000540228 102560
000540229 107040
000540230 78240
000540231 85600
000540232 85712
000540233 69120
000540234 57760
000540236 156160
000540237 115840
000540238 83680
000540239 134464
000540240 46656
000540241 106720
000540242 104960
000540243 115712
000540244 67200
000540245 105760
000540246 85280
000540247 95840
000540248 130720
000540249 80640
000540250 93760
000540251 85024
000540252 61488
000540253 143040
000540254 99040
000540255 65776
000540256 114720
000540257 76432
000540258 143840
000540259 75104
000540260 143200
000540262 86080
000540263 84368
000540264 137760
000540265 76480
000540266 109920
000540267 87680
000540268 107680
000540269 126400
000540270 86560
000540271 102080
000540272 41792
000540273 117440
000540274 86560
000540275 101760
000540276 110880
000540277 60480
000540278 65776
000540279 105120
000540280 57440
000540281 88992
000540282 124960
000540283 65120
000540284 69760
000540285 127872
000540286 117920
000540287 78880
000540288 92864
000540289 60000
000540290 92656
000540291 49760
000540292 69600
000540293 58064
000540294 108320
000540295 56000
000540296 108000
000540297 49696
000540298 71264
000540299 66272
000540300 71360
000540302 75840
000540303 109920
000540304 83392
000540305 128064
000540306 73120
000540307 91184
000540308 80416
000540309 112048
000540310 76432
000540311 122240
000540312 105280
000540313 69984
000540314 100080
000540315 97920
000540316 140960
000540317 89120
000540318 61440
000540319 94560
000540320 54720
000540321 67648
000540322 63200
000540323 96640
000540324 87520
000540325 127200
000540327 117760
000540328 67040
000540329 65376
000540330 97120
000540331 90080
000540332 134880
000540333 43392
000540334 96960
000540335 109920
000540336 77600
000540337 52848
000540338 82080
000540339 63680
000540340 79040
000540341 111568
000540342 106400
000540343 54560
000540344 73760
000540345 116000
000540346 112640
000540348 108320
000540349 45760
000540350 61120
000540351 53552
000540353 79680
000540354 104640
000540355 69760
000540356 66992
000540357 53440
000540358 91680
000540359 58960
000540360 87392
000540361 60640
000540363 95840
000540364 85600
000540366 57120
000540367 102880
000540368 101920
000540369 64959
000540370 115680
000540371 113120
000540372 74880
000540373 103520
000540374 50832
000540375 105760
000540376 120640
000540377 89232
000540378 87200
000540379 69952
000540380 95840
000540381 110880
000540382 94560
000540383 99840
000540384 112160
000540385 67680
000540386 55584
000540387 52800
000540388 81920
000540389 72960
000540390 88320
000540391 57760
000540392 74560
000540393 135680
000540394 63200
000540395 87840
000540396 86560
000540397 51248
000540398 55040
000540399 70720
000540400 117600
000541401 61760
000541402 78720
000541403 68560
000541404 82560
000541405 66560
000541406 57120
000541407 62080
000541408 66560
000541409 48000
000541410 53440
000541411 76800
000541412 75680
000541413 40480
000541414 80000
000541415 57920
000541416 68000
000541417 92320
000541418 60480
000541419 55520
000541420 49920
000541421 43200
000541422 52800
000541423 50560
000541424 59840
000541425 53920
000541427 68800
000541428 51520
000541429 50592
000541430 65760
000541431 44800
000541432 75520
000541433 76960
000541434 65280
000541435 53184
000541436 62240
000541438 57760
000541440 42400
000541441 60000
000541442 62560
000541443 66560
000541444 73440
000541445 55680
000541446 69920
000541447 58400
000541448 55104
000541449 59552
000541450 67360
000541451 68640
000541452 70720
000541453 69280
000541454 44704
000541456 66208
000541457 71680
000541458 78080
000541459 50560
000541460 59840
000541461 60480
000541463 69920
000541464 62880
000541465 56320
000541466 65120
000541467 54880
000541468 65600
000541469 71200
000541470 65440
000541471 56000
000541473 50832
000541474 53184
000541475 64480
000541476 61120
000541477 65600
000541478 53600
000541479 65120
000541480 81920
000541481 68320
000541482 63040
000541483 61600
000541487 74880
000541488 55456
000541489 80480
000541490 52640
000541491 54720
000541492 60736
000541493 56000
000541494 55360
000541495 57280
000541496 60384
000541497 50560
000541498 59520
000541499 66624
000541500 62720
000541501 70240
000541502 102720
000541503 55872
000541504 118880
000541505 62240
000541506 130639
000541507 68848
000541508 60320
000541509 116320
000541510 104320
000541511 43280
000541512 76000
000541513 64319
000541514 52000
000541515 108800
000541516 91840
000541517 89968
000541518 125280
000541519 102304
000541521 75040
000541522 119200
000541523 61280
000541524 84736
000541525 75680
000541526 56960
000541527 107520
000541528 97920
000541529 84656
000541530 107360
000541531 81760
000541532 60480
000541533 91680
000541534 137792
000541535 89024
000541536 67712
000541537 91824
000541538 82880
000541539 127952
000541540 80800
000541541 88000
000541542 87200
000541543 106448
000541544 111888
000541545 64256
000541546 148800
000541547 127664
000541548 106240
000541550 69280
000541551 99360
000541552 56640
000541553 92480
000541554 99520
000541555 82592
000541556 164480
000541557 62400
000541558 119648
000541559 43632
000541560 98976
000541561 59264
000541563 75200
000541564 91200
000541566 69760
000541568 70016
000541569 72912
000541570 68800
000541571 124576
000541572 74400
000541573 36048
000541576 137728
000541577 125440
000541578 48832
000541579 128320
000541580 122880
000541581 48000
000541582 144800
000541583 86592
000541584 95504
000541585 113920
000541586 104320
000541587 71344
000541588 78240
000541589 90880
000541590 99840
000541591 54080
000541592 106480
000541593 62880
000541594 76976
000541595 81744
000541596 96800
000541597 95200
000541598 91856
000541599 51040
000541600 105392
000541601 91872
000541602 62240
000541603 87200
000541604 117888
000541605 80800
000541606 74240
000541607 102080
000541608 94720
000541609 54832
000541610 85440
000541612 78560
000541613 52032
000541614 70224
000541615 92960
000541616 109280
000541617 133920
000541618 124688
000541619 76000
000541620 80784
000541621 89008
000541622 63360
000541623 131328
000541624 51360
000541625 68640
000541626 88640
000541627 48880
000541628 90400
000541629 109120
000541630 60912
000541632 58240
000541633 71680
000541634 64160
000541635 105152
000541636 65280
000541637 70560
000541638 120320
000541639 72208
000541640 114400
000541641 88688
000541642 113424
000541643 91200
000541644 96800
000541645 80320
000541646 112480
000541647 74720
000541648 80960
000541649 87840
000541650 73440
000541651 80800
000541652 67040
000541653 121200
000541654 100160
000541655 81520
000541656 81760
000541657 96320
000541658 60480
000541659 66960
000541660 52160
000541661 87680
000541662 65120
000541663 106912
000541664 82896
000541665 80800
000541666 96640
000541667 91056
000541668 57328
000541669 144032
000541670 78304
000541671 93600
000541672 102560
000541673 105920
000541674 83840
000541675 79520
000541676 89840
000541677 72320
000541678 60640
000541679 69024
000541680 62928
000541681 39264
000541682 77440
000541683 80800
000541684 84000
000541685 106800
000541686 78080
000541687 73200
000541688 82944
000541689 94736
000541690 63360
000541692 108320
000541694 83472
000541695 81120
000541696 76480
000541697 120320
000541698 67664
000541699 71360
000541700 67200
000541701 46880
000541702 47200
000541703 121760
000541705 87040
000541706 70400
000541707 76144
000541708 69088
000541709 80000
000541710 64447
000541711 97440
000541712 103840
000541713 98720
000541714 121440
000541717 118880
000541718 97776
000541719 88640
000541720 148960
000541721 78448
000541723 137600
000541725 78720
000541726 142560
000541728 80000
000541729 101760
000541730 53440
000541731 94720
000541732 119680
000541733 117920
000541734 58640
000541735 65920
000541736 110560
000541737 36992
000541738 121760
000541739 68000
000541740 115680
000541741 113120
000541742 87040
000541743 64640
000541744 63360
000541745 88640
000541746 100320
000541747 63200
000541748 124320
000541749 98240
000541750 68160
000541751 84000
000541752 93120
000541753 72896
000541754 57280
000541755 89440
000541756 66368
000541757 52960
000541758 55632
000541759 95040
000541760 50800
000541761 87200
000541762 109600
000541763 97920
000541764 76240
000541765 66080
000541766 106768
000541767 100480
000541768 118720
000541769 58240
000541770 72480
000541771 120160
000541772 99200
000541773 49552
000541774 52160
000541775 72256
000541776 58400
000541777 81920
000541778 60800
000541779 151680
000541780 134400
000541781 115568
000541782 103600
000541783 50672
000541784 77280
000541785 65280
000541786 63168
000541787 110240
000541788 76800
000541789 111040
000541790 122080
000541791 52640
000541792 82400
000541793 67520
000541794 70880
000541795 45600
000541796 62080
000541797 75104
000541798 101120
000541799 99200
000541800 68800
000550001 69120
000550002 148800
000550003 87040
000550006 96960
000550007 108640
000550008 94144
000550009 83680
000550012 135840
000550013 89760
000550014 150560
000550015 111680
000550016 145120
000550017 97664
000550018 103616
000550019 130687
000550020 92800
000550021 43664
000550024 90256
000550025 97280
000550026 49600
000550027 58560
000550029 59616
000550030 71280
000550031 84640
000550032 61488
000550033 74560
000550034 94400
000550036 50832
000550037 86240
000550038 57792
000550039 53264
000550040 68480
000550041 28704
000550042 34912
000550043 76960
000550044 41808
000550045 40208
000550046 45920
000550047 41600
000550048 76320
000550049 48960
000550050 54704
000550052 73920
000550053 37840
000550054 40768
000550057 73440
000550058 74720
000550059 57440
000550060 83520
000550061 59344
000550062 54720
000550063 84000
000550064 62560
000550065 64512
000550068 70560
000550070 57488
000550071 52416
000550072 68320
000550073 64959
000550074 83360
000550075 57120
000550077 55200
000550078 81200
000550079 63200
000550080 43152
000550081 50880
000550082 84256
000550083 60144
000550084 67040
000550085 69232
000550086 68688
000550087 64000
000550088 65024
000550089 94400
000550090 71888
000550091 72720
000550092 102608
000550093 73232
000550094 57120
000550095 63520
000550096 63200
000550097 61904
000550098 82400
000550100 72800
000550101 106528
000550103 134560
000550104 132160
000550105 116320
000550106 95360
000550107 38688
000550108 91200
000550109 66720
000550110 82384
000550111 91200
000550112 70720
000550113 115520
000550114 77072
000550115 96000
000550116 65920
000550118 59200
000550119 84320
000550120 62240
000550121 62832
000550122 136480
000550123 123680
000550124 100000
000550125 68160
000550126 67360
000550127 109440
000550129 92320
000550130 50080
000550132 112320
000550133 83520
000550134 108800
000550135 32128
000550136 104480
000550138 46672
000550139 67680
000550141 71680
000550142 76160
000550143 61216
000550144 75680
000550145 75504
000550146 107008
000550147 144960
000550148 92800
000550149 109120
000550150 72944
000550152 92704
000550153 41760
000550154 102880
000550155 101808
000550156 72640
000550157 68512
000550158 86976
000550159 80160
000550160 100640
000550161 112320
000550162 60160
000550163 109440
000550164 80480
000550165 65984
000550166 65632
000550167 97600
000550168 132160
000550169 60320
000550170 50720
000550171 88800
000550172 100160
000550174 67456
000550175 71200
000550176 136640
000550177 87360
000550178 83840
000550179 90240
000550180 64623
000550183 79760
000550184 50560
000550185 73696
000550186 53120
000550187 54720
000550188 152480
000550189 97120
000550190 104352
000550191 80480
000550193 92000
000550194 57280
000550195 76704
000550197 91168
000550198 47776
000550199 100272
000550200 98688
000550201 87680
000550202 105952
000550203 74272
000550204 41936
000550205 89280
000550207 83200
000550208 85744
000550209 118592
000550210 89440
000550211 93920
000550212 69600
000550213 84160
000550214 117920
000550215 92480
000550216 91200
000550218 52480
000550219 50240
000550220 82240
000550221 53440
000550223 111360
000550224 86880
000550225 118560
000550227 103072
000550228 64000
000550229 65471
000550230 105920
000550231 118400
000550232 109760
000550233 105280
000550234 114880
000550235 85056
000550236 136000
000550238 104880
000550239 106560
000550241 95600
000550242 51920
000550243 38368
000550244 63360
000550246 101120
000550247 129455
000550249 54400
000550250 102080
000550251 80032
000550252 87520
000550253 74192
000550254 104800
000550255 112320
000550256 62240
000550257 59520
000550258 114560
000550260 92160
000550262 100288
000550263 61376
000550264 83360
000550266 57760
000550267 61744
000550269 45600
000550270 113600
000550271 104480
000550272 99520
000550273 87520
000550274 46832
000550276 54400
000550277 119200
000550278 125760
000550279 109280
000550280 74720
000550281 108192
000550282 85184
000550283 89280
000550284 150880
000550285 116320
000550286 142400
000550287 88320
000550290 115040
000550291 81280
000550292 55520
000550294 88000
000550295 42240
000550296 61920
000550297 138560
000550298 76000
000550299 107600
000550300 65280
000550301 52864
000550302 67872
000550303 104480
000550304 79200
000550306 72112
000550308 68160
000550309 52640
000550310 87088
000550311 107680
000550312 48960
000550313 98240
000550314 70560
000550317 64800
000550319 98080
000550320 57600
000550321 90560
000550322 84160
000550323 61856
000550324 99200
000550325 75360
000550326 122208
000550327 103840
000550328 91728
000550329 84320
000550330 93760
000550331 68960
000550332 85216
000550335 113440
000550336 70400
000550339 113232
000550340 103520
000550341 56160
000550343 103984
000550344 80352
000550345 61600
000550350 49936
000550351 126720
000550352 37600
000550356 87520
000550358 91200
000550360 52928
000550362 82800
000550364 120960
000550365 89120
000550368 59744
000550370 76480
000550372 111840
000550375 75952
000550377 53600
000550378 107040
000550379 68000
000550380 88800
000550381 81280
000550382 82400
000550383 69600
000550384 104224
000550387 72480
000550388 111360
000550389 74560
000550391 72480
000550392 84480
000550393 99200
000550395 63840
000550397 110880
000550398 72752
000551402 72640
000551403 63520
000551405 62560
000551406 52416
000551407 59968
000551408 66512
000551409 39264
000551411 95040
000551412 66720
000551413 40480
000551414 74720
000551415 55040
000551416 70784
000551418 54720
000551419 53968
000551422 56160
000551423 50560
000551424 57440
000551425 48800
000551427 73600
000551428 48960
000551429 44000
000551430 63840
000551431 47680
000551432 72320
000551433 75200
000551434 55520
000551435 50720
000551436 63680
000551438 51200
000551439 76000
000551440 37376
000551441 70720
000551442 60448
000551443 69440
000551444 73008
000551445 49440
000551447 60000
000551448 53120
000551449 52160
000551450 64000
000551451 68912
000551453 77600
000551454 42128
000551456 64640
000551457 60928
000551458 85120
000551460 57440
000551463 74720
000551464 57600
000551465 52320
000551466 61040
000551467 48000
000551468 61792
000551470 61680
000551471 50240
000551474 50240
000551475 67536
000551476 72160
000551479 62688
000551480 80000
000551482 57920
000551483 55040
000551485 58560
000551487 68480
000551488 49056
000551489 77120
000551491 53280
000551494 57440
000551495 51040
000551496 66704
000551497 51520
000551498 58096
000551499 55360
000551501 82560
000551502 90080
000551503 36640
000551504 107680
000551506 103040
000551508 80640
000551509 82240
000551510 59520
000551511 46192
000551512 64160
000551513 91040
000551514 119360
000551515 89280
000551516 75040
000551517 45920
000551518 105120
000551519 98880
000551520 80800
000551521 89344
000551522 72944
000551523 97280
000551524 81440
000551525 83680
000551526 115520
000551530 50400
000551531 78720
000551532 90880
000551534 77984
000551535 80960
000551538 82816
000551539 64640
000551540 132320
000551541 67200
000551542 93760
000551543 74400
000551544 73440
000551545 110320
000551547 41920
000551548 85920
000551549 61440
000551550 44784
000551551 81600
000551552 108640
000551554 106080
000551555 84160
000551556 75968
000551558 94240
000551559 101760
000551561 90848
000551562 96320
000551563 68000
000551565 52480
000551566 52160
000551571 56320
000551572 53600
000551573 68160
000551576 140800
000551578 105760
000551579 77280
000551582 109120
000551584 65280
000551586 53504
000551587 91680
000551588 127072
000551589 36480
000551592 105408
000551593 69536
000551596 122400
000551598 76960
000551599 50720
000551600 58240
000551602 52320
000551603 62080
000551604 68320
000551606 90688
000551607 47360
000551610 45968
000551611 107632
000551612 62560
000551613 72480
000551614 54656
000551615 83200
000551616 119200
000551617 78560
000551618 72800
000551619 60784
000551621 95072
000551623 46768
000551624 110560
000551625 46624
000551626 81584
000551627 80640
000551628 63840
000551631 83520
000551633 55024
000551634 86272
000551635 65440
000551636 59840
000551638 114080
000551640 96240
000551641 79520
000551642 58720
000551644 117280
000551645 129120
000551646 77488
000551647 91424
000551648 93936
000551649 50720
000551651 80992
000551652 94880
000551653 106720
000551655 90800
000551656 59680
000551657 48832
000551658 90560
000551659 104480
000551660 86896
000551661 84640
000551662 70560
000551664 58832
000551665 106080
000551666 78400
000551667 66640
000551668 52480
000551669 56960
000551670 104112
000551671 56112
000551672 95520
000551673 46768
000551674 57696
000551675 107536
000551676 77424
000551677 131440
000551680 63984
000551681 83200
000551683 66720
000551684 105184
000551685 85600
000551687 80016
000551688 65232
000551692 71040
000551693 52176
000551695 52336
000551696 66240
000551697 68160
000551699 48720
000551700 104960
000551701 109600
000551702 57088
000551704 88544
000551705 95152
000551706 71088
000551707 49120
000551708 77264
000551709 59312
000551710 46672
000551711 48560
000551712 128160
000551713 65328
000551715 67520
000551716 96640
000551717 122400
000551719 56144
000551720 84000
000551722 88736
000551723 89280
000551724 79680
000551725 72400
000551727 100320
000551728 93024
000551729 82080
000551730 73280
000551731 111824
000551732 68048
000551733 109600
000551736 63680
000551737 45936
000551738 86560
000551740 42720
000551741 44640
000551742 108336
000551743 109408
000551744 97760
000551745 97232
000551746 64144
000551748 121312
000551751 81760
000551753 107040
000551756 69456
000551757 65600
000551758 68464
000551760 68000
000551761 103680
000551763 55680
000551764 47200
000551765 85280
000551767 127680
000551769 81920
000551770 104640
000551771 90608
000551773 70240
000551774 100912
000551775 55568
000551777 108416
000551778 40160
000551779 85120
000551780 94304
000551781 74880
000551784 102512
000551785 54720
000551786 45920
000551788 56896
000551790 96000
000551792 84640
000551793 96160
000551796 80000
000551798 77440
000551799 79664
000551800 87552
000560001 56336
000560003 72000
000560004 99936
000560005 116480
000560006 90272
000560009 69280
000560010 98560
000560011 69760
000560012 131039
000560013 94864
000560014 146080
000560015 114560
000560016 159680
000560017 87200
000560018 95360
000560019 161920
000560020 88000
000560021 62592
000560022 57008
000560024 75696
000560026 56320
000560027 55200
000560028 50080
000560029 59040
000560030 66384
000560033 90880
000560034 84000
000560036 65280
000560037 79040
000560038 53600
000560039 64000
000560040 75840
000560041 32080
000560043 59664
000560045 39616
000560047 44640
000560049 55360
000560052 74560
000560056 85696
000560057 73424
000560058 74400
000560059 53760
000560060 65024
000560061 56160
000560062 56800
000560063 85440
000560064 63216
000560065 60800
000560067 48624
000560068 87680
000560069 63472
000560070 55392
000560071 49120
000560072 67248
000560073 87680
000560075 52000
000560078 94720
000560079 71840
000560080 49968
000560081 71840
000560082 92320
000560084 64319
000560085 80480
000560086 62560
000560087 70720
000560088 76544
000560089 94560
000560090 77600
000560091 88480
000560093 84960
000560094 67520
000560097 60160
000560098 75680
000560099 60096
000560100 64640
000560101 48112
000560102 59360
000560103 49728
000560104 59840
000560106 72000
000560109 108000
000560111 123360
000560112 52352
000560114 43664
000560115 107680
000560116 99040
000560118 46112
000560119 61120
000560120 72816
000560123 103360
000560124 96624
000560125 125360
000560126 68640
000560127 139520
000560128 58112
000560129 136800
000560130 60592
000560131 48960
000560132 111040
000560133 114720
000560134 125280
000560135 92320
000560136 75840
000560137 66400
000560139 99040
000560140 122080
000560143 95360
000560147 40240
000560148 53920
000560154 62208
000560159 93600
000560160 117440
000560162 58560
000560163 173920
000560164 147520
000560169 64480
000560170 48160
000560172 106320
000560174 78288
000560175 70880
000560176 95712
000560177 51360
000560178 136960
000560181 110560
000560183 103200
000560184 51680
000560185 61920
000560187 50528
000560189 50240
000560190 164480
000560191 48480
000560192 73920
000560193 91520
000560194 90448
000560196 46656
000560197 70880
000560198 53280
000560199 84320
000560200 56640
000560202 83520
000560203 102240
000560205 80640
000560208 64751
000560210 43840
000560211 116720
000560213 125440
000560214 121440
000560215 60304
000560217 86784
000560218 67520
000560219 74400
000560220 86240
000560221 116160
000560224 66720
000560225 96336
000560226 107136
000560227 100912
000560228 56912
000560233 59904
000560235 54240
000560236 84896
000560237 114560
000560238 45120
000560241 126880
000560243 54912
000560244 71744
000560245 95664
000560246 100176
000560247 107536
000560249 121200
000560250 61312
000560251 69552
000560252 51808
000560253 48464
000560254 63520
000560255 101920
000560256 52480
000560257 67360
000560259 154400
000560260 103488
000560262 83840
000560263 98880
000560264 58880
000560265 99472
000560266 138864
000560268 135360
000560269 151760
000560270 106848
000560271 107392
000560273 131520
000560274 74720
000560275 63424
000560278 128527
000560281 61600
000560282 92160
000560283 71840
000560284 127520
000560287 92064
000560288 85456
000560289 78720
000560294 88800
000560295 67200
000560296 93920
000560297 89280
000560298 112480
000560299 50400
000560301 97120
000560302 100320
000560303 78400
000560304 73392
000560309 88368
000560311 56320
000560312 58560
000560313 94720
000560314 53104
000560315 118880
000560316 85280
000560318 71840
000560319 133760
000560323 137760
000560325 83792
000560330 65440
000560333 96160
000560335 121776
000560336 54416
000560338 60544
000560340 125552
000560342 65248
000560343 93920
000560345 48480
000560346 103264
000560349 116320
000560350 86880
000560351 88960
000560353 85712
000560354 52160
000560357 81120
000560358 93600
000560359 59200
000560360 113440
000560361 68800
000560363 154720
000560365 64000
000560366 65471
000560368 93440
000560369 68336
000560370 102944
000560371 78240
000560372 56480
000560373 82880
000560374 104416
000560377 114512
000560378 79648
000560379 44832
000560380 86768
000560381 55520
000560383 121440
000560385 64784
000560387 113600
000560388 87200
000560390 112160
000560391 127200
000560392 90560
000560393 87360
000560396 103680
000560397 121760
000560400 96320
000561416 64640
000561419 64160
000561420 45424
000561424 53280
000561434 65296
000561436 64319
000561439 77600
000561442 76480
000561443 62560
000561446 71520
000561447 47680
000561448 62400
000561450 54560
000561451 76896
000561453 71680
000561456 75520
000561457 60480
000561460 63520
000561462 56000
000561468 60960
000561470 59360
000561471 54880
000561472 80480
000561474 49600
000561478 55360
000561488 52000
000561489 83200
000561494 53920
000561495 58880
000561496 59040
000561498 58880
000561506 55840
000561507 68640
000561508 110880
000561509 78400
000561511 89760
000561512 121920
000561514 118240
000561515 47520
000561516 155200
000561517 59040
000561519 129120
000561520 97760
000561522 113120
000561523 105152
000561524 124640
000561525 125920
000561526 72160
000561528 104960
000561529 64319
000561530 134080
000561532 109600
000561533 94352
000561535 140960
000561537 131200
000561541 51520
000561543 67200
000561544 76144
000561546 46240
000561553 84000
000561556 66880
000561557 92000
000561562 145120
000561563 129247
000561564 57248
000561566 128800
000561567 50080
000561568 59680
000561569 71520
000561570 78400
000561573 77600
000561574 121456
000561575 100000
000561576 103520
000561577 71680
000561579 55840
000561581 74544
000561582 77440
000561583 74240
000561588 44960
000561589 87296
000561591 54240
000561592 59680
000561593 81920
000561596 74560
000561597 86560
000561600 122240
000561601 75200
000561603 58400
000561604 112800
000561605 90720
000561606 55360
000561608 101440
000561609 48144
000561610 96000
000561611 55200
000561612 52800
000561613 86400
000561618 111520
000561619 123520
000561620 76160
000561621 95680
000561624 55040
000561630 58560
000561631 89440
000561632 77760
000561634 94560
000561635 105440
000561636 88480
000561637 118080
000561638 77280
000561641 61120
000561642 54720
000561643 67360
000561647 119840
000561652 94240
000561654 69664
000561655 107040
