000480047 10
000480048 15
000480049 7
000480050 14
000480052 17
000480053 8
000480054 7
000480055 12
000480056 13
000480057 16
000480058 14
000480059 9
000480060 14
000480061 17
000480062 11
000480063 20
000480064 13
000480065 18
000480066 8
000480067 11
000480068 13
000480069 20
000480070 19
000480071 14
000480072 12
000480073 15
000480074 14
000480075 13
000480076 18
000480077 7
000480078 20
000480079 14
000480080 10
000480081 13
000480082 17
000480083 14
000480084 13
000480085 11
000480086 14
000480087 15
000480088 15
000480089 21
000480090 22
000480091 15
000480092 35
000480093 16
000480094 13
000480095 14
000480096 14
000480097 13
000480098 19
000480100 17
000480101 27
000480102 32
000480103 16
000480104 9
000480105 38
000480106 30
000480107 21
000480108 17
000480109 19
000480112 11
000480113 11
000480114 22
000480115 17
000480116 24
000480117 12
000480118 7
000480119 11
000480120 5
000480121 13
000480122 10
000480123 15
000480124 12
000480125 14
000480126 20
000480127 33
000480128 22
000480129 11
000480130 10
000480131 24
000480132 10
000480133 13
000480134 25
000480135 19
000480136 10
000480137 36
000480139 17
000480140 25
000480141 22
000480142 10
000480143 29
000480144 17
000480145 29
000480146 24
000480148 12
000480149 33
000480150 22
000480151 15
000480152 10
000480153 19
000480154 36
000480156 18
000480157 12
000480158 12
000480160 8
000480161 26
000480162 16
000480163 29
000480165 19
000480166 25
000480167 9
000480168 16
000480169 25
000480170 10
000480171 34
000480172 9
000480173 22
000480174 25
000480175 22
000480176 24
000480177 12
000480178 17
000480180 25
000480181 35
000480183 17
000480184 16
000480185 26
000480186 13
000480187 17
000480188 33
000480189 35
000480190 26
000480192 32
000480193 30
000480194 13
000480195 25
000480196 27
000480197 28
000480198 18
000480199 16
000480200 14
000480201 26
000480202 29
000480203 16
000480204 16
000480205 16
000480206 39
000480207 18
000480208 20
000480209 20
000480210 22
000480211 14
000480212 23
000480213 25
000480215 23
000480216 22
000480217 38
000480218 25
000480219 22
000480220 23
000480221 25
000480222 27
000480223 14
000480224 7
000480225 15
000480226 16
000480227 28
000480228 14
000480229 16
000480230 15
000480231 18
000480232 17
000480233 27
000480234 12
000480235 15
000480236 13
000480237 9
000480238 20
000480239 22
000480240 40
000480241 8
000480242 11
000480243 16
000480244 8
000480245 36
000480246 22
000480247 31
000480248 18
000480249 12
000480250 20
000480251 12
000480252 24
000480254 20
000480255 15
000480256 31
000480257 21
000480259 24
000480260 23
000480261 18
000480262 23
000480263 12
000480264 22
000480265 9
000480266 14
000480267 39
000480268 27
000480269 30
000480270 25
000480271 8
000480272 22
000480273 13
000480274 11
000480275 18
000480276 27
000480277 15
000480278 22
000480279 25
000480280 8
000480281 21
000480282 27
000480283 32
000480284 29
000480285 29
000480286 16
000480287 25
000480288 26
000480289 27
000480290 8
000480291 26
000480292 10
000480293 29
000480294 19
000480295 30
000480296 27
000480297 20
000480298 28
000480300 11
000480301 16
000480302 13
000480303 22
000480304 10
000480305 10
000480306 22
000480307 33
000480308 5
000480309 46
000480310 16
000480311 25
000480312 13
000480313 30
000480314 16
000480315 13
000480316 9
000480317 15
000480318 17
000480319 16
000480320 24
000480321 17
000480322 13
000480323 15
000480324 29
000480326 15
000480327 24
000480328 9
000480329 17
000480330 48
000480331 24
000480332 10
000480333 40
000480334 11
000480335 21
000480336 16
000480337 27
000480338 15
000480339 5
000480340 26
000480341 8
000480343 22
000480344 9
000480345 23
000480346 27
000480348 14
000480349 9
000480350 22
000480351 16
000480352 23
000480353 11
000480354 10
000480355 27
000480356 16
000480357 26
000480358 28
000480359 22
000480360 24
000480361 10
000480362 22
000480363 37
000480364 16
000480365 18
000480366 37
000480367 6
000480368 24
000480369 22
000480370 26
000480371 10
000480372 37
000480373 30
000480374 36
000480375 19
000480376 24
000480377 19
000480378 10
000480379 26
000480380 28
000480381 11
000480382 15
000480383 34
000480384 15
000480385 22
000480386 11
000480387 12
000480388 17
000480391 26
000480394 18
000480395 18
000480397 19
000480398 22
000480399 24
000480400 13
000481401 12
000481402 18
000481403 13
000481404 21
000481405 13
000481406 15
000481407 17
000481408 16
000481409 10
000481411 19
000481412 21
000481413 6
000481414 19
000481415 11
000481416 13
000481417 27
000481418 12
000481419 16
000481421 8
000481422 13
000481423 10
000481424 15
000481425 10
000481426 12
000481428 10
000481429 15
000481430 17
000481431 14
000481432 20
000481433 19
000481434 14
000481435 10
000481436 12
000481438 16
000481439 19
000481440 8
000481441 17
000481442 20
000481443 18
000481444 19
000481445 15
000481446 21
000481447 11
000481448 16
000481449 12
000481450 16
000481451 21
000481452 25
000481453 15
000481454 6
000481456 20
000481457 13
000481458 23
000481459 15
000481460 15
000481463 21
000481464 16
000481465 13
000481466 19
000481467 9
000481468 15
000481470 18
000481471 14
000481474 8
000481475 20
000481476 13
000481477 13
000481478 14
000481479 17
000481480 33
000481481 12
000481482 14
000481483 17
000481485 10
000481487 18
000481488 15
000481489 25
000481490 13
000481491 15
000481493 11
000481494 13
000481495 12
000481496 21
000481497 15
000481498 15
000481499 14
000481500 18
000481501 30
000481503 21
000481504 6
000481505 6
000481506 29
000481508 19
000481509 6
000481513 8
000481514 14
000481515 7
000481516 19
000481517 32
000481518 26
000481519 19
000481520 20
000481521 16
000481522 15
000481523 18
000481524 6
000481525 12
000481526 8
000481527 22
000481528 25
000481529 10
000481530 40
000481531 18
000481532 28
000481533 16
000481534 18
000481535 31
000481536 19
000481537 19
000481538 13
000481539 11
000481540 29
000481541 25
000481542 36
000481543 25
000481544 22
000481545 25
000481546 9
000481547 7
000481549 11
000481550 36
000481551 21
000481552 13
000481553 13
000481554 17
000481555 16
000481556 16
000481557 20
000481558 18
000481559 29
000481560 17
000481561 19
000481562 18
000481563 18
000481564 12
000481565 14
000481566 14
000481567 10
000481568 12
000481569 29
000481571 25
000481572 14
000481573 18
000481574 31
000481575 22
000481576 17
000481577 17
000481578 35
000481579 24
000481580 16
000481581 29
000481582 7
000481583 31
000481584 22
000481586 14
000481587 14
000481588 34
000481591 27
000481592 13
000481593 22
000481594 24
000481595 9
000481596 16
000481597 23
000481598 14
000481599 11
000481600 18
000481601 26
000481602 18
000481603 25
000481604 35
000481605 39
000481606 9
000481607 15
000481608 31
000481609 17
000481610 13
000481611 18
000481612 17
000481613 12
000481614 19
000481615 18
000481616 33
000481617 14
000481618 21
000481619 17
000481620 16
000481621 13
000481622 20
000481623 5
000481624 15
000481625 7
000481626 8
000481627 10
000481628 14
000481629 21
000481630 10
000481631 14
000481632 14
000481633 27
000481634 12
000481635 12
000481636 23
000481637 11
000481638 14
000481639 16
000481640 14
000481641 17
000481642 13
000481643 20
000481644 16
000481645 12
000481646 16
000481647 28
000481648 16
000481649 20
000481650 19
000481651 31
000481652 27
000481653 15
000481654 15
000481655 14
000481656 16
000481657 37
000481658 31
000481659 29
000481660 7
000481661 20
000481662 21
000481663 6
000481664 5
000481665 31
000481666 29
000481667 8
000481668 9
000481669 29
000481670 41
000481671 13
000481672 14
000481673 9
000481674 22
000481675 24
000481676 16
000481677 39
000481678 9
000481679 38
000481680 30
000481681 16
000481683 22
000481684 12
000481685 10
000481686 11
000481687 10
000481688 24
000481690 18
000481691 13
000481692 11
000481693 13
000481694 20
000481695 12
000481696 45
000481697 27
000481698 22
000481699 27
000481700 20
000481701 36
000481702 31
000481703 19
000481705 16
000481707 32
000481708 28
000481709 15
000481710 14
000481711 24
000481712 22
000481713 24
000481714 38
000481715 26
000481716 15
000481717 18
000481719 23
000481720 18
000481721 15
000481723 18
000481724 18
000481725 10
000481726 15
000481727 21
000481728 19
000481729 20
000481730 37
000481731 27
000481732 31
000481733 21
000481734 16
000481735 17
000481736 30
000481737 15
000481738 11
000481739 21
000481740 8
000481741 35
000481742 18
000481743 15
000481744 31
000481745 12
000481746 33
000481748 30
000481749 18
000481750 14
000481751 12
000481752 29
000481755 24
000481756 14
000481757 19
000481758 20
000481759 17
000481760 28
000481761 16
000481762 17
000481763 11
000481764 17
000481765 18
000481766 25
000481767 28
000481768 26
000481769 25
000481770 26
000481772 14
000481773 26
000481774 26
000481775 8
000481776 21
000481777 14
000481778 25
000481779 18
000481780 8
000481781 27
000481782 17
000481783 30
000481784 17
000481785 7
000481786 21
000481787 21
000481788 13
000481789 26
000481790 21
000481791 30
000481792 16
000481793 15
000481794 31
000481795 17
000481796 24
000481797 9
000481798 23
000490001 10
000490002 41
000490003 16
000490005 35
000490006 21
000490007 30
000490008 24
000490009 20
000490010 27
000490011 20
000490012 34
000490013 20
000490014 39
000490015 27
000490016 46
000490017 17
000490019 42
000490020 23
000490021 7
000490025 20
000490026 8
000490027 12
000490028 8
000490029 11
000490030 14
000490031 15
000490032 19
000490033 19
000490034 20
000490036 8
000490037 17
000490038 10
000490039 11
000490040 14
000490041 4
000490042 4
000490043 14
000490044 10
000490045 6
000490046 9
000490047 10
000490048 15
000490049 7
000490050 14
000490052 17
000490053 8
000490054 7
000490057 16
000490058 14
000490059 9
000490060 14
000490061 17
000490062 11
000490063 20
000490064 13
000490065 18
000490067 11
000490068 13
000490070 19
000490071 14
000490072 12
000490073 15
000490074 14
000490075 13
000490076 18
000490077 7
000490078 20
000490079 14
000490080 10
000490081 13
000490082 17
000490083 14
000490084 13
000490085 11
000490086 14
000490087 15
000490088 15
000490089 21
000490090 22
000490092 35
000490093 16
000490094 13
000490095 14
000490096 14
000490097 13
000490098 19
000490100 17
000490101 21
000490102 15
000490103 11
000490105 22
000490106 20
000490107 18
000490108 17
000490109 6
000490110 19
000490111 16
000490112 8
000490113 12
000490114 10
000490116 13
000490117 44
000490118 19
000490120 19
000490123 25
000490124 35
000490126 29
000490127 30
000490129 16
000490130 13
000490131 9
000490132 12
000490133 27
000490134 21
000490135 25
000490136 15
000490137 10
000490138 20
000490139 23
000490140 19
000490141 17
000490142 27
000490143 15
000490144 15
000490145 8
000490146 27
000490147 26
000490148 6
000490149 29
000490150 26
000490151 15
000490152 9
000490153 26
000490154 22
000490155 14
000490156 26
000490157 22
000490158 13
000490159 18
000490160 37
000490161 23
000490162 6
000490163 32
000490164 17
000490165 23
000490166 19
000490167 22
000490168 14
000490169 22
000490170 21
000490171 18
000490172 6
000490173 13
000490174 11
000490175 14
000490176 20
000490177 30
000490178 9
000490179 19
000490180 24
000490181 7
000490182 9
000490183 21
000490186 10
000490187 24
000490188 29
000490191 10
000490192 17
000490193 23
000490194 22
000490196 19
000490197 14
000490200 29
000490201 26
000490202 11
000490203 32
000490204 19
000490205 16
000490206 33
000490207 22
000490208 20
000490209 18
000490210 12
000490211 19
000490213 25
000490214 6
000490215 31
000490216 21
000490217 25
000490218 22
000490219 15
000490220 12
000490222 36
000490223 9
000490224 24
000490225 17
000490227 19
000490228 31
000490229 22
000490231 37
000490232 23
000490234 23
000490236 17
000490237 16
000490238 17
000490239 44
000490240 34
000490241 27
000490243 30
000490244 17
000490245 21
000490246 9
000490247 14
000490248 19
000490249 33
000490250 19
000490251 15
000490252 27
000490254 28
000490255 16
000490256 13
000490257 14
000490258 7
000490259 13
000490260 42
000490261 16
000490262 15
000490263 7
000490264 13
000490266 10
000490267 14
000490268 34
000490269 29
000490270 6
000490271 6
000490272 14
000490273 9
000490274 27
000490276 12
000490277 27
000490278 24
000490279 22
000490280 34
000490281 11
000490282 17
000490284 21
000490285 19
000490286 14
000490287 19
000490288 23
000490289 14
000490290 7
000490291 39
000490292 9
000490293 20
000490294 36
000490295 14
000490297 23
000490298 28
000490299 12
000490300 6
000490301 18
000490302 33
000490303 12
000490304 15
000490305 20
000490306 18
000490307 20
000490308 19
000490309 29
000490310 8
000490311 21
000490312 23
000490313 12
000490315 21
000490316 25
000490317 25
000490318 23
000490319 25
000490321 19
000490322 18
000490323 7
000490324 24
000490325 25
000490326 21
000490327 11
000490328 25
000490329 7
000490330 10
000490331 15
000490332 32
000490333 21
000490334 27
000490335 34
000490336 36
000490337 16
000490338 8
000490339 19
000490340 7
000490341 25
000490342 7
000490343 18
000490345 16
000490346 27
000490347 19
000490348 16
000490349 28
000490350 22
000490351 13
000490352 24
000490353 31
000490354 11
000490355 28
000490356 14
000490357 29
000490358 19
000490359 21
000490360 34
000490361 13
000490362 22
000490363 17
000490364 13
000490366 14
000490368 23
000490369 5
000490370 7
000490371 23
000490372 19
000490373 25
000490374 14
000490376 15
000490377 43
000490378 19
000490379 33
000490382 20
000490383 11
000490384 13
000490385 13
000490386 11
000490387 6
000490388 12
000490389 12
000490390 16
000490392 33
000490394 10
000490395 7
000490396 7
000490397 15
000490398 24
000490399 21
000490400 17
000491401 12
000491402 18
000491403 13
000491404 21
000491405 13
000491406 15
000491407 19
000491408 15
000491410 18
000491411 19
000491412 21
000491413 6
000491414 18
000491415 11
000491416 13
000491417 27
000491418 12
000491419 16
000491420 14
000491421 8
000491422 13
000491424 15
000491425 10
000491426 12
000491427 21
000491428 10
000491429 16
000491430 17
000491431 14
000491432 19
000491433 19
000491434 14
000491435 10
000491436 12
000491438 16
000491439 19
000491440 8
000491441 16
000491442 20
000491443 18
000491444 19
000491445 15
000491447 13
000491448 16
000491449 12
000491450 16
000491451 21
000491452 25
000491453 15
000491454 6
000491456 20
000491458 23
000491459 15
000491460 15
000491461 22
000491463 21
000491464 16
000491465 13
000491466 19
000491467 9
000491468 14
000491470 18
000491471 14
000491473 12
000491474 8
000491475 20
000491476 13
000491477 13
000491478 14
000491479 17
000491480 33
000491482 14
000491484 15
000491485 10
000491487 18
000491488 15
000491489 25
000491491 15
000491493 11
000491494 13
000491495 12
000491496 21
000491497 15
000491498 15
000491499 14
000491500 18
000491501 15
000491502 9
000491503 12
000491504 15
000491505 25
000491508 8
000491509 23
000491510 15
000491511 29
000491513 14
000491514 12
000491515 10
000491516 24
000491517 25
000491518 15
000491519 41
000491521 16
000491522 9
000491523 20
000491524 19
000491525 47
000491526 14
000491527 11
000491528 14
000491529 29
000491530 27
000491531 14
000491532 30
000491534 11
000491536 6
000491538 31
000491539 21
000491540 21
000491541 7
000491542 16
000491543 14
000491544 26
000491546 8
000491547 23
000491548 23
000491549 27
000491550 32
000491551 11
000491552 24
000491553 29
000491554 23
000491555 9
000491556 26
000491557 32
000491558 7
000491560 12
000491561 17
000491562 26
000491563 14
000491564 15
000491565 16
000491566 15
000491567 16
000491568 25
000491569 19
000491571 5
000491572 38
000491573 23
000491574 13
000491575 24
000491576 8
000491577 10
000491578 14
000491579 31
000491580 15
000491581 30
000491582 13
000491583 10
000491584 33
000491585 11
000491586 25
000491588 6
000491589 26
000491590 13
000491591 10
000491592 32
000491593 15
000491594 23
000491595 32
000491596 26
000491597 24
000491600 27
000491601 17
000491602 16
000491604 16
000491605 18
000491606 13
000491607 14
000491609 26
000491610 13
000491611 26
000491612 14
000491614 23
000491615 17
000491618 20
000491619 34
000491620 15
000491621 23
000491622 30
000491623 7
000491624 21
000491625 41
000491628 15
000491629 28
000491630 11
000491631 9
000491632 14
000491633 11
000491634 34
000491636 38
000491637 31
000491639 39
000491640 9
000491641 13
000491642 7
000491643 21
000491644 19
000491645 27
000491646 17
000491647 22
000491648 7
000491649 19
000491650 29
000491651 18
000491652 35
000491654 19
000491655 17
000491656 19
000491657 29
000491658 24
000491659 25
000491660 24
000491661 9
000491662 24
000491663 20
000491665 6
000491666 16
000491667 34
000491668 24
000491669 58
000491670 19
000491671 28
000491672 32
000491673 17
000491674 16
000491675 15
000491676 29
000491678 8
000491679 12
000491680 20
000491681 11
000491682 27
000491683 16
000491684 13
000491685 25
000491687 15
000491688 27
000491689 11
000491690 20
000491691 20
000491692 52
000491694 37
000491695 15
000491696 18
000491697 16
000491698 16
000491699 20
000491700 23
000491701 32
000491702 20
000491703 16
000491704 22
000491705 17
000491706 11
000491707 20
000491708 10
000491709 27
000491710 21
000491711 19
000491712 13
000491713 17
000491714 29
000491715 8
000491716 24
000491717 19
000491718 14
000491719 36
000491720 11
000491721 33
000491722 17
000491723 15
000491724 18
000491725 24
000491727 23
000491728 11
000491729 25
000491730 27
000491731 19
000491732 22
000491733 19
000491734 21
000491735 20
000491736 30
000491738 19
000491739 29
000491740 21
000491741 20
000491742 24
000491743 12
000491744 23
000491745 10
000491746 18
000491747 16
000491748 36
000491749 28
000491750 35
000491751 11
000491752 18
000491753 24
000491754 15
000491755 7
000491756 27
000491757 15
000491759 6
000491760 14
000491761 11
000491762 10
000491763 28
000491764 17
000491765 25
000491766 7
000491767 7
000491768 28
000491769 18
000491770 32
000491771 23
000491772 13
000491773 15
000491774 7
000491775 33
000491776 9
000491777 10
000491778 19
000491779 26
000491780 22
000491781 26
000491782 9
000491783 24
000491786 15
000491787 10
000491788 19
000491789 9
000491790 22
000491791 27
000491792 28
000491793 14
000491794 14
000491795 10
000491796 25
000491797 20
000491798 24
000491799 24
000491800 17
000500001 10
000500002 41
000500003 16
000500004 33
000500005 35
000500006 21
000500007 30
000500008 24
000500009 14
000500010 27
000500011 20
000500012 34
000500013 20
000500014 37
000500015 27
000500016 47
000500017 18
000500018 25
000500019 42
000500020 23
000500021 7
000500022 11
000500024 12
000500025 20
000500026 8
000500027 12
000500028 8
000500029 11
000500030 15
000500031 15
000500032 19
000500033 20
000500034 20
000500035 7
000500036 8
000500037 17
000500038 10
000500039 11
000500040 14
000500042 4
000500043 14
000500044 10
000500045 6
000500046 9
000500047 10
000500048 15
000500049 7
000500050 14
000500051 11
000500052 23
000500053 9
000500054 7
000500055 12
000500056 13
000500057 16
000500058 14
000500059 9
000500060 16
000500061 17
000500062 11
000500063 20
000500064 13
000500065 18
000500066 8
000500067 11
000500068 13
000500069 20
000500070 19
000500071 14
000500072 12
000500073 15
000500074 14
000500075 13
000500078 20
000500079 14
000500080 10
000500081 13
000500082 17
000500083 14
000500084 13
000500085 11
000500086 14
000500087 15
000500088 15
000500089 21
000500090 22
000500091 15
000500092 35
000500093 16
000500094 13
000500095 15
000500096 14
000500097 13
000500098 19
000500099 18
000500100 17
000500101 23
000500102 22
000500103 18
000500104 16
000500105 19
000500106 21
000500107 16
000500108 7
000500110 20
000500111 10
000500113 15
000500114 20
000500115 19
000500116 19
000500117 32
000500118 22
000500119 30
000500120 16
000500121 7
000500122 23
000500123 13
000500124 23
000500125 19
000500126 21
000500127 12
000500128 24
000500129 13
000500130 13
000500131 28
000500132 19
000500133 12
000500134 16
000500135 39
000500136 11
000500137 6
000500138 10
000500139 7
000500140 34
000500141 11
000500142 32
000500143 11
000500144 29
000500145 10
000500146 8
000500147 34
000500148 20
000500149 13
000500150 36
000500151 17
000500152 16
000500153 13
000500154 12
000500155 26
000500156 19
000500157 16
000500158 25
000500159 26
000500160 13
000500161 28
000500162 6
000500163 22
000500164 12
000500165 24
000500167 20
000500169 30
000500170 34
000500171 20
000500172 10
000500173 41
000500174 41
000500175 34
000500176 25
000500177 33
000500178 9
000500179 25
000500180 22
000500181 26
000500182 30
000500183 35
000500184 17
000500185 10
000500186 13
000500187 11
000500188 25
000500189 13
000500190 28
000500191 18
000500192 13
000500193 18
000500194 22
000500195 22
000500196 12
000500198 11
000500199 23
000500200 11
000500201 28
000500202 19
000500203 7
000500204 14
000500205 14
000500207 23
000500208 21
000500210 19
000500211 47
000500212 22
000500213 29
000500214 16
000500215 32
000500216 15
000500217 13
000500218 26
000500219 11
000500220 24
000500221 19
000500222 5
000500223 25
000500224 12
000500225 5
000500226 27
000500227 10
000500228 14
000500229 5
000500230 6
000500231 26
000500232 25
000500233 8
000500234 23
000500235 37
000500236 18
000500237 23
000500238 32
000500239 17
000500240 17
000500241 21
000500242 29
000500243 18
000500244 9
000500245 14
000500246 22
000500247 19
000500248 22
000500249 9
000500250 23
000500251 19
000500252 24
000500253 9
000500254 12
000500255 8
000500256 8
000500257 23
000500259 10
000500260 11
000500261 13
000500262 16
000500263 19
000500264 17
000500265 18
000500266 17
000500267 11
000500268 22
000500269 24
000500270 30
000500271 17
000500272 22
000500273 8
000500275 18
000500276 19
000500277 9
000500278 8
000500279 12
000500280 19
000500281 12
000500282 18
000500283 28
000500284 16
000500285 12
000500286 24
000500287 32
000500288 18
000500289 14
000500291 11
000500292 14
000500293 30
000500294 15
000500295 14
000500296 32
000500297 18
000500298 17
000500299 16
000500300 6
000500301 24
000500302 32
000500304 17
000500305 31
000500306 30
000500307 29
000500308 12
000500309 22
000500310 7
000500311 7
000500312 14
000500313 15
000500314 15
000500315 49
000500316 11
000500317 21
000500318 28
000500319 12
000500320 17
000500321 23
000500322 23
000500323 18
000500324 24
000500325 23
000500326 28
000500327 29
000500328 5
000500329 19
000500331 21
000500332 20
000500333 51
000500336 20
000500337 22
000500338 25
000500339 9
000500340 24
000500341 23
000500342 44
000500343 11
000500344 21
000500345 20
000500346 29
000500347 7
000500348 18
000500349 31
000500350 16
000500351 35
000500352 16
000500353 26
000500354 31
000500355 26
000500356 21
000500357 19
000500358 24
000500359 22
000500360 16
000500361 9
000500362 8
000500363 30
000500364 7
000500365 25
000500366 23
000500367 22
000500368 16
000500369 40
000500370 8
000500371 14
000500372 8
000500373 26
000500374 18
000500375 22
000500376 24
000500377 20
000500379 9
000500380 19
000500381 22
000500382 29
000500383 11
000500384 24
000500385 16
000500386 26
000500387 19
000500388 23
000500389 12
000500390 16
000500391 14
000500392 9
000500393 37
000500394 26
000500395 9
000500396 28
000500397 8
000500400 21
000501401 12
000501402 18
000501403 14
000501405 13
000501406 15
000501407 17
000501408 16
000501409 10
000501410 19
000501411 19
000501412 23
000501413 6
000501414 19
000501415 11
000501416 15
000501418 12
000501419 16
000501420 14
000501421 8
000501422 13
000501423 10
000501424 15
000501425 10
000501426 11
000501427 22
000501428 10
000501429 15
000501430 17
000501431 14
000501432 20
000501433 19
000501434 14
000501435 10
000501436 12
000501437 12
000501438 16
000501439 19
000501440 8
000501441 17
000501442 20
000501443 23
000501444 18
000501445 15
000501446 21
000501447 11
000501448 16
000501449 12
000501450 16
000501451 21
000501452 25
000501453 15
000501454 6
000501456 20
000501457 13
000501458 23
000501459 15
000501460 15
000501461 16
000501463 21
000501464 16
000501465 13
000501466 19
000501467 9
000501468 15
000501469 19
000501470 19
000501471 14
000501472 20
000501473 12
000501474 8
000501475 20
000501476 13
000501477 13
000501478 14
000501479 17
000501480 33
000501481 12
000501482 14
000501483 17
000501485 12
000501486 8
000501487 18
000501488 15
000501489 25
000501490 13
000501491 15
000501492 16
000501493 11
000501494 13
000501495 12
000501496 21
000501497 15
000501498 15
000501499 14
000501500 18
000501501 19
000501502 8
000501503 13
000501504 7
000501505 10
000501506 16
000501507 24
000501508 21
000501509 7
000501510 11
000501511 18
000501512 19
000501513 26
000501514 24
000501515 17
000501516 5
000501518 12
000501519 19
000501520 21
000501521 37
000501522 29
000501523 12
000501524 12
000501525 16
000501527 6
000501528 14
000501529 37
000501530 22
000501531 20
000501532 13
000501533 22
000501534 18
000501535 10
000501537 31
000501538 29
000501539 25
000501540 18
000501541 17
000501542 30
000501543 18
000501544 26
000501545 21
000501546 22
000501547 9
000501548 22
000501549 11
000501550 22
000501551 33
000501552 36
000501553 30
000501554 18
000501555 25
000501557 9
000501558 31
000501559 11
000501560 16
000501561 24
000501562 23
000501563 14
000501564 34
000501565 26
000501566 17
000501567 12
000501568 22
000501569 10
000501570 21
000501571 27
000501572 18
000501573 32
000501574 30
000501575 17
000501576 17
000501577 12
000501578 22
000501579 26
000501580 31
000501581 28
000501582 23
000501583 19
000501584 10
000501585 16
000501586 19
000501587 37
000501588 22
000501589 17
000501590 26
000501591 16
000501592 24
000501593 9
000501594 16
000501595 22
000501596 25
000501598 22
000501599 6
000501600 23
000501601 34
000501602 8
000501603 15
000501604 7
000501605 19
000501606 9
000501607 16
000501608 21
000501609 17
000501610 16
000501611 39
000501612 16
000501613 25
000501614 27
000501615 10
000501616 15
000501617 21
000501618 20
000501619 20
000501621 26
000501623 29
000501624 25
000501625 21
000501626 17
000501627 16
000501628 31
000501629 16
000501630 30
000501632 16
000501633 24
000501634 20
000501635 18
000501636 9
000501637 12
000501638 14
000501639 20
000501640 21
000501641 13
000501642 32
000501643 32
000501644 11
000501645 13
000501646 22
000501647 31
000501648 18
000501649 9
000501650 23
000501651 25
000501652 6
000501654 7
000501655 10
000501656 17
000501657 11
000501658 21
000501659 41
000501660 27
000501662 21
000501663 9
000501664 24
000501665 11
000501666 24
000501667 20
000501668 12
000501669 11
000501670 18
000501671 10
000501672 17
000501673 30
000501674 11
000501675 12
000501676 28
000501677 20
000501678 31
000501679 22
000501680 26
000501681 7
000501682 14
000501683 16
000501684 27
000501685 12
000501686 16
000501687 7
000501688 10
000501689 41
000501690 24
000501691 18
000501692 16
000501693 15
000501694 25
000501695 7
000501696 12
000501697 15
000501698 19
000501699 28
000501700 17
000501701 19
000501702 20
000501703 10
000501704 10
000501705 9
000501707 22
000501708 34
000501709 8
000501710 41
000501711 27
000501712 12
000501714 14
000501715 18
000501716 12
000501717 38
000501718 18
000501719 17
000501720 32
000501721 15
000501722 13
000501723 14
000501724 17
000501725 13
000501726 29
000501727 20
000501728 21
000501729 25
000501730 25
000501731 27
000501732 32
000501733 27
000501734 32
000501735 25
000501736 20
000501737 6
000501738 11
000501740 16
000501741 14
000501742 14
000501743 21
000501744 19
000501745 19
000501746 29
000501747 20
000501748 21
000501749 18
000501750 30
000501751 31
000501752 24
000501753 14
000501754 24
000501755 13
000501756 22
000501757 12
000501758 16
000501759 15
000501760 15
000501761 25
000501762 22
000501763 24
000501765 9
000501766 15
000501767 21
000501768 43
000501769 21
000501770 34
000501771 10
000501772 26
000501773 32
000501774 22
000501775 16
000501776 25
000501777 15
000501778 15
000501779 32
000501780 26
000501781 28
000501782 12
000501783 16
000501784 23
000501785 22
000501786 11
000501787 33
000501788 33
000501789 46
000501790 16
000501791 10
000501792 13
000501793 20
000501794 13
000501795 10
000501796 30
000501797 27
000501798 23
000501799 22
000501800 7
000510001 10
000510002 41
000510003 16
000510004 33
000510005 35
000510006 21
000510007 30
000510008 24
000510009 20
000510010 27
000510012 34
000510013 19
000510014 37
000510015 27
000510016 46
000510017 18
000510018 25
000510019 42
000510020 23
000510021 7
000510022 11
000510023 14
000510024 12
000510025 22
000510026 8
000510027 12
000510028 8
000510029 11
000510030 14
000510031 15
000510032 19
000510033 19
000510034 20
000510035 7
000510036 8
000510037 17
000510038 10
000510039 11
000510040 14
000510041 4
000510042 4
000510043 14
000510044 10
000510045 6
000510046 9
000510047 10
000510048 15
000510049 7
000510050 14
000510052 17
000510053 8
000510054 7
000510055 12
000510056 13
000510057 16
000510058 14
000510060 14
000510061 17
000510062 11
000510063 20
000510064 13
000510065 18
000510067 11
000510068 13
000510069 20
000510070 19
000510071 14
000510072 12
000510073 15
000510074 14
000510075 13
000510076 18
000510077 7
000510078 20
000510079 14
000510081 13
000510082 17
000510083 14
000510084 13
000510085 11
000510086 14
000510087 15
000510088 15
000510089 21
000510090 22
000510092 35
000510093 16
000510094 13
000510095 14
000510096 14
000510097 13
000510098 19
000510099 17
000510101 31
000510102 15
000510103 10
000510104 19
000510105 24
000510106 9
000510107 19
000510108 7
000510109 7
000510111 10
000510112 19
000510113 22
000510114 14
000510115 24
000510116 15
000510117 15
000510118 18
000510119 22
000510120 24
000510121 27
000510122 35
000510124 23
000510125 19
000510126 22
000510127 17
000510129 17
000510130 7
000510131 25
000510132 15
000510133 21
000510134 16
000510135 25
000510136 34
000510137 23
000510138 10
000510140 38
000510142 14
000510144 21
000510145 22
000510146 34
000510147 21
000510148 20
000510149 18
000510150 15
000510151 11
000510152 8
000510153 33
000510154 15
000510155 19
000510156 18
000510157 15
000510158 32
000510159 16
000510160 24
000510162 11
000510163 13
000510164 42
000510165 31
000510166 17
000510167 11
000510168 8
000510169 25
000510170 15
000510171 25
000510172 15
000510173 13
000510174 33
000510175 18
000510176 25
000510177 28
000510178 17
000510179 16
000510180 10
000510181 9
000510182 17
000510183 29
000510184 19
000510185 30
000510186 42
000510187 13
000510189 16
000510190 17
000510191 20
000510192 23
000510193 14
000510195 18
000510196 15
000510197 19
000510198 13
000510199 16
000510200 13
000510201 23
000510202 23
000510203 8
000510204 16
000510205 8
000510206 34
000510207 26
000510208 16
000510209 10
000510210 17
000510212 34
000510213 34
000510214 42
000510215 36
000510216 22
000510217 22
000510218 15
000510219 23
000510220 14
000510221 22
000510224 21
000510225 14
000510226 19
000510227 29
000510228 37
000510229 25
000510230 18
000510233 7
000510234 11
000510236 27
000510237 14
000510238 9
000510239 14
000510240 7
000510241 15
000510242 25
000510243 7
000510244 16
000510245 17
000510246 22
000510247 26
000510248 15
000510249 18
000510250 14
000510251 22
000510252 22
000510253 21
000510254 14
000510255 31
000510256 17
000510257 6
000510258 27
000510259 19
000510260 9
000510261 8
000510262 9
000510263 24
000510264 25
000510265 20
000510266 8
000510267 19
000510268 16
000510269 5
000510270 22
000510272 21
000510273 13
000510274 14
000510275 44
000510276 19
000510277 20
000510278 13
000510279 16
000510280 34
000510281 11
000510283 11
000510284 7
000510285 18
000510286 29
000510287 15
000510288 12
000510290 22
000510291 13
000510292 18
000510294 6
000510295 23
000510296 20
000510297 24
000510298 14
000510299 29
000510300 20
000510301 20
000510302 16
000510303 27
000510304 15
000510305 7
000510306 19
000510307 13
000510308 14
000510309 22
000510310 21
000510311 16
000510312 28
000510313 21
000510314 20
000510315 20
000510316 20
000510317 25
000510318 33
000510319 18
000510320 26
000510321 10
000510322 22
000510323 19
000510324 25
000510325 23
000510327 26
000510328 23
000510329 15
000510330 22
000510331 10
000510332 10
000510333 14
000510334 18
000510335 23
000510336 19
000510337 22
000510338 22
000510339 21
000510340 18
000510341 7
000510342 20
000510344 17
000510345 8
000510346 15
000510347 27
000510348 15
000510349 32
000510350 35
000510351 10
000510352 26
000510354 17
000510355 32
000510356 22
000510357 9
000510358 23
000510359 20
000510360 18
000510361 16
000510362 16
000510363 16
000510364 26
000510366 32
000510367 8
000510368 17
000510369 17
000510370 33
000510371 25
000510372 20
000510373 18
000510374 19
000510375 10
000510376 19
000510377 21
000510378 19
000510379 34
000510380 7
000510381 10
000510382 10
000510383 35
000510384 22
000510387 22
000510388 17
000510389 34
000510390 21
000510391 9
000510392 26
000510393 33
000510394 10
000510396 22
000510397 25
000510398 28
000510399 19
000510400 18
000511401 12
000511402 18
000511403 13
000511404 21
000511405 13
000511406 15
000511407 17
000511408 17
000511409 10
000511410 19
000511411 19
000511412 21
000511413 6
000511414 17
000511415 11
000511416 13
000511417 27
000511418 12
000511419 16
000511420 14
000511421 8
000511422 13
000511423 10
000511424 15
000511425 10
000511427 22
000511428 10
000511429 14
000511430 17
000511432 20
000511433 20
000511434 14
000511435 10
000511436 12
000511438 15
000511439 18
000511441 17
000511442 20
000511443 17
000511444 19
000511445 15
000511446 21
000511447 11
000511448 16
000511449 12
000511450 16
000511451 21
000511452 25
000511453 15
000511454 6
000511455 20
000511456 16
000511457 13
000511458 23
000511459 15
000511460 15
000511461 16
000511463 21
000511464 16
000511465 13
000511466 19
000511467 9
000511468 15
000511470 18
000511471 14
000511473 12
000511474 8
000511475 20
000511476 13
000511477 13
000511479 17
000511480 33
000511481 12
000511482 14
000511483 17
000511485 11
000511487 18
000511488 15
000511489 25
000511490 13
000511491 15
000511494 13
000511495 10
000511496 21
000511497 15
000511498 15
000511499 14
000511500 18
000511501 23
000511502 17
000511503 5
000511504 18
000511505 12
000511506 34
000511507 26
000511508 29
000511509 22
000511510 24
000511511 8
000511512 15
000511513 7
000511514 5
000511515 16
000511516 25
000511517 35
000511518 14
000511519 34
000511520 16
000511521 17
000511522 31
000511523 20
000511524 30
000511525 14
000511526 30
000511527 28
000511528 34
000511529 12
000511530 13
000511531 12
000511532 24
000511534 26
000511535 21
000511536 23
000511537 28
000511538 14
000511539 20
000511540 10
000511541 6
000511542 22
000511543 7
000511544 19
000511545 18
000511546 23
000511547 30
000511548 12
000511549 24
000511550 35
000511551 6
000511552 23
000511553 14
000511554 10
000511555 9
000511556 25
000511557 16
000511558 15
000511559 24
000511560 28
000511561 26
000511562 13
000511563 18
000511564 12
000511565 10
000511567 10
000511568 13
000511569 9
000511570 12
000511571 26
000511572 24
000511573 17
000511574 16
000511575 22
000511576 30
000511577 12
000511578 24
000511579 29
000511580 37
000511581 22
000511582 46
000511583 13
000511584 9
000511585 24
000511587 17
000511588 14
000511589 23
000511590 19
000511591 24
000511592 14
000511593 22
000511594 16
000511595 14
000511596 34
000511598 12
000511599 24
000511600 17
000511601 17
000511602 18
000511603 22
000511604 25
000511605 8
000511607 13
000511608 26
000511609 23
000511610 15
000511611 44
000511612 16
000511613 25
000511614 44
000511615 8
000511616 36
000511617 24
000511618 11
000511619 21
000511620 26
000511621 13
000511622 13
000511623 12
000511624 7
000511625 19
000511626 31
000511627 32
000511628 22
000511629 12
000511630 9
000511631 13
000511632 17
000511633 10
000511634 29
000511635 6
000511636 27
000511637 14
000511638 43
000511639 9
000511640 14
000511641 11
000511642 21
000511643 10
000511644 14
000511645 16
000511646 29
000511647 12
000511648 14
000511649 8
000511650 14
000511651 17
000511652 19
000511653 10
000511654 15
000511655 27
000511656 24
000511657 13
000511658 15
000511659 23
000511660 16
000511661 14
000511662 27
000511663 17
000511664 24
000511665 26
000511666 13
000511667 33
000511668 10
000511669 28
000511670 8
000511671 13
000511672 31
000511673 7
000511674 21
000511675 13
000511677 15
000511678 9
000511679 16
000511680 9
000511681 16
000511682 15
000511683 13
000511684 12
000511685 19
000511686 10
000511687 12
000511688 26
000511689 21
000511690 11
000511691 9
000511692 10
000511693 26
000511694 21
000511695 16
000511696 25
000511697 23
000511698 13
000511699 13
000511700 24
000511701 25
000511702 20
000511703 11
000511704 16
000511705 19
000511706 17
000511707 20
000511708 18
000511709 13
000511710 24
000511711 25
000511712 11
000511713 33
000511714 20
000511715 9
000511716 15
000511717 17
000511718 19
000511719 28
000511720 16
000511721 19
000511722 16
000511723 21
000511724 7
000511725 22
000511726 22
000511727 22
000511728 23
000511729 12
000511730 10
000511731 28
000511732 14
000511733 19
000511734 6
000511735 21
000511736 11
000511737 18
000511738 11
000511739 37
000511741 32
000511742 25
000511744 8
000511745 16
000511746 5
000511747 40
000511748 5
000511749 15
000511751 27
000511753 8
000511754 25
000511756 29
000511758 27
000511759 9
000511760 26
000511761 20
000511762 25
000511763 30
000511764 15
000511765 24
000511766 15
000511767 13
000511768 12
000511769 13
000511770 17
000511771 17
000511772 10
000511773 24
000511776 19
000511777 12
000511778 20
000511779 23
000511780 12
000511781 29
000511782 13
000511783 23
000511784 20
000511785 15
000511786 27
000511787 20
000511788 23
000511789 23
000511790 9
000511792 18
000511793 29
000511795 16
000511796 25
000511797 21
000511798 10
000511799 21
000511800 29
000520001 10
000520002 42
000520003 16
000520004 35
000520005 33
000520006 19
000520007 30
000520008 24
000520009 14
000520010 27
000520011 20
000520012 34
000520013 20
000520014 36
000520015 27
000520016 46
000520017 17
000520018 24
000520019 41
000520020 26
000520021 7
000520023 14
000520024 12
000520025 20
000520026 8
000520027 12
000520028 8
000520029 11
000520030 15
000520031 15
000520032 19
000520033 22
000520034 19
000520035 7
000520036 9
000520037 15
000520038 10
000520039 11
000520040 14
000520041 4
000520042 4
000520043 14
000520044 10
000520046 9
000520047 11
000520048 15
000520049 10
000520050 12
000520052 17
000520053 8
000520054 7
000520055 12
000520056 14
000520057 19
000520058 14
000520059 9
000520060 14
000520061 16
000520062 11
000520063 20
000520064 11
000520065 18
000520066 8
000520067 11
000520068 13
000520069 20
000520070 19
000520071 15
000520072 12
000520073 16
000520074 16
000520075 13
000520076 15
000520077 7
000520078 14
000520079 14
000520080 8
000520081 13
000520082 17
000520083 12
000520084 18
000520085 11
000520086 15
000520087 15
000520088 12
000520089 21
000520090 21
000520091 15
000520092 35
000520093 17
000520094 13
000520095 15
000520096 16
000520097 12
000520098 18
000520099 16
000520100 16
000520101 19
000520102 9
000520103 27
000520104 18
000520105 7
000520106 20
000520107 13
000520108 28
000520109 17
000520110 23
000520111 21
000520112 12
000520113 32
000520114 39
000520115 18
000520116 17
000520117 24
000520118 27
000520119 13
000520120 26
000520121 15
000520122 19
000520123 54
000520124 24
000520125 28
000520126 42
000520127 26
000520128 20
000520129 10
000520130 27
000520131 31
000520132 26
000520133 25
000520134 14
000520135 23
000520136 20
000520137 28
000520138 15
000520139 16
000520140 9
000520141 35
000520142 19
000520143 19
000520144 23
000520145 18
000520146 15
000520147 26
000520148 7
000520149 12
000520151 23
000520152 10
000520153 6
000520154 19
000520155 19
000520156 20
000520157 29
000520158 21
000520159 13
000520160 15
000520161 21
000520162 23
000520163 25
000520164 13
000520165 18
000520166 6
000520167 11
000520168 5
000520169 7
000520170 18
000520171 16
000520172 19
000520173 14
000520174 27
000520175 13
000520176 12
000520177 18
000520178 11
000520179 40
000520180 17
000520181 12
000520183 14
000520184 18
000520185 16
000520186 15
000520188 13
000520189 19
000520190 26
000520191 4
000520192 11
000520193 10
000520194 13
000520195 22
000520196 19
000520197 22
000520198 8
000520199 29
000520200 16
000520201 20
000520202 15
000520203 20
000520204 15
000520205 14
000520206 19
000520208 16
000520209 23
000520210 23
000520211 19
000520212 23
000520213 9
000520214 28
000520215 20
000520216 11
000520217 17
000520218 12
000520219 17
000520220 15
000520221 28
000520222 11
000520223 20
000520224 26
000520225 25
000520226 17
000520228 15
000520229 10
000520230 18
000520231 19
000520232 11
000520233 27
000520234 39
000520235 30
000520236 11
000520237 23
000520238 22
000520239 13
000520240 22
000520241 20
000520242 22
000520243 17
000520244 22
000520245 14
000520246 31
000520247 19
000520248 10
000520249 15
000520251 12
000520252 21
000520253 19
000520254 15
000520255 20
000520256 24
000520257 18
000520258 17
000520259 37
000520260 10
000520261 23
000520262 17
000520263 12
000520264 24
000520265 10
000520266 26
000520267 25
000520268 13
000520269 16
000520270 26
000520271 11
000520272 20
000520273 20
000520274 24
000520275 17
000520276 13
000520277 15
000520278 25
000520279 24
000520280 21
000520281 24
000520282 22
000520283 27
000520284 16
000520285 20
000520286 27
000520287 21
000520288 14
000520289 9
000520290 27
000520291 21
000520292 18
000520293 18
000520294 21
000520295 9
000520296 21
000520297 9
000520298 22
000520299 21
000520300 24
000520301 26
000520302 14
000520303 23
000520304 23
000520305 9
000520306 14
000520307 14
000520309 21
000520310 10
000520311 9
000520312 19
000520313 16
000520315 10
000520316 26
000520318 8
000520319 19
000520321 21
000520322 6
000520324 20
000520325 16
000520327 16
000520328 16
000520329 14
000520330 19
000520331 25
000520332 8
000520333 20
000520334 26
000520335 13
000520336 23
000520337 25
000520338 24
000520339 16
000520340 23
000520341 22
000520342 7
000520343 18
000520344 26
000520345 16
000520347 16
000520348 20
000520349 16
000520350 22
000520351 11
000520352 8
000520353 23
000520354 5
000520355 7
000520356 16
000520358 10
000520359 12
000520360 12
000520361 16
000520362 9
000520363 22
000520364 5
000520365 21
000520366 31
000520367 14
000520368 12
000520369 22
000520370 15
000520371 9
000520372 17
000520374 11
000520375 15
000520376 20
000520377 17
000520378 25
000520379 13
000520380 10
000520381 16
000520382 23
000520383 18
000520384 18
000520385 18
000520386 23
000520387 24
000520388 15
000520389 24
000520390 12
000520391 28
000520393 5
000520394 20
000520395 26
000520396 14
000520397 15
000520398 15
000520399 13
000520400 24
000521403 13
000521405 13
000521406 15
000521407 14
000521408 17
000521411 19
000521412 19
000521414 19
000521415 11
000521416 13
000521417 27
000521418 12
000521419 16
000521422 9
000521423 10
000521424 15
000521425 10
000521426 12
000521427 22
000521428 10
000521429 15
000521430 17
000521432 20
000521433 19
000521434 16
000521435 10
000521436 12
000521437 12
000521438 15
000521439 18
000521440 8
000521441 17
000521442 21
000521443 18
000521444 18
000521445 15
000521446 21
000521447 11
000521448 16
000521449 14
000521450 16
000521451 20
000521452 25
000521454 6
000521455 20
000521456 20
000521457 14
000521458 23
000521459 15
000521460 13
000521461 16
000521462 14
000521463 21
000521464 17
000521465 13
000521466 19
000521467 9
000521468 15
000521469 19
000521470 19
000521471 14
000521472 20
000521473 12
000521474 8
000521475 20
000521476 12
000521477 13
000521478 14
000521479 17
000521480 33
000521481 11
000521482 14
000521483 17
000521484 17
000521486 8
000521487 18
000521488 15
000521490 13
000521491 16
000521492 16
000521493 11
000521494 14
000521495 12
000521496 21
000521497 14
000521498 15
000521499 14
000521500 18
000521501 19
000521502 15
000521503 20
000521504 32
000521505 34
000521506 21
000521507 11
000521508 28
000521509 19
000521510 23
000521511 15
000521512 26
000521513 19
000521514 30
000521515 22
000521516 24
000521517 12
000521518 24
000521520 15
000521521 19
000521522 15
000521523 16
000521524 31
000521525 34
000521526 23
000521527 29
000521528 23
000521529 15
000521530 12
000521531 21
000521532 29
000521533 16
000521534 10
000521535 8
000521536 17
000521537 5
000521538 25
000521539 25
000521540 21
000521541 28
000521542 22
000521543 36
000521544 9
000521545 10
000521546 27
000521547 14
000521548 19
000521549 33
000521550 12
000521551 21
000521552 30
000521553 20
000521554 22
000521555 22
000521557 13
000521559 21
000521560 21
000521561 20
000521562 7
000521563 18
000521564 10
000521565 15
000521566 23
000521568 17
000521569 14
000521570 21
000521571 20
000521572 9
000521573 26
000521574 6
000521575 23
000521576 26
000521577 21
000521579 22
000521581 16
000521582 12
000521584 24
000521585 15
000521586 14
000521587 19
000521588 23
000521589 17
000521591 11
000521592 11
000521593 11
000521594 12
000521595 16
000521597 9
000521598 25
000521599 31
000521600 27
000521601 37
000521602 24
000521603 6
000521604 21
000521605 6
000521606 30
000521607 23
000521608 19
000521609 10
000521610 26
000521612 27
000521613 11
000521614 17
000521615 33
000521616 19
000521617 13
000521619 15
000521620 23
000521621 10
000521622 25
000521623 24
000521625 26
000521626 10
000521627 15
000521628 20
000521629 27
000521630 23
000521631 5
000521632 28
000521633 25
000521634 19
000521635 26
000521636 14
000521637 9
000521638 13
000521639 21
000521640 11
000521641 20
000521642 27
000521643 14
000521644 28
000521645 24
000521646 8
000521647 24
000521648 18
000521649 17
000521650 22
000521651 10
000521653 11
000521654 19
000521655 19
000521657 26
000521658 17
000521659 24
000521660 20
000521662 21
000521663 29
000521664 11
000521665 18
000521666 14
000521670 29
000521672 8
000521673 28
000521674 24
000521675 25
000521676 34
000521677 22
000521678 12
000521679 29
000521680 24
000521681 28
000521682 15
000521684 6
000521685 28
000521686 14
000521687 36
000521688 12
000521689 21
000521690 12
000521691 24
000521692 11
000521693 18
000521694 32
000521695 22
000521696 19
000521697 11
000521698 20
000521699 12
000521700 34
000521702 10
000521703 9
000521704 15
000521705 13
000521706 17
000521707 20
000521709 17
000521710 15
000521711 11
000521714 17
000521715 24
000521716 22
000521717 8
000521718 12
000521719 10
000521720 21
000521721 25
000521723 35
000521724 19
000521725 26
000521726 30
000521727 16
000521728 8
000521729 9
000521730 6
000521731 16
000521732 5
000521733 6
000521734 16
000521735 11
000521736 17
000521737 8
000521738 19
000521739 14
000521740 28
000521741 19
000521742 61
000521743 23
000521744 34
000521745 13
000521746 18
000521747 9
000521748 25
000521749 21
000521750 31
000521751 27
000521752 11
000521753 22
000521754 20
000521755 25
000521756 34
000521757 10
000521758 5
000521759 15
000521760 19
000521761 39
000521762 19
000521765 12
000521766 24
000521767 26
000521768 7
000521769 40
000521771 7
000521772 13
000521773 13
000521774 24
000521775 16
000521776 27
000521777 28
000521778 20
000521779 23
000521780 25
000521781 26
000521782 29
000521783 17
000521784 33
000521785 22
000521786 17
000521787 9
000521788 37
000521789 29
000521790 31
000521791 27
000521792 17
000521793 14
000521794 32
000521795 31
000521796 7
000521797 11
000521798 16
000521799 38
000521800 18
000530001 10
000530002 44
000530003 16
000530004 33
000530005 35
000530006 27
000530007 30
000530008 24
000530009 20
000530010 27
000530011 20
000530012 35
000530013 20
000530014 37
000530015 27
000530016 46
000530017 17
000530018 25
000530019 42
000530020 23
000530021 7
000530022 11
000530024 12
000530025 20
000530026 8
000530027 12
000530028 8
000530029 11
000530030 14
000530031 15
000530032 19
000530033 20
000530034 20
000530036 8
000530037 17
000530038 10
000530039 11
000530040 14
000530041 4
000530042 5
000530044 10
000530045 6
000530046 9
000530047 10
000530048 15
000530049 7
000530050 14
000530052 17
000530053 8
000530054 7
000530055 12
000530056 13
000530057 16
000530058 14
000530059 9
000530060 14
000530061 17
000530062 11
000530063 20
000530064 13
000530065 18
000530067 11
000530068 13
000530070 19
000530071 14
000530072 12
000530073 15
000530075 13
000530076 18
000530077 7
000530078 20
000530079 14
000530080 10
000530081 13
000530082 17
000530083 14
000530084 13
000530085 11
000530086 14
000530087 15
000530088 15
000530089 21
000530090 22
000530091 15
000530092 35
000530093 16
000530095 14
000530096 14
000530097 13
000530098 19
000530099 17
000530100 17
000530101 21
000530102 16
000530103 14
000530104 6
000530105 27
000530106 20
000530107 10
000530108 26
000530109 14
000530110 17
000530111 40
000530112 14
000530113 17
000530114 23
000530115 16
000530116 39
000530117 18
000530118 27
000530119 8
000530120 20
000530121 28
000530122 19
000530123 20
000530124 10
000530125 13
000530126 21
000530127 5
000530128 26
000530129 27
000530130 26
000530131 23
000530132 26
000530133 11
000530134 7
000530135 14
000530136 16
000530137 35
000530138 12
000530139 25
000530140 14
000530141 10
000530142 6
000530143 13
000530144 22
000530145 20
000530146 29
000530147 19
000530148 13
000530149 6
000530150 18
000530151 18
000530153 6
000530154 23
000530155 13
000530156 20
000530157 16
000530158 17
000530160 27
000530161 18
000530162 12
000530163 7
000530165 5
000530166 16
000530167 15
000530168 18
000530169 43
000530171 15
000530172 10
000530173 10
000530174 24
000530175 27
000530176 22
000530177 26
000530179 25
000530180 21
000530181 19
000530182 9
000530183 12
000530184 16
000530185 17
000530186 27
000530187 15
000530189 15
000530190 28
000530191 22
000530192 18
000530193 11
000530194 14
000530195 18
000530196 16
000530197 21
000530198 15
000530199 32
000530200 24
000530201 5
000530202 18
000530203 7
000530204 18
000530205 17
000530206 16
000530207 9
000530208 17
000530209 27
000530210 28
000530211 28
000530212 6
000530213 8
000530214 30
000530215 34
000530216 9
000530217 13
000530218 18
000530219 22
000530220 14
000530221 33
000530222 32
000530223 21
000530224 22
000530225 15
000530226 6
000530227 17
000530228 14
000530229 17
000530230 20
000530231 15
000530232 17
000530235 17
000530236 22
000530237 14
000530238 13
000530239 34
000530240 26
000530241 31
000530242 7
000530243 34
000530244 8
000530245 18
000530246 16
000530248 36
000530249 23
000530250 15
000530253 32
000530254 20
000530255 26
000530256 32
000530257 16
000530258 6
000530259 25
000530260 24
000530261 22
000530262 19
000530264 33
000530266 10
000530267 35
000530268 18
000530269 8
000530270 33
000530271 13
000530272 13
000530273 15
000530274 21
000530275 10
000530276 7
000530277 8
000530278 14
000530279 6
000530280 12
000530281 10
000530282 33
000530283 28
000530284 17
000530285 20
000530286 36
000530287 5
000530289 7
000530290 17
000530292 12
000530293 23
000530294 16
000530296 22
000530297 18
000530300 23
000530306 6
000530307 40
000530308 29
000530309 33
000530310 32
000530311 7
000530312 14
000530313 19
000530314 6
000530315 7
000530316 10
000530317 29
000530318 23
000530319 28
000530320 29
000530322 31
000530323 7
000530324 23
000530325 24
000530326 18
000530327 9
000530328 24
000530329 11
000530330 24
000530331 7
000530332 35
000530333 37
000530334 9
000530335 32
000530336 10
000530337 8
000530338 30
000530340 20
000530341 20
000530342 10
000530344 21
000530345 25
000530346 10
000530347 28
000530349 10
000530350 20
000530351 20
000530353 10
000530354 17
000530355 8
000530356 10
000530359 18
000530360 12
000530361 20
000530362 17
000530363 20
000530364 19
000530365 9
000530366 17
000530367 15
000530368 24
000530369 23
000530370 33
000530371 7
000530372 20
000530373 9
000530374 14
000530375 17
000530376 10
000530377 29
000530378 19
000530379 25
000530380 11
000530381 6
000530382 16
000530384 15
000530385 9
000530386 28
000530387 12
000530388 16
000530389 10
000530390 23
000530391 24
000530392 16
000530393 34
000530394 17
000530395 12
000530396 33
000530397 19
000530398 21
000530399 14
000530400 20
000531401 12
000531402 18
000531403 13
000531404 21
000531405 12
000531406 15
000531407 17
000531408 16
000531409 10
000531411 18
000531412 21
000531413 6
000531414 19
000531415 12
000531416 13
000531417 33
000531419 16
000531420 14
000531421 8
000531422 13
000531423 10
000531424 15
000531425 10
000531426 12
000531427 22
000531428 10
000531429 15
000531430 18
000531431 14
000531432 20
000531433 19
000531434 14
000531435 10
000531436 11
000531437 12
000531438 15
000531439 19
000531440 8
000531441 17
000531442 24
000531443 17
000531444 19
000531445 15
000531446 21
000531447 10
000531448 16
000531450 16
000531451 21
000531452 25
000531453 15
000531454 6
000531456 20
000531457 13
000531458 23
000531459 15
000531460 15
000531461 16
000531463 21
000531464 16
000531465 13
000531466 18
000531467 9
000531468 15
000531469 19
000531470 17
000531471 14
000531472 20
000531473 12
000531474 8
000531475 20
000531476 18
000531477 12
000531478 14
000531479 16
000531480 34
000531482 14
000531483 17
000531485 9
000531487 17
000531488 13
000531489 25
000531490 13
000531491 14
000531493 11
000531494 13
000531495 12
000531496 21
000531497 15
000531498 15
000531499 14
000531500 18
000531501 34
000531502 8
000531503 16
000531504 27
000531505 37
000531506 17
000531507 12
000531508 33
000531509 18
000531510 19
000531511 23
000531512 19
000531513 32
000531514 9
000531515 23
000531516 26
000531517 30
000531518 30
000531520 17
000531521 8
000531522 24
000531523 10
000531524 17
000531527 8
000531528 18
000531529 40
000531530 27
000531531 12
000531532 35
000531533 31
000531534 36
000531535 11
000531536 21
000531537 24
000531539 33
000531540 6
000531541 23
000531542 37
000531543 17
000531544 23
000531545 12
000531546 31
000531547 31
000531548 17
000531549 20
000531550 28
000531552 20
000531553 13
000531554 12
000531555 11
000531556 27
000531557 27
000531558 23
000531559 23
000531560 50
000531561 11
000531562 15
000531563 24
000531564 7
000531565 20
000531566 24
000531567 10
000531568 23
000531569 17
000531570 15
000531571 18
000531572 5
000531573 41
000531574 8
000531575 19
000531576 5
000531577 25
000531578 36
000531579 10
000531580 10
000531581 21
000531582 16
000531583 23
000531584 12
000531586 10
000531587 12
000531588 22
000531590 22
000531591 41
000531592 16
000531593 10
000531594 7
000531595 13
000531596 13
000531598 19
000531599 20
000531600 17
000531601 25
000531602 13
000531603 18
000531604 18
000531605 16
000531606 12
000531607 13
000531608 12
000531609 8
000531610 17
000531611 16
000531612 22
000531613 21
000531616 18
000531617 17
000531618 17
000531619 12
000531620 20
000531621 12
000531622 26
000531624 14
000531625 14
000531626 26
000531628 15
000531629 20
000531630 8
000531631 15
000531632 22
000531634 18
000531635 20
000531636 20
000531637 12
000531638 25
000531639 24
000531640 16
000531641 24
000531642 14
000531643 16
000531645 21
000531646 26
000531647 17
000531648 17
000531649 6
000531650 26
000531651 24
000531652 12
000531653 25
000531654 22
000531655 22
000531656 5
000531657 25
000531658 18
000531659 15
000531660 19
000531661 17
000531662 14
000531663 29
000531664 16
000531667 7
000531668 19
000531669 23
000531670 9
000531671 20
000531673 30
000531674 8
000531675 19
000531676 22
000531677 17
000531679 14
000531680 24
000531681 17
000531682 13
000531683 14
000531684 21
000531685 8
000531686 12
000531687 15
000531688 28
000531689 21
000531690 12
000531691 29
000531692 23
000531693 11
000531694 13
000531695 21
000531696 17
000531698 16
000531699 20
000531700 17
000531701 25
000531702 16
000531703 10
000531704 7
000531705 38
000531706 23
000531707 16
000531709 17
000531710 11
000531711 9
000531712 21
000531713 14
000531714 43
000531715 31
000531716 14
000531717 15
000531718 10
000531719 20
000531720 8
000531721 17
000531722 31
000531723 25
000531724 18
000531725 19
000531726 23
000531727 20
000531728 13
000531729 16
000531730 15
000531731 31
000531732 18
000531733 17
000531734 28
000531735 12
000531736 32
000531738 23
000531739 9
000531740 17
000531741 36
000531742 22
000531743 24
000531744 22
000531745 31
000531746 24
000531747 33
000531748 13
000531749 23
000531750 19
000531752 16
000531753 6
000531754 17
000531755 14
000531756 10
000531757 31
000531758 7
000531759 21
000531760 19
000531761 20
000531762 25
000531763 19
000531765 34
000531766 16
000531767 11
000531768 7
000531769 22
000531770 31
000531771 5
000531772 28
000531773 28
000531774 28
000531775 12
000531776 16
000531777 19
000531779 11
000531780 15
000531781 18
000531782 29
000531783 26
000531784 7
000531785 17
000531786 15
000531787 16
000531788 32
000531789 34
000531790 25
000531791 28
000531792 13
000531793 16
000531794 35
000531795 27
000531796 22
000531797 12
000531798 13
000540001 10
000540002 41
000540003 16
000540004 33
000540005 35
000540006 21
000540007 30
000540008 24
000540009 20
000540010 27
000540011 20
000540012 34
000540013 20
000540014 37
000540015 27
000540016 46
000540017 17
000540018 25
000540019 42
000540020 23
000540021 7
000540022 11
000540023 14
000540024 12
000540025 20
000540026 8
000540027 12
000540028 8
000540029 11
000540030 14
000540031 15
000540032 19
000540033 20
000540034 20
000540035 7
000540036 8
000540037 17
000540038 10
000540039 11
000540040 14
000540041 4
000540042 4
000540043 14
000540044 10
000540045 6
000540046 9
000540047 10
000540048 15
000540049 7
000540050 14
000540052 17
000540054 7
000540055 12
000540056 13
000540057 16
000540058 14
000540059 9
000540060 14
000540061 17
000540062 11
000540063 20
000540064 13
000540065 18
000540066 8
000540067 11
000540068 13
000540069 20
000540070 19
000540071 14
000540072 12
000540073 15
000540074 14
000540075 13
000540076 18
000540077 7
000540078 20
000540079 14
000540080 10
000540081 13
000540082 17
000540083 14
000540084 13
000540085 10
000540086 14
000540087 15
000540088 15
000540089 21
000540090 22
000540091 15
000540092 35
000540093 16
000540094 13
000540095 20
000540096 14
000540097 13
000540098 19
000540099 17
000540100 17
000540101 15
000540102 19
000540103 25
000540104 25
000540105 16
000540106 15
000540107 11
000540108 7
000540110 12
000540111 12
000540112 19
000540113 23
000540114 26
000540115 23
000540116 18
000540117 28
000540118 14
000540119 15
000540121 13
000540122 20
000540123 15
000540124 15
000540125 7
000540126 30
000540127 7
000540128 20
000540129 15
000540130 22
000540131 8
000540132 17
000540133 13
000540134 17
000540135 10
000540136 9
000540137 24
000540138 24
000540139 21
000540140 17
000540141 18
000540142 25
000540143 19
000540144 29
000540145 23
000540146 28
000540147 26
000540148 31
000540149 5
000540150 20
000540151 17
000540152 19
000540153 28
000540154 7
000540155 12
000540156 17
000540157 7
000540158 28
000540159 37
000540160 26
000540161 26
000540162 23
000540163 14
000540164 42
000540165 20
000540166 7
000540167 24
000540168 21
000540169 17
000540170 7
000540171 29
000540172 21
000540173 7
000540174 17
000540175 16
000540176 21
000540177 12
000540178 39
000540179 8
000540180 15
000540181 6
000540182 21
000540183 26
000540184 10
000540185 16
000540186 14
000540188 29
000540189 16
000540190 15
000540191 26
000540192 14
000540193 9
000540194 7
000540195 13
000540196 23
000540197 11
000540198 14
000540199 12
000540200 8
000540201 16
000540202 14
000540204 27
000540205 16
000540206 18
000540207 11
000540208 11
000540209 32
000540210 26
000540211 18
000540212 30
000540213 13
000540214 6
000540215 9
000540216 23
000540217 15
000540218 6
000540219 23
000540220 7
000540221 25
000540222 23
000540223 16
000540225 19
000540226 25
000540227 6
000540228 23
000540229 27
000540230 12
000540231 23
000540232 24
000540233 14
000540234 11
000540236 36
000540237 33
000540238 17
000540239 34
000540240 8
000540241 29
000540242 24
000540243 23
000540244 11
000540245 19
000540246 17
000540247 18
000540248 30
000540249 11
000540250 19
000540251 22
000540252 15
000540253 28
000540254 22
000540255 13
000540256 31
000540257 17
000540258 37
000540259 11
000540260 26
000540262 19
000540263 20
000540264 30
000540265 16
000540266 22
000540267 16
000540268 27
000540269 30
000540270 21
000540271 22
000540272 5
000540273 36
000540274 23
000540275 22
000540276 32
000540277 9
000540278 17
000540279 25
000540280 15
000540281 18
000540282 35
000540283 17
000540284 16
000540285 31
000540286 28
000540287 14
000540288 22
000540289 11
000540290 18
000540291 7
000540292 13
000540293 10
000540294 25
000540295 9
000540296 26
000540297 7
000540298 17
000540299 13
000540300 15
000540302 18
000540303 38
000540304 25
000540305 28
000540306 16
000540307 21
000540308 20
000540309 32
000540310 11
000540311 29
000540312 23
000540313 12
000540314 22
000540315 21
000540316 29
000540317 23
000540318 8
000540319 28
000540320 10
000540321 14
000540322 10
000540323 19
000540324 16
000540325 33
000540327 26
000540328 14
000540329 16
000540330 21
000540331 15
000540332 32
000540333 7
000540334 29
000540335 32
000540336 17
000540337 9
000540338 15
000540339 13
000540340 15
000540341 21
000540342 24
000540343 8
000540344 16
000540345 31
000540346 23
000540348 29
000540349 6
000540350 12
000540351 12
000540353 19
000540354 21
000540355 12
000540356 13
000540357 12
000540358 19
000540359 9
000540360 22
000540361 11
000540363 29
000540364 17
000540366 10
000540367 22
000540368 33
000540369 9
000540370 22
000540371 23
000540372 16
000540373 24
000540374 7
000540375 30
000540376 26
000540377 12
000540378 21
000540379 14
000540380 21
000540381 26
000540382 15
000540383 25
000540384 29
000540385 14
000540386 10
000540387 13
000540388 18
000540389 11
000540390 14
000540391 16
000540392 17
000540393 31
000540394 15
000540395 22
000540396 15
000540397 12
000540398 7
000540399 15
000540400 34
000541401 12
000541402 18
000541403 13
000541404 21
000541405 13
000541406 15
000541407 17
000541408 16
000541409 10
000541410 19
000541411 20
000541412 21
000541413 6
000541414 19
000541415 11
000541416 13
000541417 27
000541418 12
000541419 16
000541420 14
000541421 8
000541422 13
000541423 10
000541424 15
000541425 10
000541427 22
000541428 10
000541429 15
000541430 17
000541431 14
000541432 21
000541433 19
000541434 14
000541435 10
000541436 12
000541438 16
000541440 8
000541441 17
000541442 20
000541443 17
000541444 19
000541445 15
000541446 21
000541447 11
000541448 16
000541449 12
000541450 16
000541451 21
000541452 25
000541453 15
000541454 6
000541456 20
000541457 12
000541458 23
000541459 15
000541460 15
000541461 16
000541463 21
000541464 16
000541465 13
000541466 19
000541467 9
000541468 15
000541469 19
000541470 18
000541471 14
000541473 12
000541474 8
000541475 20
000541476 13
000541477 13
000541478 14
000541479 17
000541480 33
000541481 12
000541482 14
000541483 17
000541487 18
000541488 15
000541489 25
000541490 13
000541491 15
000541492 16
000541493 11
000541494 13
000541495 12
000541496 21
000541497 15
000541498 15
000541499 14
000541500 18
000541501 19
000541502 27
000541503 13
000541504 26
000541505 12
000541506 38
000541507 14
000541508 9
000541509 22
000541510 23
000541511 11
000541512 17
000541513 19
000541514 11
000541515 33
000541516 18
000541517 26
000541518 38
000541519 30
000541521 13
000541522 36
000541523 12
000541524 18
000541525 17
000541526 10
000541527 31
000541528 35
000541529 19
000541530 25
000541531 19
000541532 10
000541533 24
000541534 34
000541535 21
000541536 14
000541537 21
000541538 15
000541539 24
000541540 16
000541541 16
000541542 18
000541543 29
000541544 37
000541545 14
000541546 37
000541547 28
000541548 20
000541550 14
000541551 17
000541552 8
000541553 26
000541554 18
000541555 17
000541556 32
000541557 12
000541558 30
000541559 6
000541560 22
000541561 11
000541563 20
000541564 27
000541566 20
000541568 11
000541569 13
000541570 12
000541571 33
000541572 19
000541573 5
000541576 32
000541577 30
000541578 7
000541579 43
000541580 27
000541581 10
000541582 37
000541583 23
000541584 20
000541585 34
000541586 26
000541587 12
000541588 16
000541589 21
000541590 27
000541591 9
000541592 29
000541593 12
000541594 14
000541595 15
000541596 23
000541597 24
000541598 25
000541599 9
000541600 25
000541601 22
000541602 11
000541603 21
000541604 30
000541605 21
000541606 15
000541607 29
000541608 18
000541609 11
000541610 19
000541612 19
000541613 10
000541614 10
000541615 31
000541616 31
000541617 29
000541618 37
000541619 16
000541620 18
000541621 21
000541622 12
000541623 44
000541624 8
000541625 19
000541626 27
000541627 10
000541628 23
000541629 21
000541630 14
000541632 9
000541633 19
000541634 15
000541635 18
000541636 15
000541637 14
000541638 27
000541639 13
000541640 33
000541641 18
000541642 26
000541643 25
000541644 26
000541645 20
000541646 22
000541647 18
000541648 13
000541649 21
000541650 17
000541651 15
000541652 13
000541653 26
000541654 25
000541655 16
000541656 19
000541657 23
000541658 17
000541659 14
000541660 11
000541661 16
000541662 13
000541663 34
000541664 22
000541665 15
000541666 20
000541667 18
000541668 14
000541669 37
000541670 17
000541671 21
000541672 21
000541673 30
000541674 15
000541675 23
000541676 27
000541677 17
000541678 15
000541679 16
000541680 17
000541681 6
000541682 18
000541683 27
000541684 15
000541685 26
000541686 17
000541687 14
000541688 21
000541689 32
000541690 13
000541692 34
000541694 25
000541695 17
000541696 19
000541697 34
000541698 14
000541699 14
000541700 20
000541701 12
000541702 6
000541703 25
000541705 17
000541706 14
000541707 17
000541708 12
000541709 14
000541710 16
000541711 19
000541712 24
000541713 30
000541714 26
000541717 26
000541718 20
000541719 24
000541720 37
000541721 19
000541723 47
000541725 21
000541726 26
000541728 15
000541729 33
000541730 14
000541731 25
000541732 44
000541733 24
000541734 10
000541735 15
000541736 32
000541737 5
000541738 36
000541739 19
000541740 23
000541741 29
000541742 17
000541743 13
000541744 11
000541745 23
000541746 26
000541747 16
000541748 31
000541749 30
000541750 12
000541751 23
000541752 18
000541753 15
000541754 11
000541755 23
000541756 18
000541757 8
000541758 10
000541759 26
000541760 11
000541761 22
000541762 31
000541763 28
000541764 20
000541765 11
000541766 32
000541767 24
000541768 38
000541769 10
000541770 14
000541771 33
000541772 30
000541773 9
000541774 8
000541775 13
000541776 9
000541777 17
000541778 17
000541779 46
000541780 42
000541781 26
000541782 22
000541783 10
000541784 21
000541785 14
000541786 12
000541787 25
000541788 14
000541789 26
000541790 35
000541791 12
000541792 23
000541793 13
000541794 15
000541795 6
000541796 13
000541797 16
000541798 30
000541799 19
000541800 13
000550001 10
000550002 41
000550003 16
000550006 21
000550007 30
000550008 24
000550009 21
000550012 34
000550013 20
000550014 37
000550015 27
000550016 46
000550017 18
000550018 25
000550019 42
000550020 23
000550021 7
000550024 12
000550025 20
000550026 8
000550027 12
000550029 11
000550030 15
000550031 15
000550032 19
000550033 20
000550034 20
000550036 8
000550037 17
000550038 10
000550039 11
000550040 14
000550041 4
000550042 4
000550043 14
000550044 10
000550045 6
000550046 9
000550047 10
000550048 15
000550049 7
000550050 14
000550052 17
000550053 8
000550054 7
000550057 16
000550058 14
000550059 9
000550060 14
000550061 17
000550062 11
000550063 20
000550064 13
000550065 19
000550068 13
000550070 19
000550071 14
000550072 12
000550073 15
000550074 14
000550075 13
000550077 7
000550078 20
000550079 14
000550080 10
000550081 13
000550082 17
000550083 14
000550084 13
000550085 11
000550086 14
000550087 15
000550088 16
000550089 21
000550090 22
000550091 15
000550092 35
000550093 16
000550094 13
000550095 14
000550096 14
000550097 13
000550098 19
000550100 17
000550101 31
000550103 25
000550104 22
000550105 28
000550106 21
000550107 6
000550108 25
000550109 19
000550110 23
000550111 29
000550112 12
000550113 24
000550114 21
000550115 15
000550116 12
000550118 12
000550119 15
000550120 11
000550121 14
000550122 39
000550123 35
000550124 22
000550125 11
000550126 15
000550127 24
000550129 19
000550130 9
000550132 22
000550133 14
000550134 15
000550135 5
000550136 30
000550138 11
000550139 16
000550141 17
000550142 13
000550143 13
000550144 16
000550145 17
000550146 34
000550147 28
000550148 15
000550149 20
000550150 21
000550152 20
000550153 5
000550154 24
000550155 29
000550156 17
000550157 19
000550158 20
000550159 26
000550160 22
000550161 22
000550162 12
000550163 19
000550164 22
000550165 19
000550166 14
000550167 31
000550168 27
000550169 10
000550170 12
000550171 19
000550172 26
000550174 15
000550175 17
000550176 30
000550177 19
000550178 16
000550179 17
000550180 14
000550183 25
000550184 7
000550185 13
000550186 9
000550187 14
000550188 25
000550189 24
000550190 21
000550191 26
000550193 27
000550194 9
000550195 20
000550197 21
000550198 6
000550199 36
000550200 21
000550201 16
000550202 29
000550203 10
000550204 9
000550205 15
000550207 18
000550208 23
000550209 33
000550210 25
000550211 24
000550212 19
000550213 20
000550214 25
000550215 22
000550216 22
000550218 7
000550219 9
000550220 19
000550221 7
000550223 23
000550224 20
000550225 25
000550227 17
000550228 11
000550229 12
000550230 35
000550231 15
000550232 23
000550233 21
000550234 26
000550235 18
000550236 24
000550238 28
000550239 23
000550241 23
000550242 7
000550243 5
000550244 13
000550246 34
000550247 29
000550249 12
000550250 23
000550251 21
000550252 17
000550253 18
000550254 32
000550255 30
000550256 7
000550257 9
000550258 28
000550260 17
000550262 22
000550263 13
000550264 20
000550266 16
000550267 15
000550269 8
000550270 27
000550271 28
000550272 26
000550273 24
000550274 6
000550276 10
000550277 29
000550278 32
000550279 38
000550280 14
000550281 28
000550282 18
000550283 27
000550284 35
000550285 29
000550286 31
000550287 18
000550290 35
000550291 29
000550292 13
000550294 26
000550295 7
000550296 13
000550297 28
000550298 19
000550299 24
000550300 14
000550301 12
000550302 21
000550303 35
000550304 21
000550306 19
000550308 16
000550309 11
000550310 24
000550311 28
000550312 10
000550313 20
000550314 9
000550317 14
000550319 25
000550320 10
000550321 20
000550322 18
000550323 10
000550324 24
000550325 14
000550326 36
000550327 30
000550328 28
000550329 13
000550330 17
000550331 14
000550332 18
000550335 26
000550336 15
000550339 30
000550340 31
000550341 6
000550343 25
000550344 24
000550345 13
000550350 10
000550351 34
000550352 6
000550356 24
000550358 35
000550360 10
000550362 18
000550364 29
000550365 22
000550368 19
000550370 17
000550372 37
000550375 16
000550377 9
000550378 26
000550379 15
000550380 16
000550381 17
000550382 21
000550383 12
000550384 28
000550387 19
000550388 30
000550389 18
000550391 18
000550392 17
000550393 30
000550395 16
000550397 41
000550398 17
000551402 18
000551403 13
000551405 12
000551406 15
000551407 17
000551408 16
000551409 10
000551411 19
000551412 21
000551413 6
000551414 19
000551415 11
000551416 13
000551418 12
000551419 16
000551422 13
000551423 10
000551424 15
000551425 10
000551427 22
000551428 10
000551429 14
000551430 17
000551431 14
000551432 20
000551433 19
000551434 14
000551435 10
000551436 12
000551438 16
000551439 19
000551440 8
000551441 19
000551442 20
000551443 12
000551444 19
000551445 15
000551447 13
000551448 16
000551449 12
000551450 14
000551451 21
000551453 15
000551454 6
000551456 20
000551457 13
000551458 23
000551460 15
000551463 20
000551464 16
000551465 13
000551466 19
000551467 9
000551468 15
000551470 18
000551471 14
000551474 8
000551475 20
000551476 14
000551479 17
000551480 33
000551482 13
000551483 17
000551485 10
000551487 18
000551488 13
000551489 25
000551491 15
000551494 13
000551495 12
000551496 21
000551497 15
000551498 15
000551499 14
000551501 24
000551502 24
000551503 7
000551504 24
000551506 19
000551508 27
000551509 22
000551510 15
000551511 8
000551512 10
000551513 28
000551514 38
000551515 24
000551516 17
000551517 9
000551518 23
000551519 27
000551520 21
000551521 27
000551522 11
000551523 16
000551524 14
000551525 20
000551526 27
000551530 10
000551531 17
000551532 18
000551534 18
000551535 20
000551538 22
000551539 15
000551540 34
000551541 18
000551542 21
000551543 12
000551544 13
000551545 27
000551547 9
000551548 21
000551549 15
000551550 11
000551551 23
000551552 21
000551554 28
000551555 22
000551556 24
000551558 20
000551559 30
000551561 20
000551562 33
000551563 13
000551565 11
000551566 10
000551571 8
000551572 8
000551573 21
000551576 32
000551578 38
000551579 16
000551582 24
000551584 12
000551586 9
000551587 24
000551588 38
000551589 5
000551592 22
000551593 18
000551596 30
000551598 14
000551599 10
000551600 14
000551602 11
000551603 10
000551604 13
000551606 25
000551607 9
000551610 11
000551611 30
000551612 12
000551613 19
000551614 12
000551615 20
000551616 37
000551617 18
000551618 16
000551619 14
000551621 24
000551623 9
000551624 25
000551625 10
000551626 20
000551627 16
000551628 14
000551631 22
000551633 11
000551634 27
000551635 17
000551636 9
000551638 35
000551640 28
000551641 18
000551642 12
000551644 27
000551645 29
000551646 19
000551647 26
000551648 28
000551649 13
000551651 24
000551652 30
000551653 22
000551655 27
000551656 14
000551657 9
000551658 25
000551659 17
000551660 19
000551661 20
000551662 18
000551664 10
000551665 24
000551666 15
000551667 16
000551668 8
000551669 13
000551670 30
000551671 9
000551672 14
000551673 8
000551674 10
000551675 24
000551676 21
000551677 20
000551680 15
000551681 15
000551683 16
000551684 25
000551685 24
000551687 14
000551688 22
000551692 15
000551693 10
000551695 9
000551696 13
000551697 17
000551699 11
000551700 22
000551701 31
000551702 14
000551704 22
000551705 28
000551706 23
000551707 8
000551708 21
000551709 10
000551710 9
000551711 10
000551712 24
000551713 14
000551715 16
000551716 23
000551717 24
000551719 12
000551720 20
000551722 16
000551723 17
000551724 21
000551725 27
000551727 17
000551728 18
000551729 19
000551730 13
000551731 23
000551732 11
000551733 25
000551736 12
000551737 9
000551738 26
000551740 6
000551741 12
000551742 31
000551743 25
000551744 29
000551745 20
000551746 21
000551748 34
000551751 20
000551753 17
000551756 16
000551757 14
000551758 15
000551760 12
000551761 32
000551763 11
000551764 9
000551765 17
000551767 41
000551769 18
000551770 37
000551771 20
000551773 14
000551774 25
000551775 16
000551777 31
000551778 7
000551779 21
000551780 23
000551781 15
000551784 27
000551785 9
000551786 8
000551788 14
000551790 24
000551792 23
000551793 23
000551796 19
000551798 18
000551799 16
000551800 18
000560001 10
000560003 16
000560004 33
000560005 35
000560006 21
000560009 14
000560010 27
000560011 20
000560012 33
000560013 20
000560014 37
000560015 27
000560016 46
000560017 18
000560018 31
000560019 42
000560020 23
000560021 7
000560022 11
000560024 12
000560026 8
000560027 12
000560028 8
000560029 11
000560030 15
000560033 20
000560034 19
000560036 9
000560037 17
000560038 10
000560039 11
000560040 14
000560041 4
000560043 14
000560045 6
000560047 10
000560049 7
000560052 17
000560056 19
000560057 16
000560058 14
000560059 9
000560060 14
000560061 17
000560062 11
000560063 20
000560064 13
000560065 18
000560067 11
000560068 14
000560069 20
000560070 19
000560071 14
000560072 12
000560073 15
000560075 13
000560078 20
000560079 14
000560080 10
000560081 13
000560082 17
000560084 13
000560085 11
000560086 14
000560087 15
000560088 16
000560089 21
000560090 22
000560091 15
000560093 16
000560094 13
000560097 13
000560098 19
000560099 17
000560100 17
000560101 9
000560102 8
000560103 9
000560104 17
000560106 15
000560109 22
000560111 25
000560112 9
000560114 6
000560115 18
000560116 26
000560118 7
000560119 14
000560120 21
000560123 27
000560124 24
000560125 24
000560126 17
000560127 34
000560128 11
000560129 35
000560130 9
000560131 11
000560132 27
000560133 23
000560134 29
000560135 22
000560136 13
000560137 17
000560139 21
000560140 28
000560143 24
000560147 7
000560148 10
000560154 12
000560159 30
000560160 26
000560162 15
000560163 37
000560164 42
000560169 24
000560170 8
000560172 35
000560174 21
000560175 10
000560176 18
000560177 11
000560178 34
000560181 28
000560183 22
000560184 6
000560185 14
000560187 15
000560189 7
000560190 43
000560191 13
000560192 23
000560193 13
000560194 24
000560196 6
000560197 13
000560198 12
000560199 17
000560200 16
000560202 20
000560203 26
000560205 16
000560208 14
000560210 9
000560211 24
000560213 31
000560214 32
000560215 12
000560217 26
000560218 15
000560219 22
000560220 18
000560221 22
000560224 18
000560225 23
000560226 22
000560227 22
000560228 10
000560233 15
000560235 10
000560236 19
000560237 23
000560238 7
000560241 31
000560243 13
000560244 17
000560245 19
000560246 22
000560247 30
000560249 29
000560250 13
000560251 15
000560252 8
000560253 14
000560254 20
000560255 27
000560256 8
000560257 17
000560259 39
000560260 23
000560262 17
000560263 28
000560264 9
000560265 22
000560266 36
000560268 23
000560269 28
000560270 28
000560271 45
000560273 28
000560274 13
000560275 16
000560278 30
000560281 18
000560282 21
000560283 13
000560284 26
000560287 22
000560288 25
000560289 17
000560294 23
000560295 13
000560296 26
000560297 22
000560298 32
000560299 9
000560301 21
000560302 30
000560303 16
000560304 12
000560309 13
000560311 10
000560312 10
000560313 20
000560314 12
000560315 31
000560316 16
000560318 22
000560319 28
000560323 27
000560325 18
000560330 12
000560333 23
000560335 36
000560336 10
000560338 17
000560340 29
000560342 15
000560343 30
000560345 8
000560346 26
000560349 23
000560350 18
000560351 16
000560353 19
000560354 8
000560357 24
000560358 24
000560359 15
000560360 24
000560361 17
000560363 38
000560365 11
000560366 17
000560368 20
000560369 13
000560370 24
000560371 24
000560372 8
000560373 22
000560374 25
000560377 19
000560378 19
000560379 7
000560380 19
000560381 10
000560383 37
000560385 13
000560387 26
000560388 18
000560390 23
000560391 25
000560392 15
000560393 22
000560396 27
000560397 32
000560400 17
000561416 13
000561419 16
000561420 14
000561424 15
000561434 14
000561436 12
000561439 19
000561442 21
000561443 17
000561446 21
000561447 10
000561448 16
000561450 11
000561451 21
000561453 14
000561456 21
000561457 13
000561460 16
000561462 14
000561468 15
000561470 18
000561471 13
000561472 26
000561474 8
000561478 13
000561488 15
000561489 25
000561494 12
000561495 12
000561496 19
000561498 14
000561506 11
000561507 15
000561508 22
000561509 17
000561511 20
000561512 36
000561514 39
000561515 8
000561516 39
000561517 11
000561519 22
000561520 25
000561522 26
000561523 35
000561524 29
000561525 35
000561526 12
000561528 24
000561529 11
000561530 30
000561532 26
000561533 25
000561535 44
000561537 28
000561541 10
000561543 14
000561544 15
000561546 5
000561553 23
000561556 21
000561557 26
000561562 30
000561563 27
000561564 15
000561566 36
000561567 9
000561568 12
000561569 12
000561570 15
000561573 16
000561574 24
000561575 22
000561576 19
000561577 21
000561579 12
000561581 27
000561582 27
000561583 18
000561588 6
000561589 19
000561591 13
000561592 11
000561593 16
000561596 18
000561597 23
000561600 38
000561601 18
000561603 10
000561604 29
000561605 22
000561606 14
000561608 22
000561609 7
000561610 23
000561611 12
000561612 9
000561613 20
000561618 26
000561619 26
000561620 25
000561621 15
000561624 8
000561630 8
000561631 20
000561632 21
000561634 24
000561635 26
000561636 12
000561637 34
000561638 17
000561641 11
000561642 11
000561643 17
000561647 29
000561652 18
000561654 14
000561655 25
