001470348 48528
001470349 78144
001470350 51440
001470351 87616
001470352 51200
001470353 40000
001470354 87792
001470355 62816
001470356 52928
001470357 60640
001470358 65519
001470359 91200
001470360 94560
001470361 67952
001470362 52960
001470363 110560
001470364 59024
001470365 69760
001470366 62656
001470367 101760
001470368 60736
001470369 84640
001470370 97440
001470371 79520
001470372 55040
001470373 64736
001470374 97776
001470375 54720
001470376 103200
001470377 97120
001470378 68160
001470379 112608
001470380 126400
001470381 57120
001470382 94464
001470383 75408
001470384 68640
001470385 84976
001470386 60640
001470387 132320
001470388 69440
001470389 60320
001470390 120000
001470391 95520
001470392 62240
001470393 105600
001470394 127840
001470395 72800
001470396 54912
001470398 103680
001470399 72160
001470400 79920
001471401 59504
001471402 75520
001471403 72320
001471404 78912
001471405 68000
001471406 60800
001471407 59680
001471408 68976
001471409 51152
001471410 53456
001471411 73120
001471412 72640
001471413 39504
001471414 83200
001471415 54400
001471416 66560
001471417 84288
001471418 57920
001471419 54384
001471420 44336
001471421 41184
001471422 51040
001471423 49104
001471424 57600
001471425 54240
001471426 58720
001471428 50416
001471429 47040
001471430 60800
001471431 43040
001471432 74240
001471433 78240
001471434 59520
001471435 56000
001471436 59680
001471437 49856
001471438 60320
001471439 85440
001471440 40640
001471441 58880
001471442 67808
001471443 64784
001471444 82400
001471445 51360
001471446 71840
001471447 58560
001471448 54400
001471449 47136
001471450 64384
001471451 69280
001471452 62880
001471453 68000
001471454 43968
001471455 64128
001471456 76800
001471457 67312
001471458 79488
001471459 45760
001471460 56800
001471461 57552
001471462 45200
001471463 68800
001471464 67184
001471465 53600
001471466 64944
001471467 52048
001471468 61248
001471469 59744
001471470 64000
001471471 52160
001471472 64544
001471473 48640
001471474 52160
001471475 68320
001471476 65440
001471477 65536
001471478 55296
001471479 73536
001471480 84800
001471481 68896
001471482 64000
001471483 60000
001471484 53920
001471485 60640
001471486 48800
001471487 76000
001471488 50080
001471489 78400
001471490 53440
001471491 50400
001471492 59520
001471493 47744
001471494 54880
001471495 54560
001471496 65504
001471497 51680
001471498 59520
001471499 59520
001471500 59040
001471501 94720
001471502 65280
001471503 82720
001471504 95840
001471505 95360
001471506 109632
001471507 53120
001471508 40480
001471509 120160
001471510 62080
001471511 68160
001471512 80000
001471513 53776
001471514 76160
001471515 64319
001471517 103360
001471518 94528
001471519 133120
001471520 62720
001471521 60640
001471522 42240
001471523 95040
001471524 84848
001471525 58384
001471526 83840
001471527 97120
001471528 94720
001471529 72800
001471530 37024
001471531 66080
001471532 40800
001471533 52704
001471534 102416
001471535 47360
001471536 57760
001471537 46624
001471538 78880
001471539 83840
001471540 75104
001471541 77120
001471542 94064
001471543 40000
001471544 56960
001471545 96320
001471546 94400
001471547 71680
001471548 104960
001471549 58240
001471550 112144
001471551 51360
001471552 70720
001471553 82816
001471554 76640
001471555 63520
001471557 115840
001471558 68512
001471559 58080
001471560 82720
001471561 97600
001471562 118400
001471563 89600
001471564 76160
001471565 55680
001471566 67840
001471567 78400
001471568 60640
001471569 83056
001471570 59856
001471571 125280
001471572 108800
001471573 120560
001471574 62240
001471575 72624
001471576 126560
001471577 54336
001471578 102240
001471579 110400
001471580 114528
001471581 92656
001471582 64784
001471584 39040
001471585 53120
001471586 108944
001471587 66192
001471588 90560
001471589 99360
001471590 97440
001471591 89440
001471592 82416
001471593 61440
001471594 78336
001471595 90560
001471596 61120
001471597 84896
001471598 90720
001471599 128479
001471600 57632
001471601 47520
001471602 45728
001471603 65391
001471604 58720
001471605 93600
001471606 118080
001471607 91680
001471608 103248
001471609 71200
001471610 128320
001471611 54640
001471612 91600
001471613 89536
001471614 82992
001471615 90896
001471616 60640
001471617 65904
001471618 101216
001471619 106400
001471620 65343
001471621 112480
001471622 73760
001471623 72480
001471624 102720
001471625 84480
001471626 64160
001471627 42240
001471628 87568
001471629 96320
001471630 38912
001471631 52320
001471632 95040
001471633 81104
001471634 40464
001471635 102080
001471636 60512
001471637 74656
001471638 62400
001471639 91360
001471640 76224
001471641 84160
001471642 90560
001471643 55520
001471644 56960
001471645 73232
001471646 58576
001471647 51680
001471648 61088
001471649 45392
001471650 90240
001471651 95488
001471652 50400
001471653 46080
001471654 100800
001471655 118720
001471656 80032
001471657 54560
001471658 44528
001471659 38752
001471660 140640
001471661 56640
001471662 106720
001471663 94240
001471664 63520
001471665 67792
001471666 52880
001471667 44320
001471668 108960
001471669 127520
001471670 79376
001471671 66080
001471672 108736
001471673 83840
001471674 61152
001471675 50080
001471676 42080
001471677 46480
001471678 63216
001471679 118224
001471680 54192
001471681 121440
001471682 75360
001471683 74048
001471684 76864
001471685 48720
001471686 67056
001471687 121280
001471688 88176
001471689 108800
001471690 56800
001471691 104480
001471692 96320
001471693 46320
001471694 98880
001471695 79744
001471696 126176
001471697 61760
001471698 83168
001471699 91360
001471700 68160
001471701 71680
001471702 127520
001471703 101920
001471704 146720
001471705 101600
001471706 103856
001471707 99200
001471708 88800
001471709 88000
001471710 108672
001471711 88528
001471712 74880
001471713 54064
001471714 84480
001471715 36512
001471716 72640
001471717 114720
001471718 68000
001471719 71360
001471720 59520
001471721 71248
001471722 59520
001471723 120000
001471724 65471
001471725 89760
001471726 119680
001471727 57056
001471728 57904
001471729 45760
001471730 76864
001471731 52800
001471732 104800
001471733 93920
001471734 42768
001471735 76640
001471736 127200
001471737 97920
001471738 68800
001471739 123680
001471740 104480
001471741 38048
001471742 81120
001471743 62768
001471744 60752
001471745 111360
001471746 73760
001471747 118720
001471748 84384
001471749 55040
001471750 49120
001471751 85600
001471752 133072
001471753 90880
001471754 105920
001471755 58160
001471756 90368
001471757 67040
001471758 80160
001471759 55168
001471760 107040
001471761 113824
001471762 80976
001471763 88640
001471764 109920
001471765 95360
001471766 132320
001471767 104960
001471768 108960
001471769 98880
001471770 66832
001471771 88000
001471772 54080
001471773 48320
001471774 39200
001471775 92640
001471776 50080
001471777 97920
001471778 103520
001471779 47680
001471780 96480
001471781 68800
001471782 97280
001471783 95440
001471784 91680
001471785 68480
001471786 39520
001471787 34224
001471788 74720
001471789 80016
001471790 132240
001471791 46144
001471792 34080
001471793 101120
001471794 58720
001471795 70880
001471796 108960
001471797 56608
001471798 93440
001471799 50592
001471800 95200
001480001 61344
001480002 156000
001480003 77600
001480004 100320
001480005 142880
001480006 86240
001480007 106752
001480008 98400
001480009 76640
001480010 105120
001480012 129136
001480013 92480
001480014 140960
001480015 117168
001480016 158512
001480017 91680
001480018 113120
001480019 154240
001480020 93120
001480021 52304
001480022 63680
001480023 71680
001480024 61600
001480025 93120
001480026 57760
001480027 60096
001480028 57232
001480029 72640
001480030 69600
001480031 81072
001480032 86560
001480033 90720
001480034 108160
001480035 46720
001480036 62608
001480037 82384
001480038 59744
001480039 66080
001480040 75200
001480041 35168
001480042 42624
001480043 67360
001480044 51152
001480045 49760
001480046 52816
001480047 49600
001480048 92000
001480049 60960
001480050 65440
001480051 37264
001480052 80160
001480053 46720
001480054 40768
001480055 61600
001480056 78880
001480057 77760
001480058 75360
001480059 61920
001480060 78560
001480061 72800
001480062 68160
001480063 86784
001480064 67520
001480066 53440
001480067 64160
001480068 84480
001480069 70208
001480070 71824
001480071 66672
001480072 85920
001480073 67840
001480074 81760
001480075 69120
001480076 110720
001480077 69120
001480078 94720
001480079 71040
001480080 47200
001480081 67024
001480082 108960
001480083 67680
001480084 75360
001480085 75872
001480086 72800
001480087 71200
001480088 85920
001480089 113920
001480090 83360
001480091 79680
001480092 125440
001480093 85120
001480094 65760
001480095 77920
001480096 76800
001480097 66560
001480098 98240
001480099 71680
001480100 81456
001480101 128479
001480102 96960
001480103 135680
001480104 95520
001480105 155360
001480106 73280
001480107 87840
001480108 156960
001480109 65280
001480110 71840
001480111 71840
001480112 66160
001480113 78560
001480114 94672
001480115 123600
001480116 85120
001480117 119200
001480118 118400
001480119 77280
001480120 116336
001480121 62880
001480122 125600
001480123 74240
001480124 74720
001480125 96640
001480126 90944
001480127 72320
001480128 132160
001480129 101856
001480130 65632
001480131 76320
001480132 54400
001480133 118240
001480134 82240
001480135 117600
001480136 46720
001480137 68000
001480138 82560
001480139 93120
001480140 76160
001480141 72656
001480142 90880
001480143 55520
001480145 81920
001480146 93280
001480147 86880
001480148 132800
001480149 124480
001480150 68000
001480151 121120
001480152 131680
001480153 107840
001480154 115040
001480155 100480
001480156 54144
001480157 118240
001480158 90880
001480159 50400
001480160 105760
001480161 68960
001480162 125920
001480163 104960
001480164 114880
001480165 78080
001480166 126240
001480167 80000
001480168 115040
001480169 79520
001480170 125120
001480171 73280
001480172 103680
001480173 76960
001480174 119040
001480175 119744
001480176 68160
001480177 54240
001480178 122240
001480179 44160
001480180 74560
001480181 66080
001480182 100784
001480184 144800
001480185 59104
001480186 80640
001480187 110880
001480188 69760
001480189 79648
001480190 65312
001480191 60480
001480192 36720
001480194 88960
001480195 73216
001480196 94720
001480197 109472
001480198 102240
001480199 110720
001480200 75200
001480201 82720
001480202 134560
001480203 96640
001480204 92640
001480205 93440
001480206 90080
001480207 146880
001480208 100960
001480210 83040
001480211 73600
001480212 67040
001480213 90400
001480215 123200
001480216 123680
001480217 89920
001480218 89920
001480219 143520
001480220 124160
001480221 139360
001480222 67520
001480223 127840
001480224 75360
001480225 91136
001480226 96000
001480227 166400
001480228 117280
001480229 92180
001480230 87040
001480231 159520
001480232 104160
001480234 80640
001480235 121600
001480236 94080
001480237 108640
001480238 44960
001480239 74080
001480240 126560
001480241 87040
001480242 74720
001480243 70400
001480244 83968
001480245 42768
001480246 57280
001480247 80800
001480248 103040
001480249 76160
001480250 82080
001480251 56192
001480253 146080
001480254 49904
001480255 79520
001480257 116624
001480258 71840
001480259 63632
001480260 51200
001480263 42016
001480265 85600
001480266 85280
001480267 82048
001480268 56480
001480269 121760
001480270 89120
001480271 121920
001480272 63680
001480273 94560
001480274 50464
001480275 57120
001480276 78400
001480277 90880
001480278 115520
001480279 83840
001480280 100960
001480281 91840
001480283 115072
001480284 66544
001480285 103200
001480286 119200
001480287 93440
001480288 92640
001480289 73920
001480290 136320
001480291 112320
001480292 121600
001480293 132160
001480294 83040
001480295 115520
001480296 46240
001480297 64160
001480299 143680
001480300 101600
001480301 66240
001480302 76000
001480303 105680
001480304 80960
001480305 55520
001480306 90240
001480307 120736
001480308 64544
001480309 91200
001480310 130240
001480311 75680
001480312 137584
001480313 134080
001480315 106992
001480316 78880
001480317 111856
001480318 104208
001480319 88128
001480320 78560
001480321 131232
001480323 78288
001480324 64224
001480325 90720
001480326 141120
001480327 90144
001480328 74240
001480329 74608
001480330 78912
001480331 82240
001480332 45104
001480333 67536
001480334 81312
001480335 58928
001480336 77584
001480337 153120
001480338 119088
001480339 159520
001480340 129120
001480341 103776
001480342 85920
001480343 49728
001480344 158112
001480345 126736
001480346 103952
001480347 69312
001480349 83168
001480352 92464
001480353 123520
001480354 83648
001480355 80800
001480356 110080
001480358 102400
001480359 131536
001480360 172240
001480361 102736
001480362 88976
001480363 139856
001480364 77520
001480365 170144
001480366 119232
001480367 66224
001480368 60800
001480369 80160
001480370 48784
001480371 93376
001480373 104000
001480374 101920
001480376 93184
001480377 78880
001480378 110912
001480379 49216
001480380 59872
001480381 64623
001480382 47792
001480383 71408
001480384 64992
001480385 58256
001480386 115680
001480387 61200
001480388 111920
001480389 80000
001480390 90720
001480391 78816
001480392 51808
001480393 91872
001480394 68432
001480395 83200
001480396 46176
001480397 83232
001480398 62560
001480399 96192
001490001 67792
001490002 147840
001490003 83200
001490004 119840
001490005 134240
001490006 77952
001490007 90080
001490008 100640
001490009 75200
001490010 102400
001490011 74832
001490012 137120
001490013 86528
001490014 143680
001490015 110080
001490016 150240
001490017 77664
001490018 98784
001490019 132160
001490020 85920
001490021 48640
001490022 61648
001490023 66464
001490024 56880
001490025 83680
001490026 59520
001490027 57760
001490028 52368
001490029 61760
001490030 66400
001490031 66400
001490032 65248
001490033 78912
001490034 95200
001490035 41408
001490036 57440
001490037 80000
001490038 57120
001490039 60464
001490040 70176
001490041 30720
001490042 37440
001490043 58400
001490044 41824
001490045 39520
001490046 42560
001490047 44800
001490048 77440
001490049 49760
001490050 54400
001490051 41872
001490052 71200
001490053 39344
001490054 38080
001490055 51360
001490056 61248
001490057 69760
001490058 62720
001490059 58240
001490060 62560
001490061 56080
001490062 55152
001490063 73440
001490064 57856
001490065 56960
001490066 47760
001490067 49920
001490068 65760
001490069 60816
001490070 54592
001490071 50400
001490072 61440
001490073 81600
001490074 74560
001490075 52816
001490076 95360
001490077 51200
001490078 75136
001490079 63520
001490080 41696
001490081 55840
001490082 75360
001490083 61376
001490084 59680
001490085 62240
001490086 64319
001490087 69920
001490088 61472
001490089 95520
001490090 74240
001490091 75840
001490092 95040
001490093 72336
001490094 54592
001490095 65120
001490096 60308
001490097 58720
001490098 74048
001490099 63200
001490100 72160
001490101 118096
001490102 62720
001490103 66896
001490104 86400
001490105 67696
001490106 90400
001490107 69600
001490108 81968
001490109 83680
001490110 68016
001490111 43696
001490112 95952
001490113 132800
001490114 78400
001490115 50048
001490116 65328
001490117 58400
001490118 100480
001490119 52960
001490120 45600
001490121 112160
001490122 54720
001490123 87840
001490124 133760
001490125 79040
001490126 101360
001490127 117760
001490128 107040
001490129 69120
001490130 65391
001490131 60000
001490132 131680
001490133 59360
001490134 70400
001490135 57920
001490136 58560
001490137 79312
001490138 69440
001490139 59840
001490140 69120
001490141 93648
001490142 58560
001490143 88320
001490144 100000
001490145 65440
001490146 98720
001490147 43664
001490148 79040
001490149 111520
001490150 72768
001490151 70960
001490152 119680
001490153 49600
001490154 93440
001490155 71360
001490156 101440
001490157 45120
001490158 121280
001490159 100320
001490160 83056
001490161 94720
001490162 47200
001490163 114720
001490164 93120
001490165 58208
001490166 62880
001490167 83840
001490168 127520
001490169 64000
001490170 79040
001490171 122400
001490172 54512
001490173 104640
001490174 97440
001490175 97440
001490176 90560
001490177 94400
001490178 68192
001490179 98240
001490180 93440
001490181 113920
001490182 62880
001490183 92800
001490184 120640
001490185 85600
001490186 128479
001490187 108960
001490188 120480
001490189 65920
001490190 130240
001490191 62272
001490192 74704
001490193 106720
001490194 71840
001490195 56736
001490196 85616
001490197 87248
001490198 49280
001490199 49760
001490200 44480
001490201 47360
001490202 45120
001490203 100960
001490204 55360
001490205 104000
001490206 86080
001490207 56576
001490208 78880
001490209 90560
001490210 54416
001490211 72800
001490212 94240
001490213 135680
001490214 87840
001490215 80320
001490216 98240
001490217 54880
001490218 53920
001490219 96800
001490220 112640
001490221 74400
001490222 56576
001490223 93920
001490224 81600
001490225 60320
001490226 79040
001490227 92000
001490228 93280
001490229 132160
001490230 62720
001490231 107200
001490232 91680
001490233 56160
001490234 80960
001490235 74720
001490236 53088
001490237 118400
001490238 60640
001490239 67136
001490240 72000
001490241 49120
001490242 84640
001490243 70800
001490244 76000
001490245 69600
001490246 83360
001490247 96320
001490248 43008
001490249 121120
001490250 71424
001490251 76960
001490252 78240
001490253 96320
001490254 94720
001490255 74976
001490256 93440
001490257 72320
001490258 110080
001490259 102560
001490260 66880
001490261 43328
001490262 114880
001490263 69920
001490264 78880
001490265 108640
001490266 40912
001490267 111520
001490268 60960
001490269 62240
001490270 124480
001490271 84800
001490272 75360
001490273 110144
001490274 46656
001490275 88912
001490276 42864
001490277 105632
001490278 60576
001490279 84160
001490280 47840
001490281 72864
001490282 52768
001490283 51312
001490284 55520
001490285 37376
001490286 84864
001490287 105440
001490288 52640
001490289 99520
001490290 48816
001490291 63520
001490292 60480
001490293 97760
001490294 58720
001490295 112960
001490296 56800
001490297 91504
001490298 95040
001490299 62496
001490300 63680
001490301 92000
001490302 94560
001490303 88160
001490304 111360
001490305 103840
001490306 63056
001490307 70880
001490308 94576
001490309 106880
001490310 103680
001490311 70640
001490312 103360
001490313 77600
001490314 56176
001490315 44656
001490316 68064
001490317 51200
001490318 90400
001490319 83680
001490320 101600
001490321 78560
001490322 85120
001490323 74560
001490324 40864
001490325 78560
001490326 77600
001490327 84000
001490328 145440
001490329 64016
001490330 92800
001490331 86688
001490332 66240
001490333 100160
001490334 92320
001490335 62720
001490336 55520
001490337 100480
001490338 46880
001490339 45792
001490340 70720
001490341 101680
001490342 76960
001490343 56688
001490344 83520
001490345 49312
001490346 85488
001490347 77600
001490348 160688
001490349 67104
001490350 81120
001490351 47520
001490352 36736
001490353 44976
001490354 72320
001490355 67504
001490356 83040
001490357 94288
001490358 125072
001490359 71200
001490361 73920
001490362 84960
001490363 70560
001490364 73312
001490365 64800
001490366 73920
001490367 47376
001490368 72160
001490369 63680
001490370 99936
001490371 74080
001490372 41952
001490373 85280
001490374 122880
001490375 79072
001490376 90080
001490377 56960
001490378 100320
001490379 96064
001490380 72960
001490381 104640
001490382 73760
001490383 49920
001490384 89760
001490385 68640
001490386 65007
001490387 81680
001490388 80640
001490389 58848
001490390 86880
001490391 101760
001490392 84464
001490393 79968
001490394 71776
001490395 80704
001490396 42192
001490397 86880
001490398 127328
001490399 75184
001490400 88320
001491401 62800
001491402 80800
001491403 65600
001491404 96160
001491405 63360
001491406 54608
001491407 60400
001491408 77440
001491409 46720
001491410 57136
001491411 81440
001491412 75840
001491413 37632
001491414 77760
001491415 55840
001491416 62208
001491417 88640
001491418 59520
001491419 54496
001491420 48208
001491421 38880
001491422 51040
001491423 46208
001491424 54880
001491425 53600
001491426 57856
001491427 68304
001491428 47520
001491429 47920
001491430 65600
001491431 41472
001491432 74080
001491433 72464
001491434 54880
001491435 52160
001491436 58400
001491437 40208
001491438 58800
001491439 80000
001491440 38864
001491441 60480
001491442 64319
001491443 63680
001491444 77120
001491445 53600
001491446 72992
001491447 57440
001491448 53440
001491449 62560
001491450 64959
001491451 68784
001491452 72480
001491453 71360
001491454 41376
001491455 77040
001491456 65120
001491457 66720
001491458 84704
001491459 45520
001491460 54240
001491461 61184
001491462 43152
001491463 67360
001491464 62560
001491465 57440
001491466 64080
001491467 57280
001491468 66880
001491469 63536
001491470 69584
001491471 53920
001491472 62880
001491473 43248
001491474 53920
001491475 68480
001491476 62560
001491477 64480
001491478 49920
001491479 69920
001491480 87360
001491481 70048
001491482 61904
001491483 56944
001491484 53552
001491485 59840
001491486 60416
001491487 69760
001491488 57488
001491489 80480
001491490 56960
001491491 53120
001491492 59424
001491493 46768
001491494 55520
001491495 52960
001491496 62400
001491497 52208
001491498 63360
001491499 64160
001491500 59840
001491501 132800
001491502 110176
001491503 88000
001491504 77760
001491505 102032
001491506 78880
001491507 133120
001491508 117600
001491509 68320
001491510 71712
001491511 50320
001491512 115520
001491513 52000
001491514 48224
001491515 59728
001491516 52640
001491517 51184
001491518 70400
001491519 88960
001491520 55360
001491521 52240
001491522 49280
001491523 44960
001491524 103840
001491525 73600
001491526 66080
001491527 95040
001491528 76736
001491529 54080
001491530 101600
001491531 89760
001491532 92160
001491533 58720
001491534 102080
001491535 64400
001491536 93440
001491537 96464
001491538 92640
001491539 50880
001491540 130880
001491541 52336
001491542 93600
001491543 46880
001491544 107680
001491545 93440
001491546 103952
001491547 85280
001491548 86736
001491549 64800
001491550 42880
001491551 98400
001491552 106240
001491553 59520
001491554 86560
001491555 60320
001491556 106080
001491557 68480
001491558 100480
001491559 116640
001491560 70720
001491561 88080
001491562 90080
001491563 108960
001491564 115200
001491565 74880
001491566 56240
001491567 88960
001491568 46880
001491569 119840
001491570 77664
001491571 68016
001491572 110240
001491573 77280
001491574 53920
001491575 116320
001491576 104640
001491577 87680
001491578 94720
001491579 55072
001491580 126400
001491581 111360
001491582 57456
001491583 68080
001491584 119520
001491585 87360
001491586 130832
001491587 89120
001491588 126400
001491589 43104
001491590 92160
001491591 129312
001491592 51680
001491593 90560
001491594 123680
001491595 84864
001491596 79712
001491597 45984
001491598 64848
001491599 45200
001491600 95680
001491601 120160
001491602 48960
001491603 100992
001491604 103040
001491605 60480
001491606 59040
001491607 66736
001491608 81600
001491609 87568
001491610 82400
001491611 76000
001491612 157760
001491613 74080
001491614 126560
001491615 96320
001491616 40160
001491617 140960
001491618 60480
001491619 83200
001491620 65120
001491621 106320
001491622 112480
001491623 131520
001491624 37504
001491625 56320
001491626 94080
001491627 42608
001491628 55520
001491629 51440
001491630 68320
001491631 79200
001491632 104800
001491633 110560
001491634 82720
001491635 155040
001491636 88320
001491637 51888
001491638 75680
001491639 102080
001491640 51840
001491641 82560
001491642 61952
001491643 108960
001491644 104640
001491645 63856
001491646 62400
001491647 54720
001491648 71200
001491649 91520
001491650 67792
001491651 56752
001491652 60160
001491653 62560
001491654 67840
001491655 68288
001491656 42672
001491657 87136
001491658 103520
001491659 146720
001491660 66400
001491661 94560
001491662 43952
001491663 54560
001491664 106240
001491665 103520
001491666 66384
001491667 48800
001491668 35040
001491669 72080
001491670 145120
001491671 47824
001491672 44480
001491673 75168
001491674 68416
001491675 84800
001491676 64160
001491677 117280
001491678 98400
001491679 94880
001491680 107760
001491681 41120
001491682 94560
001491683 77920
001491684 43680
001491685 123680
001491686 79680
001491687 107360
001491688 49328
001491689 77120
001491690 65440
001491691 53440
001491692 46240
001491693 108640
001491694 49440
001491695 122240
001491696 60064
001491697 66560
001491698 51200
001491699 109920
001491700 120640
001491701 69440
001491702 104816
001491703 59536
001491704 66560
001491705 73440
001491706 59520
001491707 53600
001491708 94240
001491709 109600
001491710 71360
001491711 119536
001491712 113280
001491713 67040
001491714 97664
001491715 109280
001491716 123088
001491717 49024
001491718 44496
001491719 113600
001491720 49280
001491721 127344
001491722 70240
001491723 61600
001491724 112160
001491725 97600
001491726 68256
001491729 106880
001491730 71008
001491731 107808
001491732 59312
001491733 39520
001491734 89280
001491735 79056
001491736 53280
001491737 57280
001491738 86240
001491739 88800
001491740 94896
001491741 103520
001491742 33744
001491743 127520
001491744 91520
001491745 83680
001491746 74080
001491747 55360
001491748 71424
001491749 56048
001491750 112960
001491751 73440
001491752 91200
001491753 45760
001491754 125520
001491755 45760
001491756 44480
001491757 53280
001491758 111840
001491759 136000
001491760 95200
001491761 38720
001491762 80000
001491763 65120
001491764 116800
001491765 91040
001491766 149920
001491767 101600
001491768 95680
001491769 83040
001491770 69920
001491771 34976
001491772 92960
001491773 71088
001491774 74912
001491775 110432
001491776 60320
001491777 50880
001491778 57440
001491779 126080
001491780 75840
001491781 91632
001491782 39712
001491783 52128
001491784 42720
001491785 77040
001491786 82720
001491787 113600
001491788 131968
001491789 74400
001491790 114400
001491791 90240
001491792 107360
001491793 89808
001491794 80320
001491795 62096
001491796 96000
001491797 85456
001491798 69440
001491799 101600
001491800 102304
001510001 63360
001510002 149760
001510003 90240
001510004 120160
001510005 145280
001510006 90720
001510007 95040
001510008 114400
001510009 76640
001510010 89760
001510011 78448
001510013 72320
001510014 127360
001510015 105920
001510016 132320
001510017 77760
001510018 84800
001510019 131360
001510020 92816
001510021 48960
001510022 64160
001510023 61440
001510024 58864
001510025 75840
001510026 55040
001510027 60960
001510028 53120
001510029 61920
001510030 65760
001510031 65120
001510032 64160
001510033 69120
001510034 94400
001510035 39600
001510036 53440
001510037 68800
001510038 55680
001510039 69440
001510040 75680
001510041 34896
001510042 41600
001510043 59520
001510044 47680
001510045 38720
001510046 49376
001510047 44480
001510048 73280
001510049 48480
001510050 55520
001510051 44960
001510052 75840
001510053 39568
001510054 39376
001510055 51104
001510056 62192
001510057 74240
001510058 55520
001510059 54128
001510060 55840
001510061 52640
001510062 51040
001510063 72160
001510064 54400
001510065 54720
001510066 52160
001510067 54400
001510068 70720
001510069 64160
001510070 60640
001510071 53136
001510072 62144
001510073 65760
001510074 68160
001510075 58240
001510076 88640
001510077 54240
001510078 71200
001510079 58560
001510080 44416
001510081 55680
001510082 73920
001510083 58560
001510084 60000
001510085 64672
001510086 62720
001510087 64480
001510088 80000
001510089 112800
001510090 81120
001510091 96480
001510092 112000
001510093 70400
001510094 64160
001510095 64944
001510096 68640
001510097 60960
001510098 89920
001510099 62208
001510100 75040
001510101 137920
001510102 138400
001510103 82080
001510104 121120
001510105 114400
001510106 90880
001510107 104640
001510108 49440
001510109 75568
001510110 70400
001510111 76480
001510112 83056
001510113 75200
001510114 68256
001510115 83200
001510116 102720
001510117 60960
001510118 101600
001510119 60000
001510120 71840
001510121 99360
001510122 64640
001510123 80864
001510124 94560
001510125 104960
001510126 76800
001510127 47184
001510128 57584
001510129 109120
001510130 77920
001510131 94880
001510132 97920
001510133 124960
001510134 84800
001510135 120480
001510136 140000
001510137 79680
001510138 43712
001510139 50400
001510140 73232
001510141 82720
001510142 48640
001510143 105440
001510144 95968
001510145 73328
001510146 123200
001510147 78400
001510148 91200
001510149 63040
001510150 80640
001510151 44464
001510152 112160
001510153 106880
001510154 96960
001510155 99360
001510156 97440
001510157 67520
001510158 68640
001510159 59520
001510160 86560
001510161 133760
001510162 95360
001510163 70080
001510164 149920
001510165 134400
001510166 45344
001510167 120256
001510168 100320
001510169 116160
001510170 107200
001510171 99520
001510172 109760
001510173 79360
001510174 59360
001510175 94240
001510176 85120
001510177 124640
001510178 107360
001510179 104800
001510180 64944
001510181 47840
001510182 54352
001510183 53600
001510184 81920
001510185 153440
001510186 55360
001510188 80640
001510189 70080
001510190 79360
001510191 101280
001510192 82400
001510193 48640
001510194 48640
001510195 113600
001510196 121280
001510197 96480
001510198 47312
001510199 85600
001510200 125120
001510201 120160
001510202 44800
001510203 106560
001510205 128464
001510206 84960
001510207 87840
001510208 135520
001510209 101600
001510210 167520
001510211 150880
001510212 124432
001510213 128639
001510214 131680
001510215 108480
001510216 89280
001510217 87040
001510218 98560
001510219 99520
001510220 65343
001510221 96960
001510223 56320
001510224 82720
001510225 115840
001510226 68160
001510227 101440
001510228 94560
001510229 62560
001510230 76640
001510231 108960
001510232 124000
001510233 142080
001510234 60800
001510235 95680
001510236 80960
001510237 131840
001510238 117280
001510239 85760
001510240 77920
001510241 85600
001510242 64480
001510243 110560
001510244 71504
001510245 117120
001510246 101760
001510247 122400
001510248 141440
001510249 59040
001510250 105120
001510251 97440
001510252 102400
001510253 107360
001510254 105280
001510255 84016
001510256 94880
001510257 127520
001510258 81920
001510259 63360
001510260 125440
001510261 52800
001510262 88800
001510263 116160
001510264 49760
001510265 116160
001510266 49440
001510268 126240
001510269 112000
001510270 61008
001510271 70400
001510272 69920
001510273 53920
001510274 154080
001510275 59680
001510276 139520
001510277 78880
001510278 117760
001510279 80000
001510280 114240
001510281 128000
001510282 55840
001510283 73600
001510284 44096
001510285 92800
001510287 93600
001510288 83840
001510290 47680
001510291 108320
001510292 81600
001510293 75200
001510294 94240
001510295 89920
001510296 79072
001510297 113920
001510298 93440
001510299 100800
001510300 62560
001510301 54240
001510302 63360
001510303 104320
001510304 71360
001510305 75360
001510306 120160
001510307 52480
001510308 116960
001510309 103040
001510310 105760
001510311 75200
001510312 104480
001510313 90240
001510314 92048
001510315 64016
001510316 120480
001510317 92240
001510318 57440
001510319 148640
001510320 145440
001510321 80304
001510322 110720
001510323 110432
001510324 91040
001510325 56960
001510326 84160
001510327 55680
001510328 45056
001510329 84480
001510330 75520
001510331 126240
001510332 102560
001510333 110720
001510334 75360
001510335 84160
001510336 160480
001510337 68800
001510338 134720
001510339 109760
001510340 104160
001510341 40800
001510342 111040
001510343 77760
001510344 112160
001510345 97600
001510346 163840
001510347 42800
001510348 84320
001510349 128479
001510350 100000
001510351 97920
001510352 107200
001510353 89440
001510354 74272
001510355 96160
001510356 70240
001510357 92640
001510358 102240
001510359 59456
001510360 115200
001510361 134560
001510362 92800
001510363 63040
001510364 93760
001510365 47264
001510366 106560
001510367 58368
001510368 122720
001510369 49280
001510370 78240
001510371 74560
001510373 47360
001510374 124160
001510375 141120
001510376 90240
001510377 113600
001510378 59328
001510379 70240
001510380 70080
001510381 80448
001510382 63520
001510383 52960
001510384 98880
001510386 87520
001510387 56800
001510388 99680
001510389 99840
001510390 152160
001510391 119520
001510392 111680
001510393 77280
001510394 101440
001510395 128160
001510396 132480
001510397 103296
001510398 51520
001510399 105120
001510400 74880
001511401 59408
001511402 83360
001511403 70880
001511404 79200
001511405 70112
001511406 58400
001511407 61248
001511408 80160
001511409 50560
001511411 78080
001511412 68960
001511413 44320
001511414 88480
001511415 55520
001511416 75360
001511417 92160
001511418 63040
001511419 60128
001511420 49776
001511421 50384
001511422 60000
001511423 53264
001511424 64640
001511425 55520
001511426 64432
001511427 65280
001511428 56320
001511429 48000
001511430 72160
001511431 42064
001511432 69600
001511433 78080
001511434 55360
001511435 53136
001511436 60640
001511437 44768
001511438 60960
001511439 88320
001511440 40736
001511441 64959
001511442 61456
001511443 77440
001511444 78400
001511445 48320
001511446 60560
001511447 59360
001511448 52160
001511449 53280
001511450 59824
001511451 81760
001511452 74576
001511453 80960
001511454 53920
001511455 70144
001511456 69488
001511457 72800
001511458 93120
001511459 50656
001511460 58240
001511461 69760
001511462 48960
001511463 76320
001511464 76480
001511465 62560
001511466 69744
001511467 53920
001511468 59040
001511469 64672
001511470 68640
001511471 55568
001511472 72240
001511473 47216
001511474 62880
001511475 87040
001511476 76320
001511477 70240
001511478 60960
001511479 66880
001511480 85120
001511481 64208
001511482 66528
001511483 54400
001511484 54864
001511485 58400
001511486 54944
001511487 74880
001511488 56960
001511489 75520
001511490 46352
001511491 48480
001511492 60560
001511493 50064
001511494 55200
001511495 53440
001511496 69120
001511497 53120
001511498 61120
001511499 67328
001511500 59680
001511501 52320
001511502 148960
001511503 99040
001511504 119360
001511505 40320
001511506 62080
001511507 54720
001511508 75360
001511509 73120
001511510 47840
001511511 70560
001511512 131200
001511513 106400
001511514 158400
001511515 88480
001511516 52640
001511517 62240
001511518 61440
001511519 105120
001511520 40960
001511521 71328
001511522 73152
001511523 80640
001511524 41440
001511525 35200
001511526 55584
001511527 65440
001511528 100640
001511529 136960
001511530 77152
001511531 57600
001511532 58720
001511533 92640
001511534 73120
001511535 86720
001511536 96480
001511537 115520
001511538 63040
001511539 96800
001511540 68160
001511541 95520
001511542 72512
001511543 99360
001511544 87040
001511545 89760
001511546 112480
001511547 46560
001511548 65440
001511549 49600
001511550 104800
001511551 55040
001511552 93760
001511553 95568
001511554 59680
001511555 132960
001511556 80960
001511557 76464
001511558 96800
001511559 123040
001511560 72320
001511561 103360
001511562 122720
001511563 88800
001511564 75040
001511565 46240
001511566 82720
001511567 52624
001511568 58400
001511569 76160
001511570 48160
001511571 63680
001511572 96800
001511573 79040
001511574 42080
001511575 48800
001511576 57280
001511577 62592
001511578 66240
001511579 65040
001511580 128320
001511581 69120
001511582 75200
001511583 121920
001511584 52208
001511585 87680
001511586 86720
001511587 61872
001511588 52960
001511589 49520
001511590 73120
001511591 97440
001511592 64160
001511594 93920
001511595 89760
001511596 53904
001511597 60960
001511598 112000
001511599 128800
001511600 51472
001511601 108640
001511602 99840
001511603 103360
001511604 92800
001511605 111200
001511606 83680
001511607 48864
001511608 81440
001511609 68640
001511610 104000
001511611 96480
001511612 101280
001511613 80640
001511614 100960
001511615 69760
001511616 51200
001511617 91360
001511618 114560
001511619 98720
001511620 87200
001511621 154400
001511622 35552
001511623 83360
001511624 128960
001511625 116480
001511626 76640
001511627 88480
001511628 116000
001511629 88592
001511630 59296
001511631 44800
001511632 119360
001511633 90560
001511634 66560
001511635 76160
001511636 117760
001511637 63360
001511638 55840
001511639 85760
001511640 64000
001511641 110560
001511642 80960
001511643 54400
001511644 60032
001511645 82080
001511646 54736
001511647 129120
001511648 65120
001511649 49280
001511650 119360
001511651 68880
001511652 52496
001511653 44688
001511654 97600
001511656 45920
001511657 86656
001511658 142240
001511659 83200
001511660 88960
001511661 129440
001511662 62080
001511663 118720
001511664 39680
001511665 88320
001511666 66240
001511667 170720
001511668 99360
001511669 117920
001511670 48720
001511672 94080
001511673 101600
001511674 112480
001511675 76800
001511676 73664
001511677 80000
001511678 49760
001511679 57600
001511680 59360
001511681 87680
001511682 88640
001511683 59200
001511684 101280
001511685 85536
001511686 98400
001511687 50240
001511688 62560
001511689 149120
001511690 93120
001511692 98720
001511693 87360
001511694 70656
001511695 61120
001511696 105760
001511697 57280
001511698 70064
001511699 94720
001511700 75040
001511701 88640
001511702 108800
001511703 54400
001511704 42496
001511705 82880
001511706 89488
001511707 76480
001511708 57120
001511709 110672
001511710 51648
001511711 69600
001511712 70240
001511713 55648
001511714 70544
001511715 79040
001511716 108320
001511717 61280
001511718 81440
001511719 118400
001511720 116224
001511721 85920
001511722 87520
001511723 64640
001511724 107360
001511725 104160
001511726 78304
001511727 69152
001511728 88000
001511729 51360
001511730 102240
001511731 80160
001511732 99392
001511733 111520
001511734 69760
001511735 100160
001511736 59952
001511737 81760
001511738 101920
001511739 54176
001511740 70240
001511741 64160
001511742 63200
001511743 69280
001511744 57600
001511745 82400
001511746 79680
001511747 122560
001511748 68320
001511749 76480
001511750 130400
001511751 75360
001511752 50624
001511753 88800
001511754 129919
001511755 92960
001511756 156800
001511757 99520
001511758 115664
001511760 118912
001511761 131360
001511762 54720
001511763 75200
001511764 101440
001511765 131840
001511766 36640
001511767 65600
001511768 44752
001511769 107840
001511770 104960
001511771 80400
001511772 139344
001511773 140800
001511774 90080
001511775 74464
001511776 64816
001511777 55296
001511778 92960
001511779 80960
001511780 71840
001511781 92480
001511782 81440
001511783 93120
001511784 58560
001511785 106400
001511786 114400
001511787 54720
001511788 79360
001511789 78704
001511790 86144
001511791 121920
001511792 102720
001511793 113120
001511795 49472
001511796 49120
001511797 62400
001511798 52160
001511799 128639
001511800 152160
001520001 57808
001520002 135344
001520003 70880
001520004 90880
001520005 110560
001520006 70720
001520007 76800
001520008 75840
001520009 62768
001520010 83680
001520011 59200
001520012 99040
001520013 73440
001520014 113520
001520015 93120
001520016 113120
001520017 69440
001520018 71136
001520019 104480
001520020 64640
001520021 40672
001520022 51840
001520023 62560
001520024 57216
001520025 71520
001520026 46400
001520027 48592
001520028 43280
001520029 56608
001520030 53440
001520031 58240
001520032 55200
001520033 70544
001520034 78720
001520035 37248
001520036 51840
001520037 66080
001520038 56640
001520039 56800
001520040 66400
001520041 30560
001520042 42928
001520043 57920
001520044 42032
001520045 40000
001520046 44480
001520047 41280
001520048 70720
001520049 47200
001520050 53600
001520051 43776
001520052 61280
001520053 44000
001520054 39840
001520055 50080
001520056 61984
001520057 69808
001520058 54832
001520059 48480
001520060 58560
001520061 49920
001520062 51040
001520063 78240
001520064 59520
001520065 57440
001520066 49920
001520067 52320
001520068 61760
001520069 55840
001520070 51360
001520071 46080
001520072 68480
001520073 75680
001520074 64319
001520075 51840
001520076 83520
001520077 52384
001520078 76320
001520079 56640
001520080 39728
001520081 49600
001520082 67520
001520083 57600
001520084 55520
001520085 55360
001520086 56320
001520087 60800
001520088 63168
001520089 90240
001520090 68320
001520091 67360
001520092 86080
001520093 67360
001520094 55200
001520095 59360
001520096 58400
001520097 55360
001520098 80000
001520099 58240
001520100 61120
001520101 76000
001520102 60480
001520103 102240
001520104 61584
001520105 53440
001520106 97280
001520107 100800
001520108 44816
001520109 96960
001520110 79680
001520111 96320
001520112 72480
001520113 87136
001520114 50720
001520115 76160
001520116 116256
001520117 43520
001520118 53104
001520119 60112
001520120 98880
001520121 58560
001520122 79040
001520123 51840
001520124 75568
001520125 57104
001520126 75200
001520127 81312
001520128 128895
001520129 75136
001520130 44544
001520131 52576
001520132 77120
001520133 60304
001520134 86240
001520135 37232
001520136 72000
001520137 89440
001520138 69760
001520139 66400
001520140 64640
001520141 109120
001520142 70560
001520143 59040
001520144 130720
001520145 59600
001520146 51328
001520147 49152
001520148 86720
001520149 49120
001520150 117424
001520151 51840
001520152 64800
001520153 45120
001520154 71520
001520155 51680
001520156 57440
001520157 80160
001520158 82400
001520159 69280
001520160 37440
001520161 54240
001520162 51520
001520163 53440
001520164 78880
001520165 115840
001520166 69280
001520167 97920
001520168 66080
001520169 83680
001520170 80960
001520171 42176
001520172 47200
001520173 76000
001520174 106080
001520175 47760
001520176 60960
001520177 40800
001520178 96480
001520179 108320
001520180 78240
001520181 72640
001520182 98720
001520183 98400
001520184 81920
001520185 69760
001520186 70400
001520187 99520
001520188 76480
001520189 60320
001520190 63840
001520191 95520
001520192 87840
001520193 96160
001520194 59008
001520195 87840
001520196 46560
001520197 85440
001520198 85760
001520199 69024
001520200 93120
001520201 54400
001520202 64816
001520203 50400
001520204 80160
001520205 51392
001520206 82048
001520207 83520
001520208 75840
001520209 68000
001520210 62080
001520211 64640
001520212 62080
001520213 68160
001520214 92160
001520215 67840
001520216 83200
001520217 88800
001520218 63520
001520219 76320
001520220 66880
001520221 65920
001520222 93280
001520223 100640
001520224 46400
001520225 97120
001520226 46880
001520227 102560
001520228 60288
001520229 54720
001520230 52016
001520231 60320
001520232 108960
001520233 85120
001520234 40288
001520235 57312
001520236 61696
001520237 69232
001520238 108496
001520239 72464
001520240 98720
001520241 97440
001520242 74880
001520243 80640
001520244 63040
001520245 95296
001520246 133280
001520247 87680
001520248 47696
001520249 53808
001520250 37808
001520251 40032
001520252 92784
001520253 62064
001520254 61760
001520255 74720
001520256 51200
001520257 73280
001520258 76000
001520259 95680
001520260 79040
001520261 46400
001520262 82240
001520263 56320
001520264 98400
001520265 65135
001520266 65760
001520267 86848
001520268 55984
001520269 96960
001520270 48480
001520271 59040
001520272 66720
001520273 53600
001520274 69280
001520275 50400
001520276 115520
001520277 45856
001520278 84000
001520279 41744
001520280 53600
001520281 60320
001520282 61280
001520283 55680
001520284 64111
001520285 54704
001520286 106400
001520287 52800
001520288 77280
001520289 86240
001520290 91360
001520291 103680
001520292 80160
001520293 90080
001520294 80960
001520295 63392
001520296 78240
001520297 93088
001520298 53600
001520299 92320
001520300 63504
001520301 82560
001520302 87520
001520303 95360
001520304 75200
001520305 84000
001520306 54016
001520307 71360
001520308 75888
001520309 79856
001520310 68752
001520311 44016
001520312 73120
001520313 84160
001520314 85488
001520315 54880
001520316 90064
001520317 77680
001520318 79840
001520319 67040
001520320 64000
001520321 92960
001520322 89120
001520323 49920
001520324 53760
001520325 102400
001520326 76320
001520327 77280
001520328 79840
001520329 82720
001520330 51840
001520331 66544
001520332 55200
001520333 56480
001520334 66560
001520335 80800
001520336 67296
001520337 97920
001520338 82560
001520339 104320
001520340 49120
001520341 108800
001520342 101280
001520343 87840
001520344 77440
001520345 65760
001520346 55664
001520347 87840
001520348 49440
001520349 70720
001520350 57040
001520351 79680
001520352 54880
001520353 81920
001520354 86080
001520355 63200
001520356 51360
001520357 62880
001520358 79840
001520359 60640
001520360 63520
001520361 62240
001520362 111680
001520363 96000
001520364 53120
001520365 52000
001520366 84320
001520367 48160
001520368 44000
001520369 79840
001520370 106720
001520371 78400
001520372 77792
001520373 88512
001520374 65440
001520375 56000
001520376 113760
001520377 78400
001520378 72960
001520379 86080
001520380 64959
001520381 66720
001520382 84160
001520383 54720
001520384 97440
001520385 107040
001520386 91040
001520387 79840
001520388 105600
001520389 92800
001520390 104000
001520391 115424
001520392 52288
001520393 65920
001520394 88960
001520395 97600
001520396 78080
001520397 56640
001520398 52480
001520399 73616
001520400 72832
001521401 54704
001521402 65408
001521403 65760
001521404 72640
001521405 57280
001521406 50480
001521407 60640
001521408 66880
001521409 41792
001521410 54416
001521411 71344
001521412 68480
001521413 39680
001521414 76160
001521415 53920
001521416 57888
001521417 81600
001521418 56640
001521419 50560
001521420 44480
001521421 38752
001521422 57440
001521423 49360
001521424 54880
001521425 53760
001521426 52640
001521427 71360
001521428 49120
001521429 44816
001521430 63840
001521431 40000
001521432 70080
001521433 72800
001521434 58080
001521435 50880
001521436 56640
001521437 51536
001521438 54560
001521439 69632
001521440 40544
001521441 58720
001521442 60160
001521443 66720
001521444 71680
001521445 49120
001521446 64000
001521447 54880
001521448 53600
001521449 54080
001521450 65760
001521451 68640
001521452 68800
001521453 64160
001521454 39040
001521455 62080
001521456 59680
001521457 61680
001521458 76320
001521459 45120
001521460 59744
001521461 60640
001521462 45360
001521463 64944
001521464 60496
001521465 53280
001521466 69280
001521467 50896
001521468 55504
001521469 59184
001521470 56640
001521471 52288
001521472 63200
001521473 42912
001521474 47200
001521475 67360
001521476 63888
001521477 61616
001521478 49440
001521479 58880
001521480 77760
001521481 61760
001521482 56800
001521483 52880
001521484 47680
001521485 54592
001521486 48560
001521487 70560
001521488 52480
001521489 81280
001521490 48640
001521491 49440
001521492 56176
001521493 44304
001521494 57600
001521495 53920
001521496 61184
001521497 49696
001521498 56320
001521499 61600
001521500 59840
001521501 64480
001521502 63360
001521503 131680
001521504 96320
001521505 68480
001521506 44960
001521507 63040
001521508 95520
001521509 101920
001521510 94080
001521511 77120
001521512 88320
001521513 93440
001521514 80320
001521515 99200
001521516 88320
001521517 37696
001521520 83840
001521521 52800
001521522 59920
001521523 128639
001521524 65280
001521525 48544
001521526 62560
001521527 62400
001521528 72960
001521529 97280
001521530 50400
001521531 77760
001521532 48320
001521533 45920
001521534 60960
001521535 76960
001521536 44800
001521537 57120
001521538 93760
001521539 40800
001521540 94240
001521541 120800
001521542 69760
001521543 49600
001521544 41440
001521545 77280
001521546 35712
001521547 78720
001521548 76160
001521549 110720
001521550 134544
001521551 68000
001521552 62240
001521553 58240
001521554 93440
001521555 43600
001521556 57920
001521557 69600
001521558 100960
001521559 71200
001521560 113120
001521561 72640
001521562 84160
001521563 73280
001521564 84160
001521565 92208
001521566 51632
001521567 84160
001521568 75680
001521569 96320
001521570 100640
001521571 93120
001521572 77920
001521573 78560
001521574 60160
001521575 56320
001521576 68800
001521577 102240
001521578 106240
001521579 55472
001521580 39200
001521581 40320
001521582 51680
001521583 55520
001521584 87040
001521585 107200
001521586 84800
001521587 74880
001521588 100160
001521589 49600
001521590 55040
001521591 74560
001521592 83840
001521593 79360
001521594 121760
001521595 82560
001521596 100960
001521597 84640
001521598 90240
001521599 54720
001521600 92800
001521601 109760
001521602 61920
001521603 65120
001521604 62080
001521605 88800
001521606 41712
001521607 81120
001521608 57760
001521609 80800
001521610 48304
001521611 73600
001521613 75680
001521614 64480
001521615 76960
001521616 86720
001521617 40800
001521618 77600
001521619 86400
001521620 91072
001521621 62560
001521622 46064
001521623 62240
001521624 61760
001521625 55824
001521626 49008
001521627 94080
001521628 49760
001521629 54752
001521630 70512
001521631 90240
001521632 79040
001521633 76480
001521634 75200
001521635 56640
001521636 105440
001521637 76800
001521638 55584
001521639 91040
001521640 54880
001521641 72320
001521642 79360
001521643 100480
001521644 86240
001521645 105600
001521646 102256
001521647 77120
001521648 122720
001521649 112960
001521650 62080
001521651 79600
001521652 109760
001521653 52640
001521654 47200
001521655 89120
001521656 45200
001521657 58400
001521658 58400
001521659 58752
001521660 76480
001521661 65920
001521662 86720
001521663 84800
001521664 47040
001521665 77920
001521666 92160
001521667 38400
001521668 80000
001521669 73920
001521670 84640
001521671 52800
001521672 84480
001521673 78560
001521674 84960
001521675 87040
001521676 76160
001521677 93760
001521678 84800
001521679 70080
001521680 57872
001521681 56960
001521682 98080
001521683 57120
001521684 66080
001521685 84640
001521686 58880
001521687 64495
001521688 94560
001521689 76960
001521690 70080
001521691 86240
001521692 95488
001521693 107360
001521694 59360
001521695 56960
001521696 71680
001521697 90560
001521698 68160
001521699 54544
001521700 52800
001521701 99936
001521702 70240
001521703 101600
001521704 72960
001521705 98240
001521706 47120
001521707 48320
001521708 61600
001521709 89760
001521710 92480
001521711 48512
001521712 55648
001521713 86240
001521714 94560
001521715 46080
001521716 48320
001521717 48976
001521718 55568
001521719 110560
001521720 120000
001521721 54544
001521722 47040
001521723 47360
001521724 83680
001521726 73280
001521727 67904
001521728 108800
001521729 56560
001521730 44320
001521731 47680
001521732 83680
001521733 64800
001521734 54880
001521735 57120
001521736 81600
001521737 58720
001521738 79680
001521739 100800
001521740 75360
001521741 67360
001521742 65120
001521743 66240
001521744 84160
001521745 56480
001521746 68960
001521747 106720
001521748 49760
001521749 80000
001521750 112800
001521751 44960
001521752 45520
001521753 90080
001521754 77120
001521755 69296
001521756 55808
001521757 59200
001521758 91840
001521759 69072
001521760 95200
001521761 84640
001521762 90240
001521763 82400
001521764 78880
001521765 78560
001521766 87360
001521767 47760
001521768 93440
001521769 76000
001521770 77760
001521771 115520
001521772 56912
001521773 90560
001521774 85440
001521775 55728
001521776 83408
001521777 86400
001521778 76640
001521779 67200
001521780 71840
001521781 112480
001521782 60480
001521783 87680
001521784 48640
001521785 114880
001521786 37408
001521787 46400
001521788 53280
001521789 57120
001521790 84960
001521791 51680
001521792 54240
001521793 61600
001521794 51040
001521795 116480
001521796 77280
001521797 87568
001521798 57120
001521799 64160
001521800 78240
001530001 56080
001530002 136320
001530003 74720
001530005 114880
001530006 77696
001530007 89600
001530008 80160
001530009 59872
001530010 82240
001530011 62560
001530012 105280
001530013 81248
001530014 116960
001530015 90400
001530016 131360
001530017 80320
001530018 78480
001530019 124480
001530020 73600
001530021 41120
001530022 55184
001530023 58320
001530024 55888
001530025 80160
001530026 47200
001530027 47360
001530028 42176
001530029 52544
001530030 57824
001530031 57760
001530032 60000
001530033 71520
001530034 81920
001530035 37456
001530036 48320
001530037 66400
001530038 50080
001530039 52000
001530040 57216
001530042 33920
001530043 50080
001530044 40832
001530045 37920
001530046 43120
001530047 42400
001530048 66240
001530049 45440
001530050 48320
001530051 36080
001530052 63040
001530053 35520
001530054 36864
001530055 48688
001530056 57616
001530057 57920
001530058 51360
001530059 46240
001530060 52320
001530061 46560
001530062 48000
001530063 65600
001530064 50560
001530065 51040
001530066 44064
001530067 47200
001530068 61120
001530069 55232
001530070 50720
001530071 45120
001530072 54736
001530073 56640
001530074 60320
001530075 49440
001530076 79488
001530077 51776
001530078 68160
001530079 53312
001530080 37712
001530081 47360
001530082 76320
001530083 55200
001530084 56000
001530085 60320
001530086 55520
001530087 58400
001530088 58880
001530089 84000
001530090 61760
001530091 65600
001530092 86176
001530093 63040
001530094 52320
001530095 61600
001530096 51520
001530097 52160
001530098 72480
001530099 56480
001530100 61920
001530101 82400
001530102 78240
001530103 60800
001530104 44816
001530105 103200
001530106 65280
001530107 61488
001530108 69824
001530109 66240
001530110 36480
001530111 85232
001530112 113280
001530113 80800
001530114 76320
001530115 69600
001530116 63680
001530117 65760
001530118 116480
001530119 57440
001530120 93440
001530121 76048
001530122 77792
001530123 71040
001530124 110096
001530125 71680
001530126 43840
001530127 59040
001530128 93600
001530129 50912
001530130 52128
001530131 69920
001530132 59456
001530133 50720
001530134 53120
001530135 92640
001530136 50080
001530137 80960
001530138 98880
001530139 44320
001530140 50400
001530141 56960
001530142 85856
001530143 38880
001530144 65120
001530145 41216
001530146 75760
001530147 68384
001530148 138400
001530149 84320
001530150 41376
001530151 81920
001530152 109760
001530153 65296
001530154 97920
001530156 65440
001530157 104480
001530158 112160
001530159 70240
001530160 68000
001530161 83040
001530162 64544
001530163 102560
001530164 94768
001530165 103040
001530166 42288
001530167 76160
001530168 64959
001530169 57936
001530170 88608
001530171 52320
001530172 47520
001530173 86432
001530174 46880
001530175 81264
001530176 44736
001530177 83600
001530178 61920
001530179 83200
001530180 84384
001530181 105440
001530182 61264
001530183 59984
001530184 83680
001530185 40592
001530186 72640
001530187 80160
001530190 103680
001530191 89600
001530192 100800
001530193 107680
001530194 98240
001530195 55360
001530196 38992
001530197 51008
001530198 50224
001530199 66080
001530200 78848
001530201 105760
001530202 37872
001530203 39664
001530204 55056
001530205 34720
001530206 97440
001530207 48144
001530208 57120
001530209 83328
001530210 48048
001530211 115360
001530212 67360
001530213 72256
001530214 53760
001530215 98928
001530216 68576
001530217 73984
001530218 124320
001530219 54528
001530220 97408
001530221 72496
001530222 61952
001530223 81344
001530224 51248
001530225 69744
001530226 66880
001530227 98672
001530228 54800
001530229 108000
001530230 84320
001530231 117120
001530232 71680
001530233 97584
001530234 42064
001530235 64928
001530236 67424
001530237 46544
001530238 38400
001530239 104000
001530240 84624
001530241 64319
001530242 95904
001530243 67680
001530244 51456
001530245 57168
001530246 59520
001530247 56960
001530248 89760
001530249 84800
001530250 45280
001530251 43472
001530252 57280
001530253 79680
001530254 80976
001530255 90176
001530256 107408
001530257 85760
001530258 90880
001530259 48160
001530260 77760
001530261 68640
001530262 54912
001530263 36096
001530264 103856
001530265 77744
001530266 94336
001530267 53760
001530268 88160
001530269 40080
001530270 43520
001530271 59248
001530272 54720
001530273 88160
001530274 55552
001530275 83152
001530276 84800
001530277 62560
001530278 43232
001530279 64640
001530280 85280
001530281 47808
001530282 58240
001530283 55872
001530284 67072
001530285 84320
001530286 71136
001530287 88000
001530288 69856
001530289 35840
001530290 75840
001530291 52000
001530292 55376
001530293 55312
001530294 60560
001530295 79520
001530296 86736
001530297 64800
001530298 92800
001530299 81280
001530300 52480
001530301 120000
001530302 50080
001530303 71680
001530304 80160
001530305 60384
001530306 84592
001530307 70400
001530308 77120
001530309 94240
001530310 66880
001530311 56352
001530312 103520
001530313 55360
001530314 87200
001530315 50400
001530316 79360
001530317 68320
001530318 85312
001530319 80000
001530320 58400
001530321 100464
001530322 60528
001530323 70400
001530324 77280
001530325 54304
001530326 68960
001530327 49840
001530328 107840
001530329 83520
001530330 84272
001530331 48272
001530332 64000
001530333 47312
001530334 78720
001530335 101440
001530336 48160
001530337 37344
001530338 63840
001530339 106880
001530340 89920
001530341 40416
001530342 42880
001530343 71040
001530344 87040
001530345 43776
001530346 47840
001530347 50720
001530348 44160
001530349 56864
001530350 76800
001530351 101280
001530352 61136
001530353 39504
001530354 68352
001530355 75632
001530356 79552
001530357 114240
001530358 82800
001530359 48640
001530360 68320
001530361 76480
001530362 88320
001530363 62176
001530364 66560
001530365 49920
001530366 57568
001530367 55840
001530368 108640
001530369 48320
001530370 64959
001530371 54880
001530372 47680
001530373 63552
001530374 62400
001530375 73920
001530376 86736
001530377 57760
001530378 112480
001530379 65280
001530380 106080
001530381 87744
001530382 83200
001530383 56688
001530384 53568
001530385 62400
001530386 44096
001530387 36544
001530388 58240
001530389 125760
001530390 54944
001530391 70656
001530392 92128
001530393 66560
001530394 85440
001530395 63680
001530396 65584
001530397 45280
001530398 105904
001530399 80640
001530400 75840
001531401 47712
001531402 57152
001531403 53760
001531404 65424
001531405 54880
001531406 48480
001531407 52480
001531408 66080
001531409 40272
001531410 45200
001531411 63200
001531412 59360
001531413 33280
001531414 67680
001531415 48640
001531416 52640
001531417 69504
001531418 51360
001531419 44560
001531420 38512
001531421 35648
001531422 44480
001531423 42080
001531424 47040
001531425 46720
001531426 48000
001531427 65584
001531428 46560
001531429 42560
001531430 57440
001531431 38848
001531432 62560
001531433 62400
001531434 50560
001531435 43840
001531436 51360
001531437 52624
001531438 45440
001531439 66352
001531440 34880
001531441 55360
001531442 52208
001531443 54608
001531444 64959
001531445 42752
001531446 57248
001531447 48960
001531448 44480
001531449 46560
001531450 56000
001531451 63168
001531452 57440
001531453 62400
001531454 35040
001531455 55280
001531456 58304
001531457 58880
001531458 61392
001531459 56656
001531460 46880
001531461 49536
001531462 39936
001531463 54240
001531464 55200
001531465 44960
001531466 55680
001531467 54400
001531468 54832
001531469 51600
001531470 52480
001531471 45600
001531472 52608
001531473 38944
001531474 39680
001531475 56320
001531476 47360
001531477 52496
001531478 40960
001531479 52160
001531480 66880
001531481 55392
001531482 52320
001531483 45888
001531484 41440
001531485 48960
001531486 40016
001531487 56864
001531488 44960
001531489 68320
001531490 40800
001531491 41760
001531492 51376
001531493 43840
001531494 47584
001531495 44480
001531496 49120
001531497 42880
001531498 49280
001531499 49920
001531500 47680
001531501 74288
001531502 103360
001531503 71312
001531504 46768
001531505 43056
001531506 57536
001531509 42208
001531510 63456
001531511 34080
001531512 79360
001531513 66112
001531514 85600
001531515 59408
001531516 96800
001531517 37776
001531518 49120
001531519 96320
001531520 89120
001531521 52320
001531522 65280
001531523 94240
001531524 34736
001531525 84960
001531526 95520
001531527 88480
001531528 61552
001531529 35456
001531530 75200
001531531 97248
001531532 49712
001531533 73616
001531534 69440
001531535 77280
001531536 63392
001531537 69792
001531538 82928
001531539 60640
001531540 32159
001531541 42720
001531542 46080
001531543 62048
001531544 72640
001531545 81280
001531546 46880
001531547 74240
001531548 77392
001531549 94784
001531550 106400
001531551 62976
001531552 64640
001531553 68560
001531554 45008
001531555 89824
001531556 55280
001531557 31200
001531558 45920
001531559 42496
001531560 45120
001531561 45760
001531562 78016
001531563 61424
001531564 59360
001531565 130720
001531566 53312
001531567 91840
001531568 57920
001531569 112320
001531570 94720
001531571 83904
001531572 76048
001531573 38864
001531574 68624
001531575 53120
001531576 43536
001531577 41120
001531578 42560
001531579 53216
001531580 63792
001531581 60320
001531582 77408
001531583 71200
001531584 68464
001531585 51520
001531586 48960
001531587 37824
001531588 90560
001531589 89280
001531590 58560
001531591 60528
001531592 70880
001531593 73264
001531594 47120
001531595 78080
001531596 64048
001531597 39200
001531598 77120
001531599 77920
001531600 89600
001531601 69568
001531602 55840
001531603 88800
001531604 92784
001531605 68240
001531606 68464
001531607 47488
001531608 49728
001531609 54448
001531610 56320
001531611 58320
001531612 56640
001531613 38240
001531614 40320
001531615 63040
001531616 40960
001531617 97760
001531618 65760
001531619 105120
001531620 68352
001531621 42240
001531622 77120
001531623 78080
001531624 73760
001531625 84896
001531626 65920
001531627 94560
001531628 71040
001531629 45024
001531630 59520
001531631 117600
001531632 58784
001531633 99520
001531634 106144
001531635 71360
001531636 55696
001531637 88000
001531638 45280
001531639 91616
001531640 70768
001531641 93584
001531642 97760
001531643 54080
001531644 52432
001531645 82240
001531646 94400
001531647 55168
001531648 42128
001531649 96320
001531650 53936
001531651 56768
001531652 47280
001531653 88640
001531654 35024
001531655 88000
001531656 70240
001531657 85968
001531658 71520
001531659 86720
001531660 48080
001531661 79520
001531662 100640
001531663 81600
001531664 80960
001531665 29760
001531666 47344
001531667 46496
001531668 94080
001531669 101280
001531670 56000
001531671 53920
001531672 53120
001531673 69760
001531674 42720
001531675 81920
001531676 54400
001531677 54560
001531678 74576
001531679 66080
001531680 63072
001531681 68480
001531682 57440
001531683 64992
001531684 104976
001531685 79648
001531686 52320
001531687 63984
001531688 52096
001531689 42080
001531690 78256
001531691 86880
001531692 46448
001531694 83904
001531696 80000
001531697 74720
001531698 101600
001531699 90560
001531700 79200
001531701 56352
001531702 47840
001531703 81280
001531704 64480
001531705 76384
001531706 73280
001531707 47760
001531708 46080
001531709 93760
001531710 98400
001531711 70576
001531712 79472
001531713 73600
001531714 53120
001531715 55680
001531716 53296
001531717 79200
001531718 81600
001531719 81872
001531720 63936
001531721 83360
001531722 81104
001531723 80000
001531724 41120
001531725 65263
001531726 62240
001531727 38768
001531728 67680
001531729 46240
001531730 39360
001531731 62720
001531732 59680
001531733 89120
001531734 72480
001531735 41328
001531736 79360
001531737 42624
001531738 52640
001531739 56480
001531740 41440
001531741 72160
001531742 67040
001531743 84192
001531744 93760
001531745 49280
001531746 55248
001531747 99360
001531748 85760
001531749 39952
001531750 64000
001531751 64160
001531752 43904
001531753 66080
001531754 57120
001531755 67840
001531756 62880
001531757 57760
001531758 73920
001531759 49440
001531760 74880
001531761 38528
001531762 50400
001531763 31568
001531764 43200
001531765 83040
001531766 57664
001531767 114560
001531768 72960
001531769 58272
001531770 74720
001531771 101600
001531772 68320
001531773 51504
001531774 62560
001531775 54560
001531776 114400
001531777 53120
001531778 37120
001531779 62240
001531780 43520
001531781 59232
001531782 60960
001531783 53280
001531784 74560
001531785 75360
001531786 50080
001531787 44000
001531788 78720
001531789 51520
001531790 58560
001531791 39360
001531792 65584
001531793 53232
001531794 64831
001531795 66560
001531796 67200
001531797 55680
001531798 73328
001531799 91200
001531800 76448
001540001 62800
001540002 156000
001540003 84608
001540004 105920
001540005 127520
001540006 74224
001540007 106400
001540008 88160
001540009 67840
001540010 89440
001540011 67456
001540012 132960
001540013 84672
001540014 145920
001540015 113120
001540016 141728
001540018 81760
001540022 64480
001540093 71680
001540094 58512
001540095 68000
001540096 77120
001540097 69920
001540098 93440
001540099 68320
001540100 89600
001540101 98400
001540102 78720
001540103 102080
001540104 132640
001540105 90720
001540106 106240
001540107 68160
001540108 78720
001540109 106720
001540110 112800
001540111 74560
001540112 52000
001540113 75840
001540114 85120
001540117 120640
001540118 55200
001540119 62240
001540120 97760
001540121 62240
001540122 117760
001540123 82400
001540125 138400
001540126 111520
001540127 95040
001540129 79024
001540132 80160
001540133 67680
001540134 52160
001540135 89760
001540137 55584
001540138 85280
001540139 68960
001540140 125760
001540141 43248
001540142 114400
001540143 69120
001540144 67280
001540145 59200
001540146 92160
001540147 60320
001540148 126560
001540149 43680
001540150 90080
001540151 118736
001540152 55360
001540153 95520
001540155 48640
001540156 122080
001540157 86080
001540158 55392
001540159 70240
001540160 75680
001540161 69040
001540162 61760
001540163 60960
001540165 69920
001540166 70720
001540167 136640
001540168 136000
001540169 119232
001540171 119680
001540172 142720
001540173 100016
001540174 56656
001540175 56880
001540176 37856
001540177 96000
001540179 67648
001540180 127360
001540181 57584
001540182 51200
001540183 134080
001540185 53120
001540186 104320
001540187 75200
001540188 58288
001540189 126240
001540190 61280
001540191 63040
001540192 96960
001540193 114880
001540194 85440
001540195 131840
001540196 130271
001540197 99360
001540198 99424
001540199 126544
001540200 112480
001540201 91200
001540202 130383
001540203 74560
001540204 111200
001540205 88000
001540206 72352
001540207 92000
001540208 57120
001540209 121600
001540210 117120
001540211 100640
001540212 71248
001540213 114080
001540214 81120
001540215 68144
001540216 85920
001540217 90240
001540218 118240
001540219 95472
001540220 112000
001540221 43520
001540222 72960
001540223 46880
001540224 84800
001540225 57440
001540226 128960
001540227 51040
001540228 84160
001540229 120752
001540230 78320
001540231 77760
001540232 127520
001540233 87040
001540234 49440
001540235 53440
001540236 110720
001540237 79200
001540238 50880
001540239 69440
001540240 136640
001540241 93280
001540242 41968
001540243 102880
001540244 82240
001540245 84640
001540246 100320
001540247 127680
001540248 71200
001540249 96640
001540250 99360
001540251 72640
001540252 53760
001540253 109440
001540254 113120
001540255 109120
001540256 99200
001540257 111040
001540258 76800
001540259 111520
001540260 113280
001540261 53600
001540262 91040
001540263 106880
001540264 92960
001540265 84640
001540266 121600
001540267 80320
001540268 40000
001540269 56320
001540270 71360
001540271 67680
001540272 72160
001540273 85424
001540274 84640
001540275 49600
001540276 71200
001540277 93280
001540278 113600
001540279 144160
001540280 54560
001540281 49536
001540282 66560
001540283 75360
001540284 84320
001540285 143520
001540286 60000
001540287 77440
001540288 89760
001540289 50400
001540290 116000
001540291 113920
001540292 110512
001540293 113120
001540294 56160
001540295 88640
001540296 85760
001540297 110400
001540298 94016
001540299 56256
001540300 63152
001540301 137600
001540302 65920
001540303 89120
001540304 64000
001540305 65600
001540306 76800
001540307 49120
001540308 36464
001540309 40224
001540310 70880
001540311 99600
001540312 107680
001540313 129919
001540314 57120
001540315 102560
001540316 81120
001540317 83360
001540318 76640
001540319 97440
001540320 94880
001540321 116320
001540322 125920
001540323 133600
001540324 62880
001540325 47360
001540326 103360
001540327 78240
001540328 134560
001540329 99040
001540330 49920
001540331 83200
001540332 65920
001540333 119040
001540334 52480
001540335 44736
001540336 91040
001540337 90240
001540338 42400
001540339 93600
001540340 79680
001540341 72000
001540342 72320
001540343 68160
001540344 96480
001540345 101920
001540346 100160
001540347 71360
001540348 51520
001540349 61600
001540350 72800
001540351 39856
001540352 92320
001540353 56640
001540354 41280
001540355 128479
001540356 71040
001540357 57760
001540358 71200
001540359 72640
001540360 48160
001540361 122400
001540362 123856
001540363 111520
001540364 37600
001540365 109440
001540366 144320
001540367 112480
001540368 116160
001540369 108160
001540370 155840
001540371 125920
001540372 122080
001540373 137280
001540374 89760
001540375 83680
001540376 97280
001540377 113920
001540378 47984
001540379 45280
001540380 103200
001540381 58384
001540382 49376
001540383 85200
001540384 85920
001540385 114240
001540386 70240
001540387 47200
001540388 69920
001540389 82720
001540390 101280
001540391 117440
001540392 94240
001540393 86080
001540394 83648
001540395 70720
001540396 154880
001540397 88320
001540398 97600
001540399 67360
001540400 112320
001541401 64640
001541402 71712
001541403 73440
001541404 82720
001541405 62400
001541406 51376
001541407 82400
001541408 72800
001541409 42080
001541410 59440
001541412 74400
001541413 39360
001541414 83680
001541415 55200
001541416 69440
001541417 94880
001541418 59680
001541419 51040
001541420 59968
001541421 35648
001541422 49280
001541423 44224
001541424 51680
001541425 60480
001541426 54880
001541427 63200
001541428 48480
001541429 45600
001541430 64800
001541431 37280
001541432 84000
001541433 75360
001541434 65120
001541435 55040
001541436 63680
001541437 42864
001541438 55360
001541439 85456
001541440 38224
001541441 58240
001541442 79520
001541443 66512
001541444 77920
001541445 49760
001541446 71680
001541447 57760
001541448 52000
001541449 48704
001541450 59360
001541451 74160
001541452 66400
001541454 48000
001541455 65120
001541456 62560
001541457 64000
001541458 79680
001541459 50080
001541460 56640
001541461 64480
001541462 46048
001541463 71520
001541464 58560
001541465 57760
001541466 63824
001541467 50880
001541468 60800
001541469 64768
001541470 64000
001541471 52000
001541472 63824
001541473 43760
001541474 49600
001541475 65280
001541476 69440
001541477 65760
001541478 48320
001541479 66560
001541480 91040
001541481 85920
001541482 58896
001541483 55360
001541484 49792
001541485 64640
001541486 47904
001541487 81280
001541488 49280
001541489 78560
001541490 51680
001541491 53440
001541492 57024
001541493 48800
001541494 57920
001541495 53600
001541496 69920
001541497 58720
001541498 58864
001541499 60320
001541500 60640
001541501 90880
001541502 116800
001541503 120096
001541504 113120
001541505 65728
001541506 123040
001541507 35536
001541508 59968
001541509 102080
001541510 101440
001541511 118880
001541512 81760
001541513 73280
001541514 53488
001541515 66720
001541516 70080
001541517 84000
001541518 115520
001541519 104480
001541520 112000
001541521 107840
001541522 86080
001541523 92832
001541524 42096
001541525 121760
001541526 64480
001541527 123360
001541528 53920
001541529 57792
001541530 148480
001541531 82880
001541532 107840
001541533 52912
001541534 51520
001541535 97280
001541536 87040
001541537 56000
001541538 140320
001541539 75520
001541540 63840
001541541 95520
001541542 140480
001541543 80000
001541544 108800
001541545 45440
001541546 83520
001541547 46080
001541548 147040
001541549 58432
001541550 64992
001541551 121760
001541552 141376
001541553 93280
001541554 68160
001541555 109440
001541556 145760
001541557 61280
001541558 42864
001541559 98400
001541560 127360
001541561 83120
001541562 73632
001541563 75120
001541564 48128
001541565 47520
001541566 78560
001541567 116640
001541568 84320
001541569 72640
001541570 84160
001541571 117760
001541572 71680
001541573 72160
001541574 78720
001541575 80640
001541576 156480
001541577 46400
001541578 69760
001541579 50400
001541580 51040
001541581 65680
001541582 82720
001541583 48784
001541584 108320
001541585 101120
001541586 39760
001541587 89280
001541588 52800
001541589 78080
001541590 107200
001541591 43520
001541592 80160
001541593 65440
001541594 43744
001541595 90560
001541596 93760
001541597 111040
001541598 57072
001541599 67216
001541600 70240
001541601 92320
001541602 109920
001541603 68320
001541604 106240
001541605 78096
001541606 68384
001541607 98400
001541608 65920
001541609 72656
001541610 48960
001541611 82720
001541612 40400
001541613 94432
001541614 69440
001541615 85744
001541616 75840
001541617 132912
001541618 141760
001541619 133584
001541620 82720
001541621 100800
001541624 65584
001541625 87840
001541626 168976
001541627 88160
001541628 93280
001541629 52672
001541630 87360
001541631 76160
001541632 130080
001541633 108160
001541634 94720
001541635 98880
001541636 52352
001541637 92320
001541638 95040
001541639 111040
001541640 111520
001541641 68464
001541642 50448
001541643 78080
001541644 47040
001541645 97280
001541646 76640
001541647 64160
001541648 104640
001541649 100880
001541650 93376
001541651 55040
001541652 90720
001541653 113440
001541654 88000
001541655 43840
001541656 125280
001541657 99840
001541658 60640
001541659 78560
001541660 149760
001541661 85952
001541662 95504
001541663 72000
001541664 55200
001541665 97600
001541666 71808
001541667 95840
001541668 105920
001541669 60320
001541670 82720
001541671 57440
001541672 109920
001541673 71520
001541674 66240
001541675 71520
001541676 109600
001541677 125120
001541678 71520
001541679 40160
001541680 71504
001541681 55840
001541682 115520
001541683 89280
001541684 52800
001541685 80800
001541686 79040
001541687 56800
001541688 81120
001541689 96736
001541690 76656
001541691 91200
001541692 57824
001541693 46560
001541694 142880
001541695 52016
001541696 75520
001541697 62400
001541698 101760
001541699 67040
001541700 106240
001541701 37552
001541702 88960
001541703 97920
001541704 91520
001541705 84480
001541706 50320
001541707 101920
001541708 45728
001541709 63680
001541710 135488
001541711 93280
001541712 115360
001541713 116144
001541714 114768
001541715 60464
001541716 100800
001541717 113760
001541718 55392
001541719 106240
001541720 73216
001541721 144160
001541722 69760
001541723 79360
001541724 49600
001541725 49456
001541726 60320
001541727 75360
001541728 104800
001541729 119200
001541730 42880
001541731 44800
001541732 88320
001541733 95200
001541734 166560
001541735 79360
001541736 94880
001541737 86240
001541738 99680
001541739 57760
001541740 119840
001541741 46656
001541742 45728
001541743 87680
001541744 49408
001541745 70000
001541746 48320
001541747 93920
001541748 93600
001541749 97120
001541750 80320
001541751 159344
001541752 56640
001541753 110880
001541754 83520
001541755 53968
001541756 108960
001541757 62080
001541758 81920
001541759 88960
001541760 36272
001541761 121280
001541762 57456
001541763 98400
001541764 68320
001541765 103840
001541766 52560
001541767 103040
001541768 157600
001541769 87040
001541770 45920
001541771 115744
001541772 63728
001541773 67632
001541774 100480
001541775 71840
001541776 76000
001541777 136000
001541778 53520
001541779 116960
001541780 87200
001541781 45280
001541782 66880
001541783 65600
001541784 83040
001541785 41680
001541786 52000
001541787 86432
001541788 62560
001541789 64640
001541790 130880
001541791 64480
001541792 91040
001541793 106544
001541794 69760
001541795 82672
001541796 72000
001541797 164960
001541798 36064
001541799 99840
001541800 49456
001550001 70720
001550002 183264
001550003 89568
001550004 129120
001550005 143920
001550006 96688
001550007 110400
001550008 95840
001550009 77552
001550010 88000
001550011 63840
001550012 139520
001550013 83200
001550014 135696
001550015 101424
001550016 142400
001550017 82240
001550018 99184
001550019 138688
001550020 79696
001550021 42240
001550022 55376
001550023 73440
001550024 61824
001550025 84800
001550026 50400
001550027 51520
001550028 49264
001550029 54080
001550030 67280
001550031 84480
001550032 72480
001550033 102032
001550034 95712
001550035 42160
001550036 70080
001550037 98400
001550038 57440
001550039 60320
001550040 75520
001550041 28784
001550042 35184
001550043 56000
001550044 42512
001550045 48176
001550046 46608
001550047 48496
001550048 76192
001550049 52608
001550050 57440
001550051 40816
001550052 73760
001550053 43040
001550054 38080
001550055 56976
001550056 84576
001550057 86832
001550058 60544
001550059 62688
001550060 58496
001550061 64608
001550062 60528
001550063 72800
001550064 71360
001550065 56640
001550066 61168
001550067 47024
001550068 77600
001550069 61280
001550070 57616
001550071 48704
001550072 64336
001550073 68064
001550074 77600
001550075 53760
001550076 87840
001550077 48832
001550078 79360
001550079 60800
001550080 49600
001550081 56320
001550082 76480
001550083 60064
001550084 62016
001550085 71744
001550086 62240
001550087 69280
001550088 70880
001550089 88800
001550090 75040
001550091 81280
001550092 90720
001550093 72320
001550094 62512
001550095 62736
001550096 55376
001550097 50448
001550098 78880
001550099 63040
001550101 79200
001550102 93920
001550103 115200
001550104 46512
001550105 70896
001550106 140640
001550107 132912
001550108 49120
001550109 82928
001550110 88000
001550111 63840
001550112 100000
001550113 84320
001550114 44768
001550115 90720
001550116 50864
001550117 129312
001550118 84896
001550119 64512
001550120 89440
001550121 49120
001550122 55040
001550123 110560
001550124 113600
001550125 65280
001550126 124928
001550127 108736
001550128 110720
001550129 140320
001550130 123040
001550131 103488
001550132 58880
001550133 128160
001550134 57936
001550135 63520
001550136 52912
001550137 106560
001550138 97280
001550139 76496
001550140 78768
001550141 79680
001550142 119104
001550143 87200
001550144 62720
001550145 112000
001550146 87936
001550147 82400
001550148 40144
001550149 100261
001550150 140960
001550151 42784
001550152 96000
001550153 139840
001550154 67984
001550155 81248
001550156 47104
001550157 71072
001550158 75616
001550159 123840
001550160 59120
001550161 37888
001550162 57120
001550163 165920
001550164 96880
001550165 70688
001550166 113440
001550167 122048
001550168 73552
001550169 106624
001550171 129120
001550172 84272
001550173 77600
001550174 101456
001550175 111312
001550177 143472
001550178 81392
001550179 85760
001550180 55120
001550181 102624
001550182 49920
001550183 64400
001550184 118704
001550185 86544
001550186 86720
001550187 77920
001550188 55728
001550189 57440
001550190 120160
001550191 136832
001550192 105760
001550193 82080
001550194 114784
001550195 104256
001550196 112080
001550197 50560
001550198 48448
001550199 43904
001550200 123520
001550201 68992
001550202 83952
001550203 52784
001550204 135040
001550205 112320
001550206 108960
001550207 115520
001550208 89280
001550209 138896
001550210 77344
001550211 88000
001550212 115200
001550213 78256
001550214 96160
001550215 72000
001550216 86560
001550217 53248
001550218 94800
001550219 96160
001550220 133264
001550221 75264
001550222 109920
001550223 79120
001550225 141744
001550226 82816
001550227 50560
001550228 68160
001550229 121760
001550230 105920
001550231 98912
001550232 57312
001550233 136160
001550234 43376
001550235 69120
001550236 134880
001550237 163360
001550238 59696
001550239 94880
001550240 81920
001550241 49872
001550242 100464
001550243 60688
001550244 135520
001550245 60112
001550246 94240
001550247 120320
001550248 111296
001550249 109616
001550250 145920
001550251 80496
001550252 92192
001550253 124640
001550254 52064
001550255 90736
001550256 99888
001550257 104480
001550258 130704
001550259 73312
001550260 62416
001550261 74928
001550262 92224
001550263 67680
001550264 77952
001550265 55328
001550266 84688
001550267 109120
001550268 133904
001550269 83040
001550270 103360
001550271 96960
001550273 126560
001550274 67888
001550275 191104
001550276 84640
001550277 82560
001550278 125456
001550279 115296
001550280 74880
001550281 98416
001550282 108000
001550283 62992
001550284 182080
001550286 75872
001550287 45712
001550288 68336
001550289 93520
001550290 112448
001550291 118304
001550292 85440
001550293 36592
001550294 109632
001550295 64912
001550296 108928
001550297 90736
001550298 129584
001550299 97968
001550300 151680
001550301 50176
001550302 49520
001550303 44144
001550304 102080
001550305 90240
001550306 111040
001550307 54368
001550308 139680
001550309 79040
001550310 177440
001550311 91344
001550312 71360
001550313 87520
001550314 110448
001550315 130544
001550316 122880
001550317 75600
001550318 112960
001550319 89120
001550320 170864
001550321 89120
001550322 80656
001550323 53408
001550324 55840
001550325 104320
001550327 112336
001550328 137280
001550329 92912
001550330 124016
001550331 76560
001550332 147280
001550333 76640
001550334 60352
001550335 120640
001550336 66240
001550337 108112
001550338 111040
001550339 101600
001550340 88272
001550341 112400
001550342 137216
001550343 66688
001550344 52560
001550345 75440
001550346 94192
001550347 86000
001550348 111904
001550349 146496
001550350 105072
001550351 66560
001550352 144400
001550353 93760
001550354 77760
001550355 102560
001550356 74784
001550357 89120
001550358 66880
001550359 80256
001550360 108480
001550361 101120
001550362 131376
001550363 104960
001550364 86400
001550365 100640
001550366 87024
001550367 120272
001550368 59648
001550369 68208
001550370 103040
001550371 73920
001550372 95008
001550373 121648
001550374 129648
001550375 42976
001550376 133392
001550377 121808
001550378 47808
001550379 64480
001550380 107040
001550381 61088
001550382 129168
001550383 103440
001550384 74496
001550385 74736
001550386 66512
001550387 57760
001550388 109920
001550389 128928
001550390 92080
001550391 58336
001550392 118752
001550393 147040
001550394 158560
001550395 117760
001550396 60064
001550397 117760
001550398 101584
001550399 85744
001550400 49280
001551401 71472
001551402 113888
001551403 71536
001551404 103520
001551405 69792
001551406 72160
001551407 75136
001551408 78592
001551409 60224
001551410 61424
001551411 78960
001551412 88112
001551413 38384
001551414 105280
001551415 53552
001551416 74144
001551417 102640
001551418 62800
001551419 69120
001551420 47024
001551421 45088
001551422 57280
001551423 53008
001551424 87616
001551425 63024
001551427 85920
001551428 52464
001551429 57264
001551430 80128
001551431 47472
001551432 93904
001551433 106560
001551434 60304
001551435 61184
001551436 63360
001551437 52480
001551438 75344
001551439 95680
001551440 41952
001551441 96992
001551442 92768
001551443 65616
001551444 88960
001551445 61920
001551446 85648
001551447 72528
001551448 65648
001551449 62464
001551450 65728
001551451 88912
001551452 92320
001551453 92672
001551454 50544
001551456 90800
001551457 104000
001551458 112224
001551459 55520
001551460 69632
001551461 84704
001551462 53712
001551463 87584
001551464 75840
001551465 61280
001551466 67744
001551467 64032
001551468 65664
001551469 76160
001551470 68336
001551471 55184
001551472 82384
001551473 60160
001551474 54032
001551475 80272
001551476 72896
001551477 82560
001551478 56736
001551479 81488
001551480 104480
001551481 85600
001551482 85456
001551483 68928
001551484 60416
001551485 70400
001551486 69760
001551487 87200
001551488 55600
001551489 82080
001551490 53440
001551491 60240
001551492 69440
001551493 62768
001551494 61792
001551495 58080
001551496 83344
001551497 63328
001551498 80112
001551499 75840
001551500 64959
001551501 99796
001551502 128160
001551503 144000
001551504 116368
001551505 55360
001551506 104048
001551507 82512
001551508 55072
001551509 83456
001551510 135072
001551511 139584
001551512 100320
001551513 108224
001551514 141488
001551515 132000
001551516 138432
001551517 67024
001551518 103712
001551519 82976
001551520 95968
001551521 60960
001551522 63680
001551523 47680
001551524 129616
001551525 103680
001551526 92368
001551527 69040
001551528 58608
001551529 53360
001551530 133600
001551531 146128
001551532 96960
001551533 114048
001551534 90352
001551535 83792
001551536 117088
001551537 51216
001551538 71664
001551539 56640
001551540 90816
001551541 147856
001551542 99568
001551543 88048
001551544 109600
001551545 137120
001551546 46256
001551547 102720
001551548 57120
001551549 127152
001551550 145957
001551551 148640
001551552 81664
001551553 137280
001551554 102240
001551555 91200
001551556 115152
001551557 73552
001551558 150880
001551559 101760
001551560 158624
001551561 95680
001551562 83424
001551563 121936
001551564 67984
001551565 58880
001551566 43040
001551567 97120
001551568 104000
001551569 98384
001551570 76896
001551571 189675
001551572 130816
001551573 104320
001551574 151088
001551575 52160
001551576 108144
001551577 54976
001551578 82832
001551579 106704
001551580 58912
001551581 57408
001551582 84816
001551583 95712
001551584 46704
001551585 119819
001551586 75488
001551587 108400
001551588 172960
001551589 48272
001551590 124784
001551591 73120
001551592 64480
001551593 65152
001551594 111520
001551595 93376
001551596 65152
001551597 83488
001551598 125120
001551599 48528
001551600 88000
001551601 106720
001551602 100976
001551603 69728
001551604 113728
001551605 149088
001551606 81472
001551607 50736
001551608 88320
001551609 109360
001551610 115520
001551611 115872
001551612 92592
001551613 82661
001551614 70512
001551615 115360
001551616 102320
001551617 112320
001551618 151360
001551619 127200
001551620 53232
001551621 136960
001551622 89376
001551623 66720
001551624 95520
001551625 131024
001551626 51344
001551627 136320
001551628 85952
001551629 68160
001551630 104320
001551631 117344
001551632 64751
001551633 84880
001551634 127504
001551635 56320
001551636 59040
001551637 74928
001551638 69440
001551639 107360
001551640 94768
001551641 91328
001551642 51360
001551643 63200
001551644 112480
001551645 132128
001551646 111637
001551647 69568
001551648 64319
001551649 111840
001551650 95840
001551651 49408
001551652 74896
001551653 63728
001551654 68160
001551655 61936
001551656 59728
001551657 108896
001551658 102080
001551659 147680
001551660 118160
001551661 98080
001551662 79456
001551663 138720
001551665 140000
001551666 125600
001551667 90560
001551668 72027
001551669 131504
001551670 98752
001551671 124948
001551672 77248
001551673 83040
001551674 118080
001551675 109856
001551676 144000
001551677 52624
001551678 117280
001551679 63456
001551680 73008
001551681 115408
001551682 94512
001551683 104416
001551684 80320
001551685 174340
001551686 99680
001551687 83840
001551688 99024
001551689 63520
001551690 131039
001551691 116512
001551692 53328
001551693 124800
001551694 132064
001551695 99360
001551696 93536
001551697 48704
001551698 152160
001551699 39648
001551700 83680
001551701 85424
001551702 66880
001551703 61600
001551704 125056
001551705 48416
001551706 48320
001551707 78560
001551708 120640
001551709 48832
001551710 80320
001551711 119680
001551712 111328
001551713 112768
001551714 90256
001551715 134560
001551716 125296
001551717 112388
001551718 107200
001551719 131776
001551720 150480
001551721 62320
001551722 65263
001551723 54656
001551724 77632
001551725 107707
001551726 108160
001551727 81264
001551728 124528
001551729 118496
001551730 134725
001551731 71808
001551732 89680
001551733 86720
001551734 69920
001551735 116800
001551736 125920
001551737 138720
001551738 86032
001551739 47424
001551740 123792
001551741 67456
001551742 75040
001551743 122208
001551744 70672
001551745 131200
001551746 67813
001551747 79840
001551748 120608
001551749 140560
001551750 97088
001551751 52848
001551752 177360
001551753 55824
001551754 63312
001551755 59520
001551756 118608
001551757 119008
001551758 121616
001551759 93760
001551760 90320
001551761 75040
001551762 148208
001551763 90032
001551764 182240
001551765 147796
001551766 71360
001551767 139376
001551768 92416
001551769 92800
001551770 81760
001551771 97024
001551772 70656
001551773 42192
001551774 122080
001551775 114080
001551776 95040
001551777 46880
001551778 55360
001551779 112640
001551780 78240
001551781 56880
001551782 139680
001551783 85760
001551784 105184
001551785 51296
001551786 61760
001551787 63472
001551788 120960
001551789 102080
001551790 124128
001551791 137748
001551792 53280
001551793 147952
001551794 91328
001551795 121120
001551796 64319
001551797 92480
001551798 128479
001551799 37264
001551800 124480
001560001 56000
001560002 148160
001560003 85120
001560004 114080
001560005 125120
001560006 80640
001560007 98720
001560008 87776
001560009 77440
001560010 95520
001560011 75072
001560012 110368
001560013 85408
001560014 119840
001560015 99920
001560016 142336
001560017 79040
001560018 94096
001560019 136464
001560020 85856
001560021 47024
001560022 62720
001560023 70640
001560024 56976
001560025 78944
001560026 55232
001560027 53760
001560028 45808
001560029 56000
001560030 59616
001560031 65552
001560032 62688
001560033 79712
001560034 96304
001560035 47600
001560036 54080
001560037 76352
001560038 56960
001560039 57600
001560040 65312
001560041 32896
001560042 35152
001560043 59680
001560044 44576
001560045 39344
001560046 43248
001560047 45600
001560048 82400
001560049 50720
001560050 52960
001560051 40896
001560052 71232
001560053 40288
001560054 37600
001560055 58720
001560056 62672
001560057 65760
001560058 60544
001560059 54000
001560060 61968
001560061 55520
001560062 52800
001560063 73440
001560064 56800
001560065 59200
001560066 52704
001560067 56128
001560068 69280
001560069 65280
001560070 57920
001560071 49072
001560072 64688
001560073 67840
001560074 83840
001560075 56640
001560076 85456
001560077 52160
001560078 79520
001560079 62880
001560080 41632
001560081 52960
001560082 81120
001560083 56000
001560084 59536
001560085 64959
001560086 63696
001560087 67200
001560088 69024
001560089 93264
001560090 69440
001560091 77584
001560092 106800
001560093 78720
001560094 66240
001560095 68800
001560096 58880
001560097 60480
001560098 85504
001560099 62016
001560100 66560
001560101 119216
001560102 44480
001560103 98720
001560104 76800
001560105 96160
001560106 72160
001560107 98704
001560108 92960
001560109 111568
001560110 67200
001560111 49600
001560112 93600
001560113 110080
001560114 62304
001560115 91488
001560116 103680
001560117 102544
001560118 52704
001560119 50592
001560120 120960
001560121 74528
001560122 65536
001560123 44112
001560124 63680
001560125 83648
001560126 84432
001560127 127904
001560128 90992
001560129 53520
001560130 80672
001560131 39904
001560132 93328
001560133 102432
001560134 99680
001560135 116576
001560136 107232
001560137 115840
001560138 68416
001560139 77760
001560140 45280
001560141 52816
001560142 105056
001560143 102848
001560144 130240
001560145 81568
001560146 83680
001560147 78400
001560148 36624
001560149 69696
001560150 88560
001560151 108640
001560152 44800
001560153 105200
001560154 60960
001560155 87200
001560156 62720
001560157 57120
001560158 97216
001560159 49072
001560160 109120
001560161 65087
001560162 71632
001560163 113120
001560164 118560
001560165 68160
001560166 96192
001560167 70160
001560168 66240
001560169 58656
001560170 104000
001560171 115936
001560172 98208
001560173 120384
001560174 43296
001560175 55344
001560176 64367
001560177 51344
001560178 84832
001560179 64784
001560180 81136
001560181 115984
001560182 75696
001560183 37680
001560184 58112
001560185 69600
001560186 99520
001560187 127840
001560188 60672
001560189 99840
001560190 36608
001560191 113408
001560192 94640
001560193 87600
001560194 90448
001560195 73760
001560196 65888
001560197 80592
001560198 79760
001560199 78304
001560200 128639
001560201 49760
001560202 71200
001560203 56800
001560204 88640
001560205 52544
001560206 52960
001560207 80640
001560208 142080
001560209 43632
001560210 81296
001560211 85216
001560212 38368
001560213 109280
001560214 95376
001560215 95360
001560216 138560
001560217 95584
001560218 102336
001560219 93600
001560220 115840
001560221 81120
001560222 93568
001560223 84800
001560224 112000
001560225 97360
001560226 88160
001560227 59632
001560228 88000
001560229 43632
001560230 94400
001560231 113280
001560232 41664
001560233 135040
001560234 125760
001560235 56768
001560236 70240
001560237 38448
001560238 64319
001560239 107840
001560240 135200
001560241 91680
001560242 41184
001560243 86080
001560244 43648
001560245 122240
001560246 90352
001560247 93808
001560248 82960
001560249 63904
001560250 92000
001560251 130720
001560252 77296
001560253 113280
001560254 95648
001560255 34976
001560256 51040
001560257 92032
001560258 91824
001560259 47200
001560260 73280
001560261 98464
001560262 70992
001560263 88336
001560264 36944
001560265 89312
001560266 95120
001560267 44992
001560268 171872
001560269 123680
001560270 66176
001560271 86960
001560272 56800
001560273 67200
001560274 51536
001560275 132960
001560276 102768
001560277 46560
001560278 117280
001560279 72000
001560280 117776
001560281 38752
001560282 117728
001560283 77904
001560284 122880
001560285 99008
001560286 109328
001560287 93552
001560288 129520
001560289 93280
001560290 59664
001560291 75632
001560292 52528
001560293 78720
001560294 79200
001560295 79248
001560296 77008
001560297 97632
001560298 105568
001560299 69456
001560300 79072
001560301 103792
001560302 104000
001560303 50272
001560304 89728
001560305 105168
001560306 120272
001560307 60000
001560308 105456
001560309 87840
001560310 79712
001560311 125920
001560312 114208
001560313 72400
001560314 141760
001560315 122368
001560316 74848
001560317 68960
001560318 61200
001560319 87200
001560320 77280
001560321 57920
001560322 86400
001560323 121104
001560324 47200
001560325 67104
001560326 85616
001560327 86208
001560328 58192
001560329 60064
001560330 117120
001560331 65872
001560332 76816
001560333 61888
001560334 103632
001560335 70192
001560336 46752
001560337 82704
001560338 96320
001560339 79712
001560340 66592
001560341 104368
001560342 61760
001560343 62896
001560344 96544
001560345 67808
001560346 106864
001560347 45760
001560348 93472
001560349 107568
001560350 93920
001560351 123232
001560352 62880
001560353 89600
001560354 45920
001560355 90160
001560356 64672
001560357 168000
001560358 58928
001560359 113936
001560360 105888
001560361 86432
001560362 99200
001560363 61280
001560364 79264
001560365 62544
001560366 56144
001560367 58512
001560368 58880
001560369 78688
001560370 54512
001560371 85600
001560372 84912
001560373 92048
001560374 79664
001560375 109920
001560376 97984
001560377 65504
001560378 116880
001560379 128735
001560380 54592
001560381 64800
001560382 62816
001560383 44800
001560384 81136
001560385 105872
001560386 64128
001560387 92992
001560388 123200
001560389 48400
001560390 54992
001560391 53664
001560392 64480
001560393 64751
001560394 51072
001560395 119952
001560396 58544
001560397 86912
001560398 109408
001560399 88480
001560400 68144
001561403 65135
001561404 77872
001561405 63696
001561407 61136
001561408 69024
001561409 43936
001561410 52432
001561411 77360
001561412 73856
001561413 41584
001561414 81808
001561415 56160
001561416 69008
001561417 82272
001561418 56960
001561419 53920
001561420 44528
001561421 39168
001561422 51696
001561423 46016
001561424 54560
001561425 55040
001561426 55856
001561427 65952
001561428 49856
001561429 44912
001561430 62496
001561431 48960
001561432 75056
001561433 78816
001561434 62656
001561435 58720
001561436 66464
001561437 49840
001561438 71824
001561439 86752
001561440 41344
001561441 73616
001561442 71776
001561443 73088
001561444 81856
001561445 51520
001561446 68368
001561447 61440
001561448 60160
001561449 57008
001561450 69120
001561451 76528
001561452 80368
001561453 68400
001561454 41056
001561455 77792
001561456 63760
001561457 71536
001561458 88560
001561459 57920
001561460 53040
001561461 61936
001561462 44224
001561463 76480
001561464 66880
001561465 53120
001561466 72480
001561467 54944
001561468 59408
001561469 63808
001561470 63760
001561471 55360
001561472 64879
001561473 46160
001561474 52784
001561475 72320
001561476 60016
001561477 71392
001561478 53552
001561479 70128
001561480 93376
001561481 66512
001561482 59408
001561483 54800
001561484 49696
001561485 57920
001561486 54384
001561487 73904
001561488 54800
001561489 80640
001561490 54000
001561491 49520
001561492 58032
001561493 47088
001561494 56080
001561495 52848
001561496 70320
001561497 49760
001561498 54992
001561499 66880
001561500 65263
001561501 55776
001561502 71136
001561503 91200
001561504 82400
001561505 95200
001561506 55840
001561507 66688
001561508 103840
001561509 138016
001561510 63936
001561511 71360
001561512 44800
001561513 65456
001561514 54896
001561515 62080
001561516 92864
001561517 75296
001561518 67200
001561519 121744
001561520 104912
001561521 59936
001561522 116672
001561523 139808
001561524 90512
001561525 81440
001561526 115200
001561527 110704
001561528 56288
001561529 62880
001561530 80880
001561531 119360
001561532 134464
001561533 107776
001561534 73072
001561535 90080
001561536 54880
001561537 83040
001561538 108464
001561539 134736
001561540 96656
001561541 66208
001561542 48960
001561543 97904
001561544 72544
001561545 69264
001561546 82080
001561547 54496
001561548 79536
001561549 95648
001561550 63040
001561551 55040
001561552 44544
001561553 82144
001561554 55152
001561555 103360
001561556 87008
001561557 125264
001561558 64560
001561559 56000
001561560 114880
001561561 57488
001561562 116000
001561563 105488
001561564 67792
001561565 58592
001561566 99424
001561567 84784
001561568 110400
001561569 70160
001561570 92480
001561571 73440
001561572 104160
001561573 117488
001561574 67568
001561575 114560
001561576 65519
001561577 71984
001561578 81856
001561579 123136
001561580 148752
001561581 83040
001561582 64480
001561583 60048
001561584 92592
001561585 48624
001561586 80960
001561587 75888
001561588 42080
001561589 67680
001561590 65920
001561591 70080
001561592 141616
001561593 75952
001561594 140352
001561595 63664
001561596 102240
001561597 77360
001561598 103888
001561599 57056
001561600 51936
001561601 81296
001561603 45024
001561604 57280
001561605 66240
001561606 44160
001561607 85728
001561608 111040
001561609 50880
001561610 74608
001561611 127184
001561612 92064
001561613 68320
001561614 73120
001561615 91184
001561616 56480
001561617 74640
001561618 80160
001561619 63024
001561620 55216
001561621 99776
001561622 89680
001561623 102048
001561624 43680
001561625 55360
001561626 113760
001561627 144000
001561628 92224
001561629 63200
001561630 150352
001561631 98048
001561632 104160
001561633 77728
001561634 151264
001561635 50768
001561636 84800
