001470348 9
001470349 17
001470350 9
001470351 29
001470352 12
001470353 7
001470354 21
001470355 12
001470356 14
001470357 13
001470358 15
001470359 17
001470360 25
001470361 13
001470362 12
001470363 22
001470364 10
001470365 13
001470366 14
001470367 21
001470368 17
001470369 18
001470370 29
001470371 16
001470372 14
001470373 16
001470374 22
001470375 10
001470376 18
001470377 21
001470378 20
001470379 27
001470380 40
001470381 13
001470382 19
001470383 15
001470384 10
001470385 17
001470386 12
001470387 30
001470388 10
001470389 17
001470390 35
001470391 21
001470392 10
001470393 26
001470394 40
001470395 12
001470396 15
001470398 23
001470399 11
001470400 17
001471401 12
001471402 18
001471403 13
001471404 21
001471405 13
001471406 15
001471407 17
001471408 16
001471409 10
001471410 19
001471411 19
001471412 20
001471413 6
001471414 19
001471415 11
001471416 13
001471417 27
001471418 12
001471419 16
001471420 14
001471421 8
001471422 13
001471423 12
001471424 15
001471425 10
001471426 11
001471428 10
001471429 15
001471430 17
001471431 14
001471432 20
001471433 20
001471434 14
001471435 10
001471436 12
001471437 12
001471438 16
001471439 19
001471440 8
001471441 16
001471442 20
001471443 18
001471444 19
001471445 15
001471446 21
001471447 11
001471448 16
001471449 12
001471450 16
001471451 20
001471452 25
001471453 14
001471454 6
001471455 20
001471456 20
001471457 13
001471458 24
001471459 15
001471460 15
001471461 16
001471462 14
001471463 21
001471464 17
001471465 13
001471466 19
001471467 8
001471468 14
001471469 19
001471470 18
001471471 14
001471472 20
001471473 12
001471474 8
001471475 20
001471476 13
001471477 13
001471478 15
001471479 17
001471480 33
001471481 12
001471482 14
001471483 16
001471484 15
001471485 10
001471486 8
001471487 17
001471488 9
001471489 24
001471490 13
001471491 15
001471492 17
001471493 11
001471494 13
001471495 12
001471496 21
001471497 14
001471498 15
001471499 14
001471500 17
001471501 23
001471502 12
001471503 14
001471504 29
001471505 22
001471506 30
001471507 9
001471508 7
001471509 29
001471510 16
001471511 16
001471512 23
001471513 13
001471514 16
001471515 14
001471517 27
001471518 22
001471519 42
001471520 16
001471521 9
001471522 9
001471523 25
001471524 19
001471525 12
001471526 28
001471527 20
001471528 18
001471529 19
001471530 5
001471531 16
001471532 9
001471533 7
001471534 26
001471535 9
001471536 13
001471537 11
001471538 13
001471539 15
001471540 26
001471541 19
001471542 24
001471543 5
001471544 11
001471545 19
001471546 18
001471547 15
001471548 19
001471549 10
001471550 31
001471551 9
001471552 19
001471553 22
001471554 15
001471555 17
001471557 28
001471558 17
001471559 13
001471560 14
001471561 24
001471562 35
001471563 20
001471564 15
001471565 8
001471566 16
001471567 18
001471568 11
001471569 17
001471570 12
001471571 30
001471572 22
001471573 39
001471574 13
001471575 16
001471576 33
001471577 9
001471578 28
001471579 34
001471580 32
001471581 28
001471582 14
001471584 6
001471585 8
001471586 27
001471587 20
001471588 25
001471589 24
001471590 22
001471591 19
001471592 20
001471593 17
001471594 16
001471595 20
001471596 14
001471597 21
001471598 26
001471599 32
001471600 12
001471601 12
001471602 8
001471603 9
001471604 14
001471605 25
001471606 29
001471607 25
001471608 22
001471609 17
001471610 29
001471611 9
001471612 23
001471613 19
001471614 17
001471615 17
001471616 12
001471617 18
001471618 18
001471619 30
001471620 17
001471621 35
001471622 13
001471623 16
001471624 21
001471625 17
001471626 15
001471627 6
001471628 21
001471629 22
001471630 5
001471631 11
001471632 27
001471633 17
001471634 6
001471635 29
001471636 16
001471637 19
001471638 11
001471639 23
001471640 13
001471641 21
001471642 20
001471643 13
001471644 15
001471645 12
001471646 17
001471647 7
001471648 11
001471649 9
001471650 32
001471651 23
001471652 11
001471653 12
001471654 31
001471655 26
001471656 16
001471657 15
001471658 7
001471659 6
001471660 41
001471661 12
001471662 30
001471663 27
001471664 12
001471665 14
001471666 12
001471667 6
001471668 25
001471669 38
001471670 19
001471671 10
001471672 26
001471673 20
001471674 25
001471675 9
001471676 7
001471677 10
001471678 21
001471679 37
001471680 12
001471681 39
001471682 19
001471683 21
001471684 16
001471685 11
001471686 14
001471687 41
001471688 15
001471689 23
001471690 11
001471691 24
001471692 22
001471693 9
001471694 24
001471695 23
001471696 27
001471697 15
001471698 23
001471699 26
001471700 14
001471701 14
001471702 41
001471703 30
001471704 57
001471705 34
001471706 32
001471707 31
001471708 18
001471709 20
001471710 26
001471711 22
001471712 17
001471713 8
001471714 23
001471715 5
001471716 21
001471717 23
001471718 19
001471719 15
001471720 16
001471721 16
001471722 16
001471723 28
001471724 20
001471725 25
001471726 34
001471727 14
001471728 10
001471729 11
001471730 19
001471731 12
001471732 29
001471733 26
001471734 11
001471735 16
001471736 29
001471737 35
001471738 17
001471739 25
001471740 29
001471741 8
001471742 18
001471743 14
001471744 10
001471745 30
001471746 16
001471747 25
001471748 23
001471749 9
001471750 9
001471751 15
001471752 57
001471753 19
001471754 30
001471755 14
001471756 18
001471757 15
001471758 23
001471759 12
001471760 29
001471761 28
001471762 16
001471763 17
001471764 27
001471765 22
001471766 36
001471767 22
001471768 27
001471769 27
001471770 12
001471771 25
001471772 15
001471773 9
001471774 5
001471775 21
001471776 13
001471777 26
001471778 25
001471779 10
001471780 28
001471781 20
001471782 22
001471783 24
001471784 21
001471785 15
001471786 7
001471787 5
001471788 23
001471789 21
001471790 35
001471791 6
001471792 8
001471793 22
001471794 9
001471795 15
001471796 28
001471797 15
001471798 31
001471799 11
001471800 20
001480001 10
001480002 43
001480003 16
001480004 38
001480005 35
001480006 20
001480007 30
001480008 24
001480009 14
001480010 27
001480012 34
001480013 20
001480014 37
001480015 27
001480016 46
001480017 18
001480018 25
001480019 42
001480020 22
001480021 7
001480022 11
001480023 14
001480024 12
001480025 20
001480026 8
001480027 12
001480028 8
001480029 11
001480030 14
001480031 15
001480032 19
001480033 20
001480034 20
001480035 7
001480036 8
001480037 17
001480038 10
001480039 11
001480040 14
001480041 4
001480042 4
001480043 14
001480044 10
001480045 6
001480046 9
001480047 10
001480048 15
001480049 7
001480050 14
001480051 11
001480052 17
001480053 8
001480054 7
001480055 12
001480056 13
001480057 16
001480058 14
001480059 9
001480060 14
001480061 17
001480062 11
001480063 20
001480064 13
001480066 8
001480067 11
001480068 13
001480069 20
001480070 19
001480071 14
001480072 12
001480073 15
001480074 14
001480075 13
001480076 18
001480077 7
001480078 20
001480079 14
001480080 10
001480081 13
001480082 17
001480083 14
001480084 12
001480085 11
001480086 14
001480087 15
001480088 15
001480089 21
001480090 23
001480091 15
001480092 35
001480093 16
001480094 13
001480095 14
001480096 15
001480097 13
001480098 19
001480099 17
001480100 17
001480101 29
001480102 22
001480103 29
001480104 16
001480105 44
001480106 17
001480107 12
001480108 45
001480109 13
001480110 24
001480111 14
001480112 9
001480113 15
001480114 14
001480115 39
001480116 23
001480117 24
001480118 15
001480119 16
001480120 22
001480121 10
001480122 17
001480123 20
001480124 10
001480125 17
001480126 22
001480127 8
001480128 27
001480129 22
001480130 11
001480131 10
001480132 8
001480133 26
001480134 15
001480135 28
001480136 6
001480137 13
001480138 20
001480139 21
001480140 12
001480141 14
001480142 15
001480143 11
001480145 10
001480146 20
001480147 17
001480148 25
001480149 22
001480150 11
001480151 19
001480152 38
001480153 22
001480154 28
001480155 16
001480156 13
001480157 30
001480158 13
001480159 7
001480160 31
001480161 15
001480162 35
001480163 19
001480164 28
001480165 15
001480166 19
001480167 18
001480168 25
001480169 12
001480170 21
001480171 21
001480172 26
001480173 10
001480174 33
001480175 35
001480176 7
001480177 8
001480178 22
001480179 8
001480180 15
001480181 13
001480182 14
001480184 28
001480185 8
001480186 15
001480187 19
001480188 15
001480189 15
001480190 18
001480191 11
001480192 6
001480194 17
001480195 16
001480196 18
001480197 20
001480198 19
001480199 23
001480200 16
001480201 17
001480202 33
001480203 19
001480204 26
001480205 24
001480206 19
001480207 34
001480208 26
001480210 15
001480211 15
001480212 13
001480213 20
001480215 22
001480216 24
001480217 19
001480218 19
001480219 33
001480220 26
001480221 30
001480222 9
001480223 25
001480224 12
001480225 18
001480226 18
001480227 26
001480228 14
001480229 19
001480230 22
001480231 37
001480232 19
001480234 18
001480235 18
001480236 22
001480237 17
001480238 8
001480239 13
001480240 25
001480241 22
001480242 15
001480243 15
001480244 21
001480245 5
001480246 8
001480247 22
001480248 22
001480249 13
001480250 16
001480251 13
001480253 27
001480254 8
001480255 16
001480257 28
001480258 14
001480259 15
001480260 6
001480263 6
001480265 16
001480266 18
001480267 24
001480268 8
001480269 29
001480270 16
001480271 24
001480272 14
001480273 21
001480274 10
001480275 15
001480276 16
001480277 20
001480278 23
001480279 25
001480280 17
001480281 18
001480283 28
001480284 11
001480285 21
001480286 30
001480287 16
001480288 16
001480289 15
001480290 43
001480291 17
001480292 28
001480293 34
001480294 20
001480295 19
001480296 5
001480297 9
001480299 34
001480300 19
001480301 10
001480302 19
001480303 25
001480304 12
001480305 12
001480306 15
001480307 32
001480308 9
001480309 24
001480310 36
001480311 11
001480312 31
001480313 24
001480315 21
001480316 13
001480317 31
001480318 33
001480319 16
001480320 18
001480321 24
001480323 19
001480324 11
001480325 23
001480326 41
001480327 23
001480328 23
001480329 20
001480330 16
001480331 11
001480332 11
001480333 17
001480334 19
001480335 11
001480336 21
001480337 30
001480338 21
001480339 25
001480340 23
001480341 25
001480342 16
001480343 9
001480344 37
001480345 20
001480346 20
001480347 13
001480349 19
001480352 14
001480353 17
001480354 21
001480355 22
001480356 21
001480358 31
001480359 29
001480360 36
001480361 20
001480362 16
001480363 28
001480364 17
001480365 45
001480366 20
001480367 13
001480368 10
001480369 15
001480370 8
001480371 15
001480373 24
001480374 36
001480376 19
001480377 15
001480378 34
001480379 9
001480380 14
001480381 10
001480382 7
001480383 17
001480384 15
001480385 12
001480386 26
001480387 15
001480388 26
001480389 16
001480390 19
001480391 24
001480392 7
001480393 30
001480394 13
001480395 20
001480396 6
001480397 18
001480398 12
001480399 18
001490001 10
001490002 41
001490003 16
001490004 33
001490005 35
001490006 21
001490007 30
001490008 24
001490009 14
001490010 28
001490011 20
001490012 34
001490013 20
001490014 38
001490015 27
001490016 46
001490017 18
001490018 26
001490019 42
001490020 23
001490021 7
001490022 11
001490023 14
001490024 12
001490025 20
001490026 8
001490027 12
001490028 8
001490029 11
001490030 14
001490031 15
001490032 19
001490033 20
001490034 20
001490035 7
001490036 8
001490037 17
001490038 10
001490039 11
001490040 14
001490041 4
001490042 4
001490043 14
001490044 10
001490045 6
001490046 9
001490047 10
001490048 15
001490049 7
001490050 14
001490051 11
001490052 17
001490053 8
001490054 7
001490055 12
001490056 13
001490057 16
001490058 14
001490059 9
001490060 14
001490061 17
001490062 11
001490063 20
001490064 13
001490065 18
001490066 8
001490067 11
001490068 13
001490069 20
001490070 19
001490071 14
001490072 12
001490073 17
001490074 14
001490075 13
001490076 18
001490077 7
001490078 20
001490079 14
001490080 10
001490081 13
001490082 17
001490083 14
001490084 13
001490085 11
001490086 14
001490087 15
001490088 15
001490089 21
001490090 22
001490091 15
001490092 36
001490093 16
001490094 13
001490095 14
001490096 14
001490097 13
001490098 19
001490099 16
001490100 17
001490101 27
001490102 16
001490103 14
001490104 18
001490105 19
001490106 19
001490107 19
001490108 18
001490109 21
001490110 15
001490111 6
001490112 24
001490113 33
001490114 20
001490115 12
001490116 17
001490117 11
001490118 26
001490119 10
001490120 10
001490121 34
001490122 15
001490123 22
001490124 33
001490125 18
001490126 27
001490127 32
001490128 31
001490129 12
001490130 11
001490131 8
001490132 43
001490133 10
001490134 14
001490135 10
001490136 14
001490137 25
001490138 17
001490139 15
001490140 10
001490141 26
001490142 11
001490143 16
001490144 28
001490145 14
001490146 32
001490147 6
001490148 17
001490149 24
001490150 17
001490151 17
001490152 22
001490153 9
001490154 17
001490155 11
001490156 25
001490157 7
001490158 35
001490159 31
001490160 23
001490161 20
001490162 6
001490163 26
001490164 26
001490165 13
001490166 10
001490167 23
001490168 33
001490169 18
001490170 18
001490171 32
001490172 15
001490173 34
001490174 26
001490175 29
001490176 18
001490177 30
001490178 18
001490179 19
001490180 18
001490181 26
001490182 10
001490183 22
001490184 26
001490185 23
001490186 33
001490187 25
001490188 29
001490189 12
001490190 32
001490191 9
001490192 25
001490193 27
001490194 13
001490195 10
001490196 20
001490197 24
001490198 14
001490199 13
001490200 7
001490201 8
001490202 8
001490203 15
001490204 12
001490205 23
001490206 25
001490207 9
001490208 16
001490209 23
001490210 12
001490211 15
001490212 19
001490213 31
001490214 20
001490215 17
001490216 25
001490217 9
001490218 14
001490219 16
001490220 31
001490221 24
001490222 16
001490223 23
001490224 15
001490225 12
001490226 12
001490227 17
001490228 26
001490229 40
001490230 18
001490231 31
001490232 21
001490233 9
001490234 21
001490235 14
001490236 12
001490237 32
001490238 16
001490239 16
001490240 21
001490241 11
001490242 16
001490243 20
001490244 17
001490245 20
001490246 22
001490247 29
001490248 7
001490249 22
001490250 19
001490251 15
001490252 22
001490253 29
001490254 21
001490255 20
001490256 24
001490257 16
001490258 35
001490259 32
001490260 13
001490261 8
001490262 31
001490263 16
001490264 22
001490265 21
001490266 5
001490267 31
001490268 16
001490269 12
001490270 34
001490271 22
001490272 18
001490273 29
001490274 8
001490275 25
001490276 7
001490277 23
001490278 13
001490279 21
001490280 9
001490281 13
001490282 11
001490283 13
001490284 10
001490285 7
001490286 22
001490287 27
001490288 8
001490289 29
001490290 10
001490291 14
001490292 11
001490293 21
001490294 13
001490295 34
001490296 11
001490297 26
001490298 19
001490299 13
001490300 14
001490301 22
001490302 21
001490303 18
001490304 27
001490305 30
001490306 13
001490307 14
001490308 26
001490309 24
001490310 26
001490311 19
001490312 27
001490313 13
001490314 11
001490315 8
001490316 18
001490317 7
001490318 14
001490319 25
001490320 22
001490321 17
001490322 21
001490323 19
001490324 8
001490325 18
001490326 13
001490327 18
001490328 37
001490329 9
001490330 23
001490331 23
001490332 15
001490333 22
001490334 21
001490335 18
001490336 12
001490337 26
001490338 9
001490339 11
001490340 16
001490341 25
001490342 21
001490343 9
001490344 20
001490345 13
001490346 23
001490347 17
001490348 29
001490349 16
001490350 16
001490351 9
001490352 5
001490353 5
001490354 18
001490355 17
001490356 20
001490357 24
001490358 34
001490359 18
001490361 18
001490362 22
001490363 11
001490364 10
001490365 16
001490366 21
001490367 9
001490368 24
001490369 15
001490370 19
001490371 17
001490372 6
001490373 25
001490374 25
001490375 21
001490376 18
001490377 20
001490378 19
001490379 21
001490380 17
001490381 26
001490382 22
001490383 12
001490384 23
001490385 15
001490386 18
001490387 23
001490388 21
001490389 12
001490390 16
001490391 24
001490392 22
001490393 13
001490394 17
001490395 16
001490396 6
001490397 21
001490398 36
001490399 18
001490400 22
001491401 12
001491402 18
001491403 18
001491404 21
001491405 13
001491406 15
001491407 17
001491408 16
001491409 10
001491410 19
001491411 19
001491412 21
001491413 6
001491414 19
001491415 11
001491416 13
001491417 27
001491418 12
001491419 16
001491420 14
001491421 8
001491422 13
001491423 10
001491424 15
001491425 10
001491426 12
001491427 22
001491428 10
001491429 15
001491430 17
001491431 14
001491432 20
001491433 19
001491434 14
001491435 10
001491436 12
001491437 12
001491438 16
001491439 19
001491440 8
001491441 17
001491442 20
001491443 18
001491444 19
001491445 15
001491446 21
001491447 11
001491448 16
001491449 12
001491450 16
001491451 21
001491452 25
001491453 15
001491454 6
001491455 20
001491456 20
001491457 13
001491458 23
001491459 15
001491460 15
001491461 16
001491462 14
001491463 21
001491464 16
001491465 13
001491466 19
001491467 9
001491468 15
001491469 19
001491470 18
001491471 14
001491472 20
001491473 12
001491474 8
001491475 20
001491476 14
001491477 13
001491478 14
001491479 17
001491480 33
001491481 12
001491482 14
001491483 17
001491484 15
001491485 10
001491486 8
001491487 18
001491488 15
001491489 25
001491490 13
001491491 15
001491492 16
001491493 11
001491494 13
001491495 12
001491496 21
001491497 15
001491498 15
001491499 14
001491500 18
001491501 31
001491502 25
001491503 24
001491504 16
001491505 22
001491506 20
001491507 44
001491508 24
001491509 13
001491510 14
001491511 9
001491512 22
001491513 9
001491514 8
001491515 12
001491516 9
001491517 10
001491518 14
001491519 20
001491520 12
001491521 9
001491522 7
001491523 7
001491524 24
001491525 16
001491526 9
001491527 26
001491528 15
001491529 12
001491530 23
001491531 30
001491532 20
001491533 10
001491534 23
001491535 14
001491536 21
001491537 27
001491538 15
001491539 12
001491540 29
001491541 12
001491542 21
001491543 11
001491544 23
001491545 32
001491546 26
001491547 22
001491548 18
001491549 15
001491550 7
001491551 26
001491552 32
001491553 13
001491554 25
001491555 14
001491556 31
001491557 26
001491558 27
001491559 26
001491560 16
001491561 30
001491562 21
001491563 35
001491564 24
001491565 26
001491566 11
001491567 26
001491568 8
001491569 39
001491570 24
001491571 14
001491572 26
001491573 13
001491574 10
001491575 24
001491576 27
001491577 21
001491578 21
001491579 13
001491580 33
001491581 26
001491582 13
001491583 16
001491584 30
001491585 19
001491586 34
001491587 23
001491588 38
001491589 8
001491590 16
001491591 27
001491592 8
001491593 27
001491594 28
001491595 15
001491596 23
001491597 9
001491598 13
001491599 6
001491600 21
001491601 29
001491602 8
001491603 24
001491604 27
001491605 12
001491606 15
001491607 14
001491608 20
001491609 25
001491610 27
001491611 22
001491612 34
001491613 18
001491614 28
001491615 21
001491616 7
001491617 37
001491618 16
001491619 24
001491620 14
001491621 30
001491622 31
001491623 36
001491624 10
001491625 12
001491626 26
001491627 12
001491628 11
001491629 7
001491630 17
001491631 20
001491632 27
001491633 26
001491634 19
001491635 43
001491636 19
001491637 8
001491638 19
001491639 25
001491640 11
001491641 22
001491642 12
001491643 28
001491644 18
001491645 14
001491646 10
001491647 18
001491648 16
001491649 18
001491650 18
001491651 9
001491652 12
001491653 18
001491654 17
001491655 14
001491656 5
001491657 19
001491658 23
001491659 37
001491660 18
001491661 21
001491662 13
001491663 13
001491664 25
001491665 18
001491666 15
001491667 10
001491668 5
001491669 16
001491670 41
001491671 11
001491672 8
001491673 20
001491674 18
001491675 22
001491676 14
001491677 26
001491678 25
001491679 22
001491680 30
001491681 10
001491682 21
001491683 17
001491684 9
001491685 31
001491686 17
001491687 25
001491688 13
001491689 17
001491690 16
001491691 8
001491692 7
001491693 23
001491694 11
001491695 31
001491696 12
001491697 16
001491698 13
001491699 25
001491700 26
001491701 21
001491702 28
001491703 13
001491704 18
001491705 15
001491706 11
001491707 8
001491708 23
001491709 24
001491710 19
001491711 25
001491712 28
001491713 15
001491714 27
001491715 25
001491716 35
001491717 8
001491718 10
001491719 33
001491720 8
001491721 27
001491722 20
001491723 8
001491724 18
001491725 35
001491726 22
001491729 25
001491730 19
001491731 30
001491732 11
001491733 7
001491734 23
001491735 21
001491736 10
001491737 14
001491738 17
001491739 35
001491740 24
001491741 27
001491742 5
001491743 45
001491744 25
001491745 20
001491746 16
001491747 11
001491748 16
001491749 14
001491750 23
001491751 18
001491752 20
001491753 10
001491754 31
001491755 9
001491756 7
001491757 9
001491758 30
001491759 36
001491760 19
001491761 7
001491762 22
001491763 16
001491764 43
001491765 23
001491766 36
001491767 24
001491768 25
001491769 20
001491770 15
001491771 5
001491772 20
001491773 17
001491774 12
001491775 33
001491776 14
001491777 9
001491778 10
001491779 37
001491780 19
001491781 28
001491782 6
001491783 11
001491784 7
001491785 23
001491786 29
001491787 24
001491788 36
001491789 11
001491790 23
001491791 15
001491792 35
001491793 21
001491794 19
001491795 14
001491796 25
001491797 22
001491798 20
001491799 23
001491800 23
001510001 10
001510002 41
001510003 16
001510004 33
001510005 35
001510006 21
001510007 30
001510008 24
001510009 14
001510010 27
001510011 20
001510013 20
001510014 37
001510015 26
001510016 46
001510017 18
001510018 25
001510019 44
001510020 23
001510021 7
001510022 11
001510023 14
001510024 12
001510025 20
001510026 8
001510027 12
001510028 8
001510029 11
001510030 14
001510031 14
001510032 19
001510033 19
001510034 21
001510035 7
001510036 8
001510037 17
001510038 10
001510039 11
001510040 14
001510041 4
001510042 4
001510043 14
001510044 10
001510045 6
001510046 9
001510047 10
001510048 15
001510049 7
001510050 14
001510051 11
001510052 17
001510053 8
001510054 7
001510055 12
001510056 13
001510057 16
001510058 14
001510059 9
001510060 14
001510061 17
001510062 11
001510063 20
001510064 13
001510065 18
001510066 8
001510067 11
001510068 16
001510069 20
001510070 19
001510071 14
001510072 12
001510073 15
001510074 14
001510075 13
001510076 18
001510077 7
001510078 20
001510079 14
001510080 10
001510081 14
001510082 17
001510083 14
001510084 13
001510085 11
001510086 14
001510087 15
001510088 15
001510089 21
001510090 22
001510091 15
001510092 35
001510093 16
001510094 13
001510095 14
001510096 14
001510097 13
001510098 19
001510099 17
001510100 17
001510101 33
001510102 21
001510103 17
001510104 34
001510105 26
001510106 18
001510107 26
001510108 7
001510109 16
001510110 17
001510111 19
001510112 10
001510113 17
001510114 19
001510115 16
001510116 22
001510117 11
001510118 20
001510119 11
001510120 14
001510121 28
001510122 13
001510123 17
001510124 19
001510125 22
001510126 16
001510127 12
001510128 9
001510129 24
001510130 19
001510131 21
001510132 20
001510133 24
001510134 19
001510135 25
001510136 33
001510137 21
001510138 11
001510139 9
001510140 16
001510141 15
001510142 8
001510143 21
001510144 24
001510145 16
001510146 30
001510147 24
001510148 13
001510149 12
001510150 18
001510151 8
001510152 22
001510153 22
001510154 22
001510155 22
001510156 16
001510157 20
001510158 10
001510159 7
001510160 16
001510161 26
001510162 14
001510163 15
001510164 31
001510165 22
001510166 6
001510167 34
001510168 17
001510169 32
001510170 23
001510171 25
001510172 27
001510173 17
001510174 15
001510175 22
001510176 11
001510177 26
001510178 19
001510179 18
001510180 12
001510181 7
001510182 11
001510183 11
001510184 19
001510185 32
001510186 6
001510188 15
001510189 11
001510190 12
001510191 15
001510192 13
001510193 8
001510194 9
001510195 27
001510196 24
001510197 21
001510198 6
001510199 22
001510200 23
001510201 31
001510202 6
001510203 19
001510205 28
001510206 23
001510207 22
001510208 24
001510209 30
001510210 42
001510211 35
001510212 26
001510213 20
001510214 20
001510215 17
001510216 15
001510217 19
001510218 17
001510219 30
001510220 14
001510221 25
001510223 9
001510224 17
001510225 28
001510226 18
001510227 32
001510228 26
001510229 9
001510230 14
001510231 26
001510232 34
001510233 34
001510234 16
001510235 21
001510236 9
001510237 25
001510238 28
001510239 26
001510240 13
001510241 18
001510242 12
001510243 30
001510244 14
001510245 24
001510246 18
001510247 26
001510248 29
001510249 6
001510250 20
001510251 16
001510252 22
001510253 24
001510254 21
001510255 17
001510256 20
001510257 26
001510258 13
001510259 13
001510260 29
001510261 7
001510262 20
001510263 18
001510264 7
001510265 18
001510266 11
001510268 36
001510269 20
001510270 11
001510271 17
001510272 18
001510273 11
001510274 33
001510275 9
001510276 34
001510277 16
001510278 23
001510279 16
001510280 25
001510281 24
001510282 8
001510283 11
001510284 5
001510285 16
001510287 19
001510288 10
001510290 7
001510291 25
001510292 25
001510293 25
001510294 22
001510295 25
001510296 15
001510297 26
001510298 21
001510299 22
001510300 11
001510301 8
001510302 12
001510303 31
001510304 19
001510305 16
001510306 26
001510307 9
001510308 23
001510309 22
001510310 18
001510311 17
001510312 26
001510313 22
001510314 32
001510315 12
001510316 20
001510317 24
001510318 8
001510319 35
001510320 30
001510321 17
001510322 22
001510323 18
001510324 21
001510325 14
001510326 14
001510327 10
001510328 9
001510329 18
001510330 15
001510331 32
001510332 29
001510333 28
001510334 20
001510335 12
001510336 34
001510337 14
001510338 35
001510339 27
001510340 25
001510341 6
001510342 32
001510343 16
001510344 34
001510345 21
001510346 34
001510347 9
001510348 19
001510349 18
001510350 21
001510351 23
001510352 35
001510353 15
001510354 22
001510355 21
001510356 14
001510357 25
001510358 25
001510359 11
001510360 31
001510361 20
001510362 39
001510363 13
001510364 10
001510365 8
001510366 19
001510367 10
001510368 21
001510369 5
001510370 30
001510371 16
001510373 10
001510374 35
001510375 28
001510376 27
001510377 23
001510378 10
001510379 13
001510380 12
001510381 18
001510382 11
001510383 10
001510384 25
001510386 21
001510387 11
001510388 24
001510389 23
001510390 26
001510391 27
001510392 26
001510393 22
001510394 22
001510395 34
001510396 27
001510397 17
001510398 8
001510399 22
001510400 10
001511401 11
001511402 18
001511403 13
001511404 21
001511405 13
001511406 15
001511407 17
001511408 17
001511409 10
001511411 19
001511412 21
001511413 6
001511414 19
001511415 11
001511416 13
001511417 27
001511418 12
001511419 16
001511420 14
001511421 8
001511422 13
001511423 10
001511424 15
001511425 10
001511426 12
001511427 22
001511428 10
001511429 15
001511430 17
001511431 14
001511432 20
001511433 19
001511434 14
001511435 10
001511436 12
001511437 12
001511438 16
001511439 18
001511440 8
001511441 17
001511442 19
001511443 17
001511444 19
001511445 15
001511446 21
001511447 11
001511448 16
001511449 12
001511450 16
001511451 21
001511452 24
001511453 15
001511454 6
001511455 20
001511456 20
001511457 13
001511458 23
001511459 15
001511460 15
001511461 16
001511462 14
001511463 21
001511464 17
001511465 13
001511466 19
001511467 9
001511468 15
001511469 19
001511470 18
001511471 14
001511472 20
001511473 12
001511474 8
001511475 20
001511476 13
001511477 13
001511478 14
001511479 17
001511480 33
001511481 12
001511482 14
001511483 17
001511484 15
001511485 10
001511486 8
001511487 18
001511488 15
001511489 25
001511490 13
001511491 15
001511492 16
001511493 11
001511494 13
001511495 12
001511496 21
001511497 15
001511498 15
001511499 14
001511500 18
001511501 10
001511502 36
001511503 30
001511504 27
001511505 6
001511506 9
001511507 8
001511508 13
001511509 14
001511510 8
001511511 17
001511512 26
001511513 18
001511514 33
001511515 24
001511516 12
001511517 13
001511518 8
001511519 20
001511520 5
001511521 21
001511522 13
001511523 14
001511524 8
001511525 4
001511526 9
001511527 19
001511528 28
001511529 20
001511530 17
001511531 16
001511532 13
001511533 22
001511534 15
001511535 19
001511536 32
001511537 33
001511538 17
001511539 22
001511540 17
001511541 25
001511542 23
001511543 22
001511544 24
001511545 28
001511546 33
001511547 6
001511548 22
001511549 6
001511550 24
001511551 9
001511552 17
001511553 25
001511554 15
001511555 36
001511556 21
001511557 19
001511558 18
001511559 27
001511560 20
001511561 26
001511562 32
001511563 24
001511564 14
001511565 9
001511566 29
001511567 15
001511568 9
001511569 16
001511570 8
001511571 16
001511572 25
001511573 19
001511574 6
001511575 7
001511576 10
001511577 15
001511578 10
001511579 13
001511580 28
001511581 13
001511582 13
001511583 23
001511584 9
001511585 19
001511586 20
001511587 10
001511588 10
001511589 8
001511590 19
001511591 23
001511592 19
001511594 22
001511595 27
001511596 11
001511597 13
001511598 36
001511599 27
001511600 12
001511601 15
001511602 28
001511603 28
001511604 14
001511605 26
001511606 18
001511607 8
001511608 18
001511609 12
001511610 29
001511611 23
001511612 26
001511613 16
001511614 34
001511615 16
001511616 7
001511617 26
001511618 24
001511619 29
001511620 24
001511621 37
001511622 7
001511623 15
001511624 30
001511625 19
001511626 10
001511627 21
001511628 43
001511629 19
001511630 17
001511631 8
001511632 28
001511633 26
001511634 13
001511635 19
001511636 24
001511637 15
001511638 13
001511639 14
001511640 14
001511641 26
001511642 26
001511643 11
001511644 14
001511645 20
001511646 12
001511647 38
001511648 11
001511649 6
001511650 28
001511651 9
001511652 13
001511653 6
001511654 25
001511656 10
001511657 19
001511658 32
001511659 16
001511660 20
001511661 21
001511662 16
001511663 21
001511664 5
001511665 18
001511666 12
001511667 51
001511668 20
001511669 37
001511670 9
001511672 19
001511673 26
001511674 22
001511675 18
001511676 15
001511677 20
001511678 8
001511679 9
001511680 9
001511681 19
001511682 29
001511683 7
001511684 25
001511685 15
001511686 26
001511687 7
001511688 12
001511689 27
001511690 18
001511692 20
001511693 18
001511694 20
001511695 15
001511696 28
001511697 13
001511698 15
001511699 26
001511700 19
001511701 30
001511702 24
001511703 7
001511704 9
001511705 16
001511706 14
001511707 12
001511708 11
001511709 30
001511710 9
001511711 11
001511712 25
001511713 8
001511714 17
001511715 17
001511716 32
001511717 15
001511718 18
001511719 26
001511720 28
001511721 20
001511722 15
001511723 15
001511724 27
001511725 29
001511726 18
001511727 16
001511728 13
001511729 10
001511730 22
001511731 17
001511732 23
001511733 27
001511734 14
001511735 25
001511736 11
001511737 16
001511738 19
001511739 14
001511740 15
001511741 14
001511742 15
001511743 14
001511744 11
001511745 23
001511746 16
001511747 25
001511748 14
001511749 17
001511750 28
001511751 12
001511752 9
001511753 18
001511754 30
001511755 16
001511756 33
001511757 14
001511758 26
001511760 22
001511761 23
001511762 7
001511763 19
001511764 17
001511765 32
001511766 7
001511767 10
001511768 6
001511769 16
001511770 20
001511771 15
001511772 25
001511773 24
001511774 28
001511775 13
001511776 16
001511777 14
001511778 18
001511779 22
001511780 11
001511781 26
001511782 15
001511783 15
001511784 15
001511785 26
001511786 20
001511787 11
001511788 23
001511789 16
001511790 16
001511791 31
001511792 21
001511793 22
001511795 14
001511796 5
001511797 10
001511798 11
001511799 29
001511800 24
001520001 10
001520002 41
001520003 16
001520004 31
001520005 35
001520006 21
001520007 30
001520008 24
001520009 14
001520010 27
001520011 20
001520012 34
001520013 20
001520014 37
001520015 32
001520016 46
001520017 19
001520018 25
001520019 42
001520020 23
001520021 7
001520022 11
001520023 14
001520024 12
001520025 20
001520026 8
001520027 12
001520028 8
001520029 11
001520030 14
001520031 15
001520032 19
001520033 20
001520034 20
001520035 7
001520036 8
001520037 17
001520038 10
001520039 11
001520040 14
001520041 4
001520042 4
001520043 14
001520044 10
001520045 6
001520046 9
001520047 10
001520048 15
001520049 7
001520050 14
001520051 11
001520052 17
001520053 8
001520054 7
001520055 12
001520056 13
001520057 16
001520058 14
001520059 9
001520060 14
001520061 17
001520062 11
001520063 20
001520064 13
001520065 18
001520066 8
001520067 11
001520068 13
001520069 20
001520070 19
001520071 14
001520072 12
001520073 15
001520074 14
001520075 13
001520076 18
001520077 7
001520078 20
001520079 14
001520080 10
001520081 13
001520082 17
001520083 12
001520084 13
001520085 11
001520086 14
001520087 15
001520088 15
001520089 20
001520090 22
001520091 15
001520092 35
001520093 17
001520094 13
001520095 14
001520096 14
001520097 13
001520098 19
001520099 17
001520100 17
001520101 18
001520102 12
001520103 34
001520104 14
001520105 13
001520106 22
001520107 33
001520108 8
001520109 29
001520110 28
001520111 31
001520112 19
001520113 32
001520114 11
001520115 18
001520116 30
001520117 12
001520118 8
001520119 18
001520120 25
001520121 10
001520122 14
001520123 11
001520124 16
001520125 13
001520126 15
001520127 24
001520128 43
001520129 16
001520130 7
001520131 11
001520132 19
001520133 13
001520134 20
001520135 5
001520136 20
001520137 30
001520138 15
001520139 15
001520140 17
001520141 32
001520142 15
001520143 16
001520144 36
001520145 14
001520146 12
001520147 11
001520148 18
001520149 7
001520150 42
001520151 8
001520152 16
001520153 9
001520154 21
001520155 13
001520156 14
001520157 26
001520158 26
001520159 21
001520160 6
001520161 11
001520162 9
001520163 13
001520164 23
001520165 33
001520166 22
001520167 39
001520168 18
001520169 25
001520170 23
001520171 6
001520172 11
001520173 21
001520174 36
001520175 8
001520176 18
001520177 10
001520178 30
001520179 35
001520180 20
001520181 21
001520182 28
001520183 31
001520184 21
001520185 20
001520186 16
001520187 32
001520188 29
001520189 16
001520190 16
001520191 25
001520192 32
001520193 33
001520194 17
001520195 23
001520196 11
001520197 21
001520198 23
001520199 21
001520200 22
001520201 14
001520202 20
001520203 11
001520204 25
001520205 8
001520206 24
001520207 32
001520208 22
001520209 16
001520210 13
001520211 15
001520212 13
001520213 19
001520214 26
001520215 18
001520216 21
001520217 23
001520218 14
001520219 19
001520220 19
001520221 12
001520222 32
001520223 29
001520224 9
001520225 30
001520226 10
001520227 27
001520228 13
001520229 8
001520230 11
001520231 12
001520232 32
001520233 19
001520234 6
001520235 9
001520236 10
001520237 16
001520238 30
001520239 19
001520240 27
001520241 20
001520242 20
001520243 23
001520244 11
001520245 25
001520246 30
001520247 22
001520248 7
001520249 12
001520250 6
001520251 7
001520252 26
001520253 12
001520254 16
001520255 16
001520256 13
001520257 19
001520258 19
001520259 31
001520260 21
001520261 9
001520262 23
001520263 15
001520264 27
001520265 15
001520266 16
001520267 25
001520268 13
001520269 28
001520270 6
001520271 15
001520272 17
001520273 14
001520274 15
001520275 13
001520276 41
001520277 7
001520278 23
001520279 8
001520280 7
001520281 12
001520282 14
001520283 12
001520284 17
001520285 12
001520286 25
001520287 11
001520288 21
001520289 22
001520290 25
001520291 34
001520292 31
001520293 30
001520294 18
001520295 14
001520296 21
001520297 35
001520298 12
001520299 19
001520300 11
001520301 27
001520302 20
001520303 23
001520304 22
001520305 19
001520306 11
001520307 16
001520308 20
001520309 19
001520310 17
001520311 11
001520312 19
001520313 20
001520314 29
001520315 10
001520316 27
001520317 17
001520318 23
001520319 21
001520320 12
001520321 27
001520322 21
001520323 13
001520324 13
001520325 32
001520326 18
001520327 16
001520328 30
001520329 16
001520330 10
001520331 17
001520332 10
001520333 12
001520334 19
001520335 16
001520336 14
001520337 26
001520338 24
001520339 26
001520340 10
001520341 34
001520342 33
001520343 29
001520344 20
001520345 14
001520346 10
001520347 24
001520348 11
001520349 20
001520350 16
001520351 24
001520352 11
001520353 24
001520354 30
001520355 15
001520356 10
001520357 12
001520358 18
001520359 16
001520360 17
001520361 13
001520362 32
001520363 30
001520364 8
001520365 13
001520366 27
001520367 9
001520368 8
001520369 23
001520370 36
001520371 19
001520372 21
001520373 27
001520374 15
001520375 15
001520376 32
001520377 21
001520378 17
001520379 15
001520380 16
001520381 18
001520382 19
001520383 15
001520384 34
001520385 26
001520386 23
001520387 21
001520388 30
001520389 37
001520390 25
001520391 30
001520392 13
001520393 20
001520394 28
001520395 24
001520396 21
001520397 12
001520398 13
001520399 19
001520400 16
001521401 12
001521402 18
001521403 13
001521404 21
001521405 13
001521406 15
001521407 17
001521408 16
001521409 10
001521410 19
001521411 19
001521412 21
001521413 6
001521414 19
001521415 9
001521416 13
001521417 27
001521418 10
001521419 16
001521420 14
001521421 8
001521422 13
001521423 10
001521424 15
001521425 10
001521426 12
001521427 22
001521428 10
001521429 15
001521430 17
001521431 14
001521432 20
001521433 19
001521434 14
001521435 10
001521436 12
001521437 12
001521438 16
001521439 20
001521440 8
001521441 17
001521442 20
001521443 17
001521444 19
001521445 14
001521446 21
001521447 11
001521448 16
001521449 12
001521450 16
001521451 21
001521452 25
001521453 15
001521454 6
001521455 20
001521456 20
001521457 13
001521458 22
001521459 15
001521460 15
001521461 17
001521462 14
001521463 21
001521464 16
001521465 13
001521466 19
001521467 9
001521468 15
001521469 19
001521470 18
001521471 14
001521472 20
001521473 12
001521474 8
001521475 20
001521476 13
001521477 13
001521478 14
001521479 17
001521480 33
001521481 12
001521482 14
001521483 17
001521484 15
001521485 10
001521486 8
001521487 18
001521488 15
001521489 25
001521490 13
001521491 15
001521492 16
001521493 11
001521494 13
001521495 12
001521496 21
001521497 15
001521498 15
001521499 14
001521500 18
001521501 15
001521502 14
001521503 30
001521504 33
001521505 16
001521506 10
001521507 15
001521508 23
001521509 32
001521510 28
001521511 19
001521512 21
001521513 26
001521514 29
001521515 39
001521516 22
001521517 6
001521520 21
001521521 10
001521522 15
001521523 31
001521524 17
001521525 9
001521526 14
001521527 13
001521528 22
001521529 40
001521530 15
001521531 23
001521532 7
001521533 8
001521534 16
001521535 15
001521536 8
001521537 8
001521538 19
001521539 5
001521540 20
001521541 42
001521542 13
001521543 10
001521544 6
001521545 21
001521546 5
001521547 23
001521548 17
001521549 35
001521550 42
001521551 16
001521552 11
001521553 18
001521554 21
001521555 9
001521556 12
001521557 23
001521558 26
001521559 19
001521560 35
001521561 21
001521562 24
001521563 20
001521564 24
001521565 26
001521566 12
001521567 21
001521568 21
001521569 32
001521570 26
001521571 26
001521572 23
001521573 17
001521574 11
001521575 17
001521576 13
001521577 37
001521578 30
001521579 12
001521580 5
001521581 5
001521582 12
001521583 11
001521584 23
001521585 26
001521586 24
001521587 17
001521588 25
001521589 10
001521590 7
001521591 25
001521592 29
001521593 22
001521594 32
001521595 28
001521596 28
001521597 29
001521598 27
001521599 9
001521600 22
001521601 29
001521602 17
001521603 14
001521604 15
001521605 36
001521606 6
001521607 22
001521608 15
001521609 29
001521610 8
001521611 25
001521613 18
001521614 14
001521615 18
001521616 35
001521617 9
001521618 23
001521619 26
001521620 22
001521621 16
001521622 7
001521623 17
001521624 14
001521625 12
001521626 7
001521627 26
001521628 8
001521629 13
001521630 19
001521631 23
001521632 27
001521633 17
001521634 20
001521635 12
001521636 36
001521637 18
001521638 13
001521639 24
001521640 17
001521641 23
001521642 21
001521643 30
001521644 17
001521645 28
001521646 32
001521647 19
001521648 29
001521649 25
001521650 21
001521651 27
001521652 31
001521653 15
001521654 14
001521655 30
001521656 15
001521657 12
001521658 15
001521659 14
001521660 26
001521661 14
001521662 25
001521663 21
001521664 10
001521665 31
001521666 28
001521667 9
001521668 24
001521669 19
001521670 18
001521671 15
001521672 31
001521673 25
001521674 25
001521675 20
001521676 22
001521677 25
001521678 16
001521679 17
001521680 15
001521681 11
001521682 29
001521683 11
001521684 12
001521685 27
001521686 14
001521687 20
001521688 33
001521689 24
001521690 16
001521691 21
001521692 30
001521693 31
001521694 21
001521695 14
001521696 13
001521697 20
001521698 21
001521699 11
001521700 7
001521701 28
001521702 17
001521703 27
001521704 19
001521705 29
001521706 12
001521707 9
001521708 16
001521709 27
001521710 30
001521711 10
001521712 9
001521713 24
001521714 34
001521715 10
001521716 9
001521717 11
001521718 17
001521719 28
001521720 28
001521721 12
001521722 16
001521723 8
001521724 20
001521726 21
001521727 21
001521728 23
001521729 10
001521730 6
001521731 9
001521732 23
001521733 17
001521734 16
001521735 17
001521736 23
001521737 15
001521738 24
001521739 28
001521740 22
001521741 17
001521742 14
001521743 14
001521744 22
001521745 14
001521746 21
001521747 36
001521748 8
001521749 22
001521750 43
001521751 7
001521752 9
001521753 29
001521754 24
001521755 18
001521756 17
001521757 13
001521758 30
001521759 13
001521760 33
001521761 24
001521762 34
001521763 18
001521764 24
001521765 21
001521766 31
001521767 9
001521768 25
001521769 22
001521770 23
001521771 38
001521772 13
001521773 19
001521774 22
001521775 14
001521776 23
001521777 22
001521778 15
001521779 16
001521780 18
001521781 40
001521782 11
001521783 20
001521784 11
001521785 38
001521786 7
001521787 12
001521788 14
001521789 8
001521790 26
001521791 12
001521792 15
001521793 16
001521794 13
001521795 30
001521796 24
001521797 25
001521798 17
001521799 15
001521800 13
001530001 10
001530002 42
001530003 16
001530005 35
001530006 21
001530007 30
001530008 24
001530009 14
001530010 27
001530011 20
001530012 34
001530013 20
001530014 37
001530015 27
001530016 47
001530017 17
001530018 25
001530019 43
001530020 23
001530021 7
001530022 11
001530023 14
001530024 12
001530025 20
001530026 8
001530027 12
001530028 8
001530029 11
001530030 14
001530031 15
001530032 19
001530033 20
001530034 20
001530035 7
001530036 8
001530037 17
001530038 10
001530039 11
001530040 14
001530042 4
001530043 14
001530044 10
001530045 6
001530046 9
001530047 10
001530048 15
001530049 7
001530050 14
001530051 11
001530052 17
001530053 8
001530054 7
001530055 12
001530056 13
001530057 16
001530058 14
001530059 9
001530060 14
001530061 17
001530062 11
001530063 20
001530064 13
001530065 18
001530066 8
001530067 11
001530068 13
001530069 20
001530070 19
001530071 14
001530072 12
001530073 15
001530074 14
001530075 13
001530076 18
001530077 7
001530078 20
001530079 14
001530080 10
001530081 13
001530082 17
001530083 14
001530084 13
001530085 11
001530086 14
001530087 15
001530088 15
001530089 21
001530090 22
001530091 15
001530092 35
001530093 16
001530094 13
001530095 16
001530096 14
001530097 13
001530098 19
001530099 17
001530100 17
001530101 21
001530102 17
001530103 18
001530104 8
001530105 31
001530106 18
001530107 25
001530108 17
001530109 16
001530110 7
001530111 23
001530112 29
001530113 20
001530114 16
001530115 19
001530116 14
001530117 18
001530118 43
001530119 15
001530120 27
001530121 23
001530122 23
001530123 16
001530124 48
001530125 22
001530126 7
001530127 13
001530128 27
001530129 10
001530130 15
001530131 19
001530132 21
001530133 11
001530134 11
001530135 26
001530136 11
001530137 30
001530138 25
001530139 8
001530140 10
001530141 14
001530142 31
001530143 9
001530144 14
001530145 13
001530146 15
001530147 16
001530148 30
001530149 22
001530150 8
001530151 24
001530152 35
001530153 20
001530154 23
001530156 19
001530157 33
001530158 30
001530159 21
001530160 17
001530161 22
001530162 13
001530163 37
001530164 19
001530165 26
001530166 7
001530167 22
001530168 19
001530169 13
001530170 26
001530171 14
001530172 13
001530173 25
001530174 12
001530175 24
001530176 8
001530177 23
001530178 20
001530179 21
001530180 20
001530181 35
001530182 21
001530183 12
001530184 31
001530185 7
001530186 23
001530187 20
001530190 35
001530191 28
001530192 30
001530193 34
001530194 23
001530195 16
001530196 7
001530197 7
001530198 12
001530199 20
001530200 24
001530201 22
001530202 7
001530203 7
001530204 19
001530205 6
001530206 27
001530207 12
001530208 14
001530209 26
001530210 11
001530211 39
001530212 18
001530213 14
001530214 15
001530215 40
001530216 20
001530217 25
001530218 29
001530219 9
001530220 26
001530221 31
001530222 18
001530223 22
001530224 12
001530225 16
001530226 22
001530227 28
001530228 14
001530229 34
001530230 25
001530231 28
001530232 18
001530233 26
001530234 9
001530235 17
001530236 17
001530237 7
001530238 10
001530239 29
001530240 26
001530241 20
001530242 32
001530243 13
001530244 11
001530245 14
001530246 16
001530247 18
001530248 19
001530249 25
001530250 8
001530251 7
001530252 12
001530253 30
001530254 24
001530255 25
001530256 33
001530257 26
001530258 20
001530259 11
001530260 22
001530261 18
001530262 10
001530263 7
001530264 34
001530265 23
001530266 26
001530267 13
001530268 30
001530269 10
001530270 8
001530271 15
001530272 17
001530273 21
001530274 13
001530275 24
001530276 33
001530277 17
001530278 12
001530279 18
001530280 29
001530281 13
001530282 14
001530283 14
001530284 21
001530285 21
001530286 23
001530287 23
001530288 18
001530289 8
001530290 23
001530291 14
001530292 9
001530293 8
001530294 13
001530295 21
001530296 37
001530297 17
001530298 27
001530299 19
001530300 7
001530301 33
001530302 13
001530303 20
001530304 20
001530305 15
001530306 26
001530307 15
001530308 24
001530309 25
001530310 18
001530311 15
001530312 33
001530313 10
001530314 26
001530315 13
001530316 24
001530317 18
001530318 25
001530319 24
001530320 10
001530321 28
001530322 23
001530323 16
001530324 20
001530325 10
001530326 16
001530327 9
001530328 39
001530329 20
001530330 32
001530331 9
001530332 19
001530333 14
001530334 26
001530335 40
001530336 11
001530337 8
001530338 11
001530339 27
001530340 27
001530341 6
001530342 9
001530343 18
001530344 35
001530345 10
001530346 13
001530347 12
001530348 8
001530349 13
001530350 25
001530351 39
001530352 12
001530353 7
001530354 19
001530355 25
001530356 25
001530357 30
001530358 21
001530359 9
001530360 15
001530361 27
001530362 20
001530363 15
001530364 18
001530365 15
001530366 16
001530367 20
001530368 23
001530369 10
001530370 16
001530371 17
001530372 9
001530373 16
001530374 20
001530375 22
001530376 20
001530377 14
001530378 38
001530379 15
001530380 29
001530381 28
001530382 22
001530383 15
001530384 11
001530385 17
001530386 10
001530387 7
001530388 14
001530389 47
001530390 12
001530391 21
001530392 29
001530393 20
001530394 24
001530395 19
001530396 16
001530397 9
001530398 32
001530399 19
001530400 25
001531401 12
001531402 18
001531403 13
001531404 21
001531405 13
001531406 15
001531407 17
001531408 16
001531409 10
001531410 19
001531411 19
001531412 21
001531413 6
001531414 19
001531415 11
001531416 13
001531417 27
001531418 12
001531419 16
001531420 14
001531421 8
001531422 13
001531423 10
001531424 15
001531425 10
001531426 12
001531427 22
001531428 10
001531429 15
001531430 17
001531431 14
001531432 20
001531433 19
001531434 14
001531435 10
001531436 12
001531437 14
001531438 16
001531439 19
001531440 8
001531441 17
001531442 20
001531443 18
001531444 19
001531445 15
001531446 21
001531447 11
001531448 16
001531449 12
001531450 16
001531451 21
001531452 25
001531453 15
001531454 6
001531455 20
001531456 20
001531457 13
001531458 23
001531459 17
001531460 15
001531461 16
001531462 14
001531463 21
001531464 16
001531465 13
001531466 19
001531467 9
001531468 15
001531469 19
001531470 18
001531471 14
001531472 20
001531473 12
001531474 8
001531475 20
001531476 13
001531477 13
001531478 14
001531479 17
001531480 33
001531481 12
001531482 15
001531483 17
001531484 15
001531485 12
001531486 8
001531487 18
001531488 15
001531489 25
001531490 13
001531491 15
001531492 16
001531493 11
001531494 13
001531495 11
001531496 21
001531497 16
001531498 15
001531499 14
001531500 18
001531501 27
001531502 31
001531503 22
001531504 11
001531505 14
001531506 19
001531509 8
001531510 18
001531511 7
001531512 22
001531513 19
001531514 31
001531515 20
001531516 31
001531517 6
001531518 14
001531519 38
001531520 36
001531521 12
001531522 12
001531523 29
001531524 8
001531525 23
001531526 25
001531527 28
001531528 18
001531529 8
001531530 25
001531531 33
001531532 17
001531533 17
001531534 23
001531535 18
001531536 18
001531537 26
001531538 22
001531539 17
001531540 6
001531541 11
001531542 9
001531543 20
001531544 24
001531545 17
001531546 11
001531547 32
001531548 21
001531549 34
001531550 29
001531551 20
001531552 25
001531553 20
001531554 10
001531555 27
001531556 15
001531557 9
001531558 13
001531559 10
001531560 9
001531561 13
001531562 30
001531563 21
001531564 21
001531565 41
001531566 13
001531567 21
001531568 13
001531569 34
001531570 27
001531571 28
001531572 22
001531573 6
001531574 17
001531575 13
001531576 10
001531577 9
001531578 8
001531579 17
001531580 20
001531581 21
001531582 19
001531583 25
001531584 27
001531585 16
001531586 12
001531587 6
001531588 34
001531589 30
001531590 16
001531591 15
001531592 25
001531593 30
001531594 8
001531595 27
001531596 16
001531597 9
001531598 21
001531599 23
001531600 36
001531601 25
001531602 17
001531603 33
001531604 27
001531605 24
001531606 21
001531607 15
001531608 16
001531609 13
001531610 11
001531611 13
001531612 16
001531613 6
001531614 10
001531615 17
001531616 9
001531617 31
001531618 14
001531619 22
001531620 30
001531621 9
001531622 23
001531623 26
001531624 24
001531625 22
001531626 19
001531627 34
001531628 22
001531629 10
001531630 21
001531631 24
001531632 12
001531633 29
001531634 38
001531635 17
001531636 15
001531637 31
001531638 12
001531639 35
001531640 15
001531641 24
001531642 17
001531643 11
001531644 13
001531645 27
001531646 43
001531647 11
001531648 15
001531649 43
001531650 10
001531651 16
001531652 8
001531653 28
001531654 7
001531655 25
001531656 19
001531657 23
001531658 22
001531659 30
001531660 10
001531661 28
001531662 28
001531663 22
001531664 19
001531665 5
001531666 13
001531667 12
001531668 30
001531669 25
001531670 17
001531671 15
001531672 17
001531673 26
001531674 11
001531675 25
001531676 12
001531677 17
001531678 21
001531679 18
001531680 12
001531681 18
001531682 16
001531683 14
001531684 40
001531685 26
001531686 12
001531687 17
001531688 22
001531689 10
001531690 20
001531691 30
001531692 11
001531694 32
001531696 24
001531697 21
001531698 27
001531699 29
001531700 33
001531701 14
001531702 14
001531703 28
001531704 19
001531705 36
001531706 22
001531707 8
001531708 10
001531709 23
001531710 33
001531711 24
001531712 21
001531713 20
001531714 17
001531715 14
001531716 16
001531717 22
001531718 18
001531719 23
001531720 23
001531721 26
001531722 30
001531723 23
001531724 13
001531725 14
001531726 17
001531727 5
001531728 25
001531729 11
001531730 8
001531731 22
001531732 18
001531733 25
001531734 27
001531735 12
001531736 23
001531737 11
001531738 14
001531739 15
001531740 8
001531741 23
001531742 24
001531743 23
001531744 28
001531745 8
001531746 13
001531747 29
001531748 21
001531749 15
001531750 17
001531751 17
001531752 8
001531753 15
001531754 14
001531755 24
001531756 20
001531757 15
001531758 23
001531759 13
001531760 23
001531761 6
001531762 9
001531763 6
001531764 12
001531765 27
001531766 10
001531767 29
001531768 19
001531769 16
001531770 24
001531771 27
001531772 19
001531773 12
001531774 17
001531775 14
001531776 26
001531777 9
001531778 7
001531779 18
001531780 12
001531781 23
001531782 21
001531783 12
001531784 20
001531785 23
001531786 12
001531787 15
001531788 22
001531789 9
001531790 18
001531791 10
001531792 19
001531793 17
001531794 23
001531795 21
001531796 19
001531797 17
001531798 26
001531799 29
001531800 21
001540001 10
001540002 42
001540003 16
001540004 33
001540005 35
001540006 21
001540007 36
001540008 24
001540009 14
001540010 27
001540011 20
001540012 34
001540013 20
001540014 33
001540015 27
001540016 46
001540018 25
001540022 11
001540093 16
001540094 13
001540095 14
001540096 16
001540097 13
001540098 19
001540099 17
001540100 19
001540101 26
001540102 20
001540103 23
001540104 31
001540105 16
001540106 23
001540107 14
001540108 13
001540109 19
001540110 37
001540111 16
001540112 9
001540113 10
001540114 14
001540117 25
001540118 11
001540119 18
001540120 16
001540121 10
001540122 23
001540123 15
001540125 28
001540126 26
001540127 20
001540129 14
001540132 20
001540133 16
001540134 7
001540135 18
001540137 9
001540138 20
001540139 11
001540140 33
001540141 6
001540142 22
001540143 17
001540144 13
001540145 13
001540146 30
001540147 9
001540148 29
001540149 8
001540150 26
001540151 25
001540152 11
001540153 23
001540155 7
001540156 25
001540157 20
001540158 10
001540159 17
001540160 15
001540161 10
001540162 14
001540163 10
001540165 14
001540166 16
001540167 26
001540168 33
001540169 22
001540171 26
001540172 35
001540173 19
001540174 9
001540175 6
001540176 5
001540177 27
001540179 14
001540180 26
001540181 8
001540182 7
001540183 29
001540185 11
001540186 28
001540187 15
001540188 12
001540189 22
001540190 9
001540191 10
001540192 18
001540193 32
001540194 19
001540195 35
001540196 26
001540197 26
001540198 19
001540199 27
001540200 30
001540201 16
001540202 27
001540203 18
001540204 31
001540205 26
001540206 17
001540207 23
001540208 12
001540209 34
001540210 32
001540211 20
001540212 17
001540213 40
001540214 19
001540215 12
001540216 20
001540217 22
001540218 32
001540219 26
001540220 21
001540221 5
001540222 14
001540223 9
001540224 17
001540225 11
001540226 36
001540227 6
001540228 17
001540229 31
001540230 19
001540231 17
001540232 28
001540233 25
001540234 12
001540235 17
001540236 27
001540237 17
001540238 7
001540239 10
001540240 31
001540241 27
001540242 5
001540243 19
001540244 21
001540245 21
001540246 23
001540247 33
001540248 13
001540249 17
001540250 19
001540251 8
001540252 14
001540253 28
001540254 37
001540255 27
001540256 25
001540257 27
001540258 24
001540259 36
001540260 32
001540261 7
001540262 36
001540263 27
001540264 22
001540265 21
001540266 25
001540267 19
001540268 5
001540269 19
001540270 9
001540271 14
001540272 12
001540273 19
001540274 30
001540275 11
001540276 15
001540277 21
001540278 21
001540279 28
001540280 15
001540281 12
001540282 12
001540283 16
001540284 16
001540285 30
001540286 11
001540287 16
001540288 18
001540289 8
001540290 32
001540291 31
001540292 26
001540293 25
001540294 9
001540295 23
001540296 19
001540297 29
001540298 29
001540299 13
001540300 8
001540301 39
001540302 15
001540303 24
001540304 13
001540305 13
001540306 14
001540307 6
001540308 5
001540309 9
001540310 13
001540311 22
001540312 21
001540313 31
001540314 9
001540315 29
001540316 17
001540317 24
001540318 18
001540319 20
001540320 22
001540321 34
001540322 40
001540323 28
001540324 12
001540325 7
001540326 24
001540327 19
001540328 25
001540329 26
001540330 6
001540331 23
001540332 12
001540333 25
001540334 12
001540335 5
001540336 15
001540337 20
001540338 7
001540339 18
001540340 16
001540341 15
001540342 16
001540343 17
001540344 25
001540345 29
001540346 31
001540347 19
001540348 11
001540349 17
001540350 12
001540351 7
001540352 18
001540353 11
001540354 6
001540355 27
001540356 15
001540357 13
001540358 11
001540359 18
001540360 10
001540361 25
001540362 30
001540363 25
001540364 6
001540365 23
001540366 30
001540367 38
001540368 30
001540369 30
001540370 28
001540371 29
001540372 20
001540373 24
001540374 28
001540375 25
001540376 22
001540377 28
001540378 7
001540379 8
001540380 25
001540381 14
001540382 12
001540383 19
001540384 19
001540385 20
001540386 17
001540387 9
001540388 19
001540389 18
001540390 29
001540391 25
001540392 21
001540393 17
001540394 19
001540395 17
001540396 34
001540397 22
001540398 21
001540399 16
001540400 24
001541401 12
001541402 18
001541403 13
001541404 21
001541405 13
001541406 15
001541407 18
001541408 16
001541409 10
001541410 19
001541412 21
001541413 6
001541414 19
001541415 11
001541416 15
001541417 27
001541418 12
001541419 16
001541420 13
001541421 8
001541422 13
001541423 10
001541424 15
001541425 10
001541426 12
001541427 22
001541428 10
001541429 15
001541430 17
001541431 14
001541432 20
001541433 19
001541434 14
001541435 9
001541436 12
001541437 12
001541438 16
001541439 20
001541440 8
001541441 17
001541442 20
001541443 17
001541444 19
001541445 15
001541446 21
001541447 11
001541448 16
001541449 12
001541450 16
001541451 21
001541452 25
001541454 6
001541455 21
001541456 20
001541457 13
001541458 24
001541459 15
001541460 15
001541461 16
001541462 14
001541463 21
001541464 16
001541465 13
001541466 19
001541467 9
001541468 15
001541469 19
001541470 19
001541471 14
001541472 20
001541473 12
001541474 8
001541475 20
001541476 14
001541477 13
001541478 14
001541479 17
001541480 33
001541481 13
001541482 14
001541483 17
001541484 15
001541485 10
001541486 8
001541487 18
001541488 15
001541489 25
001541490 13
001541491 15
001541492 17
001541493 11
001541494 13
001541495 12
001541496 21
001541497 15
001541498 15
001541499 14
001541500 18
001541501 19
001541502 28
001541503 37
001541504 30
001541505 18
001541506 28
001541507 4
001541508 9
001541509 21
001541510 20
001541511 24
001541512 17
001541513 18
001541514 12
001541515 16
001541516 20
001541517 16
001541518 29
001541519 28
001541520 21
001541521 34
001541522 15
001541523 27
001541524 6
001541525 33
001541526 14
001541527 23
001541528 10
001541529 12
001541530 39
001541531 23
001541532 25
001541533 10
001541534 8
001541535 34
001541536 19
001541537 6
001541538 21
001541539 16
001541540 15
001541541 26
001541542 29
001541543 18
001541544 25
001541545 10
001541546 28
001541547 10
001541548 33
001541549 12
001541550 13
001541551 24
001541552 30
001541553 18
001541554 11
001541555 23
001541556 37
001541557 10
001541558 10
001541559 25
001541560 31
001541561 21
001541562 28
001541563 16
001541564 9
001541565 10
001541566 21
001541567 29
001541568 18
001541569 20
001541570 13
001541571 25
001541572 18
001541573 17
001541574 22
001541575 25
001541576 44
001541577 7
001541578 13
001541579 8
001541580 10
001541581 21
001541582 22
001541583 8
001541584 24
001541585 26
001541586 6
001541587 22
001541588 9
001541589 19
001541590 22
001541591 7
001541592 18
001541593 13
001541594 6
001541595 19
001541596 21
001541597 32
001541598 12
001541599 12
001541600 12
001541601 15
001541602 35
001541603 13
001541604 23
001541605 14
001541606 13
001541607 20
001541608 13
001541609 17
001541610 9
001541611 16
001541612 5
001541613 14
001541614 12
001541615 20
001541616 22
001541617 30
001541618 33
001541619 36
001541620 18
001541621 14
001541624 12
001541625 21
001541626 48
001541627 17
001541628 21
001541629 6
001541630 20
001541631 18
001541632 23
001541633 24
001541634 21
001541635 25
001541636 13
001541637 32
001541638 24
001541639 22
001541640 17
001541641 13
001541642 14
001541643 19
001541644 9
001541645 22
001541646 17
001541647 14
001541648 24
001541649 28
001541650 16
001541651 10
001541652 18
001541653 32
001541654 24
001541655 11
001541656 47
001541657 25
001541658 17
001541659 18
001541660 34
001541661 22
001541662 20
001541663 19
001541664 11
001541665 27
001541666 16
001541667 25
001541668 24
001541669 12
001541670 19
001541671 10
001541672 30
001541673 20
001541674 10
001541675 17
001541676 16
001541677 32
001541678 23
001541679 7
001541680 12
001541681 10
001541682 22
001541683 23
001541684 9
001541685 17
001541686 21
001541687 12
001541688 22
001541689 26
001541690 31
001541691 28
001541692 15
001541693 6
001541694 32
001541695 6
001541696 13
001541697 10
001541698 25
001541699 15
001541700 19
001541701 7
001541702 22
001541703 29
001541704 18
001541705 27
001541706 9
001541707 17
001541708 8
001541709 16
001541710 33
001541711 19
001541712 27
001541713 33
001541714 23
001541715 10
001541716 30
001541717 29
001541718 12
001541719 28
001541720 22
001541721 35
001541722 18
001541723 9
001541724 11
001541725 10
001541726 9
001541727 17
001541728 26
001541729 23
001541730 9
001541731 8
001541732 24
001541733 21
001541734 34
001541735 15
001541736 33
001541737 23
001541738 29
001541739 12
001541740 33
001541741 7
001541742 10
001541743 21
001541744 8
001541745 16
001541746 13
001541747 21
001541748 20
001541749 17
001541750 25
001541751 32
001541752 13
001541753 26
001541754 24
001541755 12
001541756 25
001541757 11
001541758 15
001541759 18
001541760 5
001541761 34
001541762 12
001541763 19
001541764 13
001541765 17
001541766 8
001541767 21
001541768 27
001541769 20
001541770 8
001541771 24
001541772 14
001541773 13
001541774 31
001541775 18
001541776 21
001541777 28
001541778 13
001541779 26
001541780 27
001541781 8
001541782 11
001541783 19
001541784 18
001541785 7
001541786 8
001541787 21
001541788 16
001541789 13
001541790 35
001541791 11
001541792 17
001541793 29
001541794 13
001541795 18
001541796 11
001541797 33
001541798 5
001541799 31
001541800 7
001550001 10
001550002 41
001550003 16
001550004 33
001550005 35
001550006 21
001550007 30
001550008 24
001550009 14
001550010 27
001550011 20
001550012 33
001550013 20
001550014 37
001550015 27
001550016 46
001550017 18
001550018 25
001550019 42
001550020 23
001550021 7
001550022 11
001550023 14
001550024 12
001550025 20
001550026 8
001550027 12
001550028 8
001550029 11
001550030 15
001550031 15
001550032 21
001550033 19
001550034 20
001550035 8
001550036 8
001550037 18
001550038 10
001550039 11
001550040 14
001550041 4
001550042 4
001550043 14
001550044 10
001550045 7
001550046 9
001550047 10
001550048 15
001550049 7
001550050 14
001550051 11
001550052 17
001550053 8
001550054 7
001550055 12
001550056 13
001550057 16
001550058 14
001550059 10
001550060 14
001550061 17
001550062 18
001550063 20
001550064 12
001550065 18
001550066 11
001550067 11
001550068 15
001550069 20
001550070 19
001550071 14
001550072 12
001550073 16
001550074 14
001550075 13
001550076 18
001550077 7
001550078 20
001550079 14
001550080 10
001550081 13
001550082 17
001550083 14
001550084 13
001550085 11
001550086 14
001550087 15
001550088 15
001550089 21
001550090 22
001550091 17
001550092 35
001550093 18
001550094 19
001550095 14
001550096 14
001550097 13
001550098 19
001550099 17
001550101 14
001550102 24
001550103 19
001550104 7
001550105 16
001550106 24
001550107 29
001550108 8
001550109 16
001550110 13
001550111 19
001550112 28
001550113 20
001550114 12
001550115 24
001550116 9
001550117 39
001550118 21
001550119 15
001550120 19
001550121 6
001550122 9
001550123 29
001550124 18
001550125 14
001550126 29
001550127 19
001550128 23
001550129 38
001550130 25
001550131 22
001550132 7
001550133 25
001550134 11
001550135 13
001550136 9
001550137 22
001550138 28
001550139 14
001550140 17
001550141 16
001550142 25
001550143 16
001550144 11
001550145 26
001550146 18
001550147 26
001550148 5
001550149 24
001550150 47
001550151 7
001550152 17
001550153 32
001550154 16
001550155 21
001550156 7
001550157 16
001550158 16
001550159 27
001550160 8
001550161 5
001550162 11
001550163 32
001550164 25
001550165 16
001550166 27
001550167 24
001550168 14
001550169 20
001550171 30
001550172 25
001550173 16
001550174 28
001550175 22
001550177 29
001550178 18
001550179 21
001550180 9
001550181 17
001550182 7
001550183 10
001550184 24
001550185 15
001550186 11
001550187 15
001550188 8
001550189 11
001550190 18
001550191 26
001550192 19
001550193 12
001550194 28
001550195 34
001550196 31
001550197 9
001550198 7
001550199 6
001550200 31
001550201 16
001550202 18
001550203 11
001550204 30
001550205 18
001550206 21
001550207 19
001550208 16
001550209 25
001550210 17
001550211 15
001550212 25
001550213 12
001550214 22
001550215 12
001550216 19
001550217 9
001550218 19
001550219 24
001550220 30
001550221 11
001550222 21
001550223 12
001550225 24
001550226 17
001550227 8
001550228 8
001550229 31
001550230 25
001550231 27
001550232 9
001550233 32
001550234 8
001550235 17
001550236 32
001550237 32
001550238 13
001550239 22
001550240 12
001550241 8
001550242 18
001550243 11
001550244 37
001550245 14
001550246 22
001550247 22
001550248 21
001550249 30
001550250 28
001550251 23
001550252 24
001550253 29
001550254 9
001550255 21
001550256 17
001550257 23
001550258 33
001550259 8
001550260 10
001550261 12
001550262 26
001550263 14
001550264 18
001550265 11
001550266 23
001550267 22
001550268 25
001550269 20
001550270 22
001550271 15
001550273 40
001550274 15
001550275 41
001550276 24
001550277 16
001550278 29
001550279 30
001550280 13
001550281 19
001550282 24
001550283 16
001550284 30
001550286 13
001550287 7
001550288 19
001550289 20
001550290 22
001550291 25
001550292 21
001550293 5
001550294 42
001550295 10
001550296 16
001550297 29
001550298 28
001550299 31
001550300 45
001550301 7
001550302 9
001550303 7
001550304 19
001550305 13
001550306 28
001550307 17
001550308 25
001550309 18
001550310 45
001550311 22
001550312 11
001550313 16
001550314 22
001550315 27
001550316 28
001550317 14
001550318 25
001550319 24
001550320 50
001550321 23
001550322 22
001550323 8
001550324 9
001550325 23
001550327 22
001550328 35
001550329 17
001550330 26
001550331 16
001550332 23
001550333 15
001550334 13
001550335 34
001550336 9
001550337 27
001550338 26
001550339 18
001550340 11
001550341 22
001550342 27
001550343 14
001550344 6
001550345 10
001550346 16
001550347 22
001550348 22
001550349 44
001550350 23
001550351 13
001550352 31
001550353 17
001550354 13
001550355 22
001550356 16
001550357 17
001550358 15
001550359 18
001550360 21
001550361 18
001550362 30
001550363 17
001550364 17
001550365 18
001550366 22
001550367 25
001550368 15
001550369 14
001550370 26
001550371 15
001550372 16
001550373 28
001550374 25
001550375 10
001550376 36
001550377 22
001550378 8
001550379 14
001550380 21
001550381 20
001550382 30
001550383 20
001550384 17
001550385 10
001550386 18
001550387 12
001550388 23
001550389 29
001550390 14
001550391 8
001550392 22
001550393 27
001550394 21
001550395 22
001550396 7
001550397 24
001550398 18
001550399 12
001550400 8
001551401 12
001551402 20
001551403 13
001551404 21
001551405 13
001551406 15
001551407 17
001551408 15
001551409 10
001551410 19
001551411 19
001551412 21
001551413 6
001551414 19
001551415 11
001551416 13
001551417 25
001551418 12
001551419 16
001551420 13
001551421 8
001551422 13
001551423 10
001551424 16
001551425 10
001551427 22
001551428 10
001551429 17
001551430 17
001551431 14
001551432 20
001551433 18
001551434 14
001551435 10
001551436 12
001551437 12
001551438 16
001551439 19
001551440 8
001551441 17
001551442 21
001551443 18
001551444 19
001551445 15
001551446 21
001551447 11
001551448 16
001551449 12
001551450 16
001551451 21
001551452 25
001551453 15
001551454 6
001551456 20
001551457 15
001551458 23
001551459 15
001551460 15
001551461 16
001551462 14
001551463 21
001551464 16
001551465 13
001551466 19
001551467 9
001551468 15
001551469 19
001551470 18
001551471 14
001551472 20
001551473 12
001551474 8
001551475 20
001551476 13
001551477 13
001551478 14
001551479 17
001551480 33
001551481 12
001551482 14
001551483 17
001551484 15
001551485 10
001551486 8
001551487 19
001551488 15
001551489 25
001551490 13
001551491 15
001551492 16
001551493 11
001551494 13
001551495 12
001551496 21
001551497 15
001551498 15
001551499 16
001551500 18
001551501 20
001551502 23
001551503 31
001551504 26
001551505 6
001551506 18
001551507 13
001551508 11
001551509 17
001551510 26
001551511 27
001551512 12
001551513 20
001551514 24
001551515 24
001551516 30
001551517 10
001551518 28
001551519 26
001551520 14
001551521 10
001551522 12
001551523 10
001551524 20
001551525 21
001551526 14
001551527 15
001551528 7
001551529 8
001551530 24
001551531 35
001551532 16
001551533 23
001551534 9
001551535 17
001551536 17
001551537 12
001551538 19
001551539 11
001551540 27
001551541 25
001551542 17
001551543 19
001551544 26
001551545 20
001551546 6
001551547 17
001551548 10
001551549 27
001551550 37
001551551 21
001551552 18
001551553 30
001551554 17
001551555 18
001551556 22
001551557 10
001551558 34
001551559 25
001551560 41
001551561 19
001551562 12
001551563 18
001551564 21
001551565 8
001551566 6
001551567 15
001551568 18
001551569 19
001551570 11
001551571 45
001551572 22
001551573 20
001551574 40
001551575 8
001551576 20
001551577 9
001551578 18
001551579 21
001551580 7
001551581 16
001551582 16
001551583 18
001551584 10
001551585 24
001551586 9
001551587 24
001551588 35
001551589 6
001551590 33
001551591 14
001551592 8
001551593 10
001551594 27
001551595 14
001551596 10
001551597 15
001551598 18
001551599 5
001551600 18
001551601 16
001551602 24
001551603 9
001551604 18
001551605 27
001551606 15
001551607 16
001551608 18
001551609 19
001551610 18
001551611 18
001551612 22
001551613 14
001551614 18
001551615 29
001551616 17
001551617 21
001551618 33
001551619 25
001551620 9
001551621 27
001551622 20
001551623 19
001551624 20
001551625 24
001551626 7
001551627 23
001551628 19
001551629 19
001551630 18
001551631 29
001551632 10
001551633 15
001551634 21
001551635 10
001551636 8
001551637 17
001551638 12
001551639 16
001551640 15
001551641 22
001551642 15
001551643 11
001551644 25
001551645 25
001551646 21
001551647 11
001551648 12
001551649 21
001551650 22
001551651 11
001551652 12
001551653 6
001551654 14
001551655 11
001551656 18
001551657 29
001551658 18
001551659 32
001551660 22
001551661 23
001551662 11
001551663 28
001551665 26
001551666 23
001551667 17
001551668 11
001551669 24
001551670 22
001551671 25
001551672 16
001551673 10
001551674 33
001551675 25
001551676 24
001551677 7
001551678 29
001551679 11
001551680 10
001551681 18
001551682 19
001551683 22
001551684 14
001551685 36
001551686 24
001551687 17
001551688 19
001551689 14
001551690 14
001551691 31
001551692 8
001551693 24
001551694 18
001551695 17
001551696 21
001551697 6
001551698 33
001551699 5
001551700 14
001551701 16
001551702 14
001551703 16
001551704 24
001551705 6
001551706 7
001551707 15
001551708 27
001551709 9
001551710 23
001551711 26
001551712 23
001551713 14
001551714 15
001551715 17
001551716 35
001551717 26
001551718 27
001551719 24
001551720 35
001551721 9
001551722 13
001551723 6
001551724 15
001551725 25
001551726 19
001551727 13
001551728 27
001551729 27
001551730 27
001551731 16
001551732 18
001551733 13
001551734 15
001551735 24
001551736 28
001551737 31
001551738 18
001551739 8
001551740 19
001551741 10
001551742 19
001551743 32
001551744 9
001551745 20
001551746 20
001551747 11
001551748 28
001551749 27
001551750 17
001551751 6
001551752 38
001551753 7
001551754 8
001551755 8
001551756 24
001551757 23
001551758 20
001551759 26
001551760 18
001551761 13
001551762 35
001551763 22
001551764 42
001551765 26
001551766 9
001551767 32
001551768 20
001551769 14
001551770 22
001551771 30
001551772 12
001551773 6
001551774 19
001551775 25
001551776 14
001551777 5
001551778 9
001551779 29
001551780 21
001551781 11
001551782 30
001551783 18
001551784 22
001551785 6
001551786 14
001551787 13
001551788 21
001551789 24
001551790 25
001551791 26
001551792 8
001551793 34
001551794 12
001551795 24
001551796 15
001551797 20
001551798 25
001551799 9
001551800 28
001560001 10
001560002 41
001560003 16
001560004 33
001560005 35
001560006 21
001560007 30
001560008 24
001560009 14
001560010 27
001560011 20
001560012 33
001560013 20
001560014 36
001560015 27
001560016 46
001560017 18
001560018 25
001560019 42
001560020 23
001560021 7
001560022 11
001560023 14
001560024 17
001560025 20
001560026 8
001560027 12
001560028 8
001560029 11
001560030 14
001560031 15
001560032 19
001560033 20
001560034 20
001560035 6
001560036 8
001560037 17
001560038 10
001560039 11
001560040 14
001560041 4
001560042 4
001560043 14
001560044 10
001560045 6
001560046 9
001560047 10
001560048 15
001560049 7
001560050 14
001560051 11
001560052 17
001560053 8
001560054 7
001560055 12
001560056 13
001560057 16
001560058 14
001560059 9
001560060 14
001560061 17
001560062 11
001560063 20
001560064 13
001560065 18
001560066 8
001560067 11
001560068 13
001560069 20
001560070 19
001560071 14
001560072 12
001560073 15
001560074 14
001560075 13
001560076 18
001560077 7
001560078 20
001560079 14
001560080 10
001560081 13
001560082 17
001560083 14
001560084 13
001560085 11
001560086 14
001560087 15
001560088 15
001560089 21
001560090 22
001560091 15
001560092 35
001560093 16
001560094 13
001560095 14
001560096 14
001560097 13
001560098 19
001560099 17
001560100 17
001560101 32
001560102 12
001560103 39
001560104 13
001560105 22
001560106 15
001560107 18
001560108 27
001560109 35
001560110 18
001560111 9
001560112 22
001560113 33
001560114 16
001560115 19
001560116 20
001560117 21
001560118 15
001560119 9
001560120 31
001560121 18
001560122 16
001560123 7
001560124 13
001560125 20
001560126 17
001560127 48
001560128 23
001560129 8
001560130 20
001560131 5
001560132 23
001560133 37
001560134 32
001560135 23
001560136 23
001560137 24
001560138 13
001560139 20
001560140 10
001560141 13
001560142 27
001560143 30
001560144 25
001560145 21
001560146 15
001560147 18
001560148 6
001560149 17
001560150 26
001560151 24
001560152 5
001560153 24
001560154 14
001560155 31
001560156 19
001560157 14
001560158 24
001560159 8
001560160 18
001560161 15
001560162 17
001560163 30
001560164 33
001560165 11
001560166 20
001560167 13
001560168 12
001560169 9
001560170 27
001560171 34
001560172 19
001560173 27
001560174 5
001560175 9
001560176 10
001560177 10
001560178 18
001560179 14
001560180 17
001560181 28
001560182 16
001560183 5
001560184 12
001560185 19
001560186 22
001560187 36
001560188 12
001560189 23
001560190 6
001560191 36
001560192 21
001560193 18
001560194 17
001560195 11
001560196 12
001560197 22
001560198 20
001560199 21
001560200 30
001560201 9
001560202 17
001560203 13
001560204 16
001560205 7
001560206 7
001560207 13
001560208 36
001560209 6
001560210 22
001560211 15
001560212 6
001560213 20
001560214 20
001560215 24
001560216 32
001560217 23
001560218 22
001560219 30
001560220 27
001560221 25
001560222 22
001560223 20
001560224 23
001560225 25
001560226 30
001560227 12
001560228 21
001560229 6
001560230 24
001560231 21
001560232 6
001560233 40
001560234 33
001560235 13
001560236 19
001560237 7
001560238 11
001560239 34
001560240 30
001560241 21
001560242 6
001560243 19
001560244 7
001560245 33
001560246 30
001560247 19
001560248 22
001560249 17
001560250 24
001560251 28
001560252 20
001560253 22
001560254 29
001560255 5
001560256 8
001560257 24
001560258 18
001560259 10
001560260 18
001560261 34
001560262 19
001560263 24
001560264 5
001560265 22
001560266 19
001560267 6
001560268 58
001560269 30
001560270 9
001560271 21
001560272 16
001560273 12
001560274 7
001560275 29
001560276 23
001560277 5
001560278 25
001560279 12
001560280 35
001560281 5
001560282 27
001560283 14
001560284 33
001560285 22
001560286 23
001560287 24
001560288 36
001560289 26
001560290 9
001560291 19
001560292 10
001560293 21
001560294 15
001560295 22
001560296 18
001560297 26
001560298 24
001560299 16
001560300 17
001560301 27
001560302 23
001560303 10
001560304 19
001560305 21
001560306 40
001560307 11
001560308 28
001560309 24
001560310 22
001560311 33
001560312 26
001560313 16
001560314 35
001560315 32
001560316 16
001560317 15
001560318 15
001560319 26
001560320 22
001560321 12
001560322 21
001560323 30
001560324 8
001560325 13
001560326 18
001560327 21
001560328 12
001560329 11
001560330 35
001560331 12
001560332 21
001560333 12
001560334 23
001560335 12
001560336 8
001560337 21
001560338 26
001560339 19
001560340 20
001560341 26
001560342 17
001560343 13
001560344 13
001560345 17
001560346 27
001560347 8
001560348 22
001560349 34
001560350 30
001560351 38
001560352 11
001560353 23
001560354 8
001560355 18
001560356 12
001560357 35
001560358 11
001560359 21
001560360 29
001560361 20
001560362 30
001560363 11
001560364 28
001560365 15
001560366 10
001560367 13
001560368 13
001560369 26
001560370 15
001560371 19
001560372 21
001560373 21
001560374 15
001560375 28
001560376 25
001560377 14
001560378 29
001560379 38
001560380 10
001560381 14
001560382 16
001560383 7
001560384 19
001560385 24
001560386 13
001560387 28
001560388 33
001560389 9
001560390 16
001560391 14
001560392 17
001560393 13
001560394 12
001560395 25
001560396 11
001560397 24
001560398 27
001560399 25
001560400 10
001561403 13
001561404 21
001561405 13
001561407 17
001561408 16
001561409 10
001561410 19
001561411 19
001561412 21
001561413 6
001561414 19
001561415 11
001561416 13
001561417 27
001561418 12
001561419 16
001561420 14
001561421 8
001561422 13
001561423 10
001561424 15
001561425 10
001561426 12
001561427 22
001561428 9
001561429 15
001561430 17
001561431 14
001561432 20
001561433 19
001561434 14
001561435 10
001561436 12
001561437 12
001561438 16
001561439 19
001561440 8
001561441 17
001561442 20
001561443 18
001561444 19
001561445 15
001561446 26
001561447 11
001561448 16
001561449 17
001561450 21
001561451 25
001561452 30
001561453 15
001561454 11
001561455 25
001561456 25
001561457 18
001561458 28
001561459 15
001561460 15
001561461 21
001561462 14
001561463 21
001561464 16
001561465 13
001561466 19
001561467 9
001561468 15
001561469 19
001561470 18
001561471 14
001561472 20
001561473 12
001561474 8
001561475 25
001561476 13
001561477 13
001561478 14
001561479 17
001561480 33
001561481 12
001561482 14
001561483 17
001561484 15
001561485 12
001561486 8
001561487 18
001561488 15
001561489 25
001561490 13
001561491 15
001561492 16
001561493 11
001561494 13
001561495 12
001561496 21
001561497 15
001561498 15
001561499 14
001561500 18
001561501 10
001561502 20
001561503 32
001561504 19
001561505 28
001561506 9
001561507 20
001561508 35
001561509 32
001561510 16
001561511 22
001561512 9
001561513 15
001561514 10
001561515 10
001561516 29
001561517 17
001561518 21
001561519 35
001561520 27
001561521 16
001561522 46
001561523 45
001561524 22
001561525 14
001561526 42
001561527 28
001561528 12
001561529 13
001561530 14
001561531 47
001561532 35
001561533 24
001561534 16
001561535 31
001561536 15
001561537 20
001561538 27
001561539 37
001561540 28
001561541 25
001561542 10
001561543 37
001561544 18
001561545 12
001561546 11
001561547 8
001561548 19
001561549 20
001561550 13
001561551 9
001561552 11
001561553 18
001561554 13
001561555 34
001561556 20
001561557 33
001561558 12
001561559 11
001561560 32
001561561 18
001561562 38
001561563 25
001561564 15
001561565 11
001561566 28
001561567 15
001561568 24
001561569 17
001561570 26
001561571 15
001561572 17
001561573 32
001561574 13
001561575 36
001561576 22
001561577 13
001561578 24
001561579 36
001561580 51
001561581 21
001561582 13
001561583 14
001561584 26
001561585 7
001561586 16
001561587 17
001561588 7
001561589 11
001561590 19
001561591 13
001561592 35
001561593 24
001561594 31
001561595 16
001561596 24
001561597 14
001561598 18
001561599 9
001561600 8
001561601 17
001561603 10
001561604 10
001561605 18
001561606 7
001561607 22
001561608 28
001561609 11
001561610 18
001561611 31
001561612 19
001561613 11
001561614 20
001561615 17
001561616 11
001561617 21
001561618 15
001561619 10
001561620 14
001561621 23
001561622 23
001561623 27
001561624 6
001561625 9
001561626 32
001561627 40
001561628 20
001561629 11
001561630 28
001561631 24
001561632 27
001561633 18
001561634 34
001561635 6
001561636 19
