000300114 56368
000300115 95360
000300116 151200
000300117 50544
000300118 55680
000300119 148480
000300120 85424
000300121 145600
000300122 157120
000300123 150768
000300124 55840
000300125 150560
000300126 170080
000300127 89600
000300128 130880
000300129 53280
000300130 120960
000300131 146304
000300132 76032
000300133 134880
000300134 53440
000300135 47504
000300136 69440
000300137 121120
000300138 69760
000300139 127664
000300140 119200
000300141 124640
000300142 44416
000300143 136000
000300144 100800
000300145 73440
000300146 159936
000300147 82880
000300148 99360
000300149 117392
000300150 87552
000300151 84048
000300152 156480
000300153 79888
000300154 95920
000300155 61776
000300156 39264
000300157 80160
000300158 81600
000300159 138560
000300160 82240
000300161 74880
000300162 83216
000300163 98560
000300164 134240
000300165 145168
000300166 83040
000300167 69696
000300168 142880
000300169 156480
000300170 155520
000300171 107808
000300172 104160
000300173 164640
000300174 145120
000300175 77664
000300176 120000
000300177 119200
000300178 113760
000300179 142080
000300180 150400
000300181 136880
000300182 173600
000300183 69920
000300184 72000
000300185 72256
000300186 147840
000300187 76160
000300188 50880
000300189 52480
000300190 73280
000300191 51840
000300192 83504
000300193 123744
000300194 150080
000300195 110400
000300196 58880
000300197 92000
000300198 76000
000300199 127520
000300200 99200
000300201 125184
000300202 89760
000300203 87296
000300204 62400
000300205 137872
000300206 82560
000300207 86640
000300208 102080
000300209 76480
000300210 107920
000300211 211520
000300212 83872
000300213 136000
000300214 115840
000300215 90240
000300216 133424
000300217 149760
000300218 122240
000300219 104800
000300220 61488
000300221 118560
000300222 118800
000300223 70880
000300224 67584
000300225 68160
000300226 53120
000300227 86832
000300228 100800
000300229 45120
000300230 66816
000300231 93952
000300232 125120
000300233 196800
000300234 77632
000300235 75520
000300236 54400
000300237 137120
000300238 83728
000300239 115360
000300240 130175
000300241 158400
000300242 139200
000300243 116960
000300244 150880
000300246 133280
000300247 77440
000300248 135520
000300249 143104
000300250 50400
000300251 88960
000300252 72208
000300253 169440
000300254 162240
000300255 63200
000300256 142240
000300257 78640
000300258 71280
000300259 108480
000300260 104320
000300261 177920
000300262 67712
000300263 110560
000300264 72640
000300265 57600
000300266 132480
000300267 61120
000300268 92464
000300269 57600
000300270 119040
000300271 148160
000300272 62400
000300273 95360
000300274 68144
000300275 119520
000300276 100800
000300277 74240
000300278 91008
000300279 130080
000300280 66576
000300281 61440
000300282 137776
000300283 112960
000300284 229440
000300285 88960
000300286 98240
000300287 146288
000300288 90416
000300289 101440
000300290 99824
000300291 100640
000300292 115232
000300293 48432
000300294 80736
000300295 120320
000300296 113440
000300297 84800
000300298 99040
000300299 106240
000300300 89920
000300301 70720
000300302 51040
000300303 55264
000300304 87840
000300305 103424
000300306 118384
000300307 113120
000300308 148640
000300309 57216
000300310 119408
000300311 48000
000300312 133120
000300313 140160
000300314 88032
000300315 89120
000300316 59360
000300317 105440
000300318 102096
000300319 63520
000300320 61440
000300321 104800
000300322 119040
000300323 68960
000300324 67360
000300325 135680
000300326 105600
000300327 164320
000300328 62560
000300329 68000
000300330 90560
000300331 96160
000300332 97312
000300333 94288
000300334 54240
000300335 126880
000300336 144160
000300337 101280
000300338 42384
000300339 87664
000300340 72944
000300341 140160
000300342 88320
000300343 101744
000300344 78400
000300345 73920
000300346 80912
000300347 58400
000300348 79360
000300349 56480
000300350 44160
000300351 201440
000300352 42272
000300353 135024
000300354 147200
000300355 123680
000300356 158560
000300357 133472
000300358 139024
000300359 92320
000300360 122256
000300361 56800
000300362 110560
000300363 105440
000300364 55360
000300365 90880
000300366 121440
000300367 129600
000300368 49440
000300369 114400
000300370 120784
000300371 95680
000300372 104480
000300373 70080
000300374 84640
000300375 98080
000300376 72160
000300377 131680
000300378 153440
000300379 82400
000300380 62176
000300381 128160
000300382 87296
000300383 143360
000300384 76576
000300385 72640
000300386 111840
000300387 70912
000300388 169904
000300389 66784
000300390 65760
000300391 107040
000300392 75040
000300393 111680
000300394 71040
000300395 49760
000300396 122560
000300397 95808
000300398 163232
000300399 56960
000300400 79552
000301401 66608
000301402 87520
000301403 83840
000301404 116000
000301405 73168
000301406 58080
000301407 70400
000301408 91200
000301409 51360
000301410 79104
000301411 92800
000301412 86720
000301413 39200
000301414 85440
000301415 58880
000301416 93280
000301417 114560
000301418 72480
000301419 58880
000301420 48656
000301421 51312
000301422 51360
000301423 52896
000301424 59360
000301425 65120
000301426 67200
000301427 90560
000301428 55680
000301429 51680
000301430 81760
000301431 45920
000301432 88800
000301433 91840
000301434 68800
000301435 56800
000301436 68640
000301437 53936
000301438 64800
000301439 95200
000301440 45440
000301441 64319
000301442 101920
000301443 96000
000301444 109440
000301445 65440
000301446 99200
000301447 78880
000301448 67040
000301449 69280
000301450 69280
000301451 72192
000301452 88800
000301453 76160
000301454 41664
000301455 80960
000301456 103040
000301457 72160
000301458 109072
000301459 58240
000301460 68480
000301461 73120
000301462 55312
000301463 84960
000301464 85760
000301465 57440
000301466 76000
000301467 61280
000301468 84160
000301469 73344
000301470 84320
000301471 59680
000301472 75840
000301473 54240
000301474 60000
000301475 102080
000301476 67680
000301477 92320
000301478 58192
000301479 73600
000301480 107040
000301481 83360
000301482 67360
000301483 66272
000301484 63232
000301485 70240
000301486 55248
000301487 89600
000301488 61600
000301489 114720
000301490 60400
000301491 52160
000301492 68912
000301493 54528
000301494 60480
000301495 60800
000301496 75840
000301497 56608
000301498 68320
000301499 73600
000301500 74080
000301501 71680
000301502 152160
000301503 58880
000301504 119680
000301505 156320
000301506 58960
000301507 88160
000301508 98880
000301509 69920
000301510 59408
000301511 119360
000301512 113440
000301513 60320
000301514 68640
000301515 150240
000301516 91360
000301517 131840
000301518 134720
000301519 41920
000301520 104640
000301521 103680
000301522 119152
000301523 93600
000301524 142880
000301525 70704
000301526 66400
000301527 62560
000301528 95840
000301529 137280
000301530 135680
000301531 75520
000301532 56720
000301533 55840
000301535 84192
000301536 152464
000301537 144320
000301538 44960
000301539 63200
000301540 72960
000301541 92960
000301542 93120
000301543 61760
000301544 55840
000301545 107344
000301546 148160
000301547 51040
000301548 99200
000301549 125440
000301550 132800
000301551 62240
000301552 89504
000301553 68352
000301554 92160
000301555 115680
000301556 115840
000301557 116800
000301558 135040
000301559 167200
000301560 48704
000301561 92000
000301562 104800
000301563 157440
000301564 63360
000301565 65456
000301566 84000
000301567 81120
000301568 122880
000301569 114400
000301570 123216
000301571 86880
000301572 111680
000301573 115200
000301574 83840
000301575 105280
000301576 72000
000301577 131840
000301578 161600
000301579 102720
000301580 163040
000301581 79840
000301582 129680
000301583 90144
000301584 60800
000301585 57600
000301586 78800
000301587 80640
000301588 127552
000301589 56480
000301590 125280
000301591 55200
000301592 118720
000301593 96640
000301594 52320
000301595 80960
000301596 64319
000301597 106240
000301598 82560
000301599 236960
000301600 81616
000301601 76320
000301602 132000
000301603 97760
000301604 103840
000301605 79840
000301606 97120
000301607 90400
000301608 89760
000301609 123360
000301610 69440
000301611 111680
000301612 153120
000301613 91520
000301614 127200
000301615 55520
000301616 79520
000301617 112960
000301618 77008
000301619 101760
000301620 77696
000301621 70560
000301622 62992
000301623 86400
000301624 74080
000301625 146560
000301626 85920
000301627 63200
000301628 60160
000301629 90400
000301630 81120
000301631 50752
000301632 145440
000301633 118400
000301634 73120
000301635 67680
000301636 76320
000301637 100000
000301638 109600
000301639 140480
000301640 97920
000301641 96640
000301642 108320
000301643 166080
000301644 94528
000301645 82880
000301646 81280
000301647 57760
000301648 95520
000301649 108320
000301650 109440
000301651 82096
000301652 146928
000301653 86720
000301654 130560
000301655 108000
000301656 109120
000301657 141920
000301658 72000
000301659 127040
000301660 86720
000301661 144000
000301662 116320
000301663 148480
000301664 80960
000301665 164800
000301666 105600
000301667 93440
000301668 93760
000301669 97920
000301670 131568
000301671 67088
000301672 133280
000301673 94080
000301674 107200
000301675 100960
000301676 81232
000301677 68288
000301678 49280
000301679 56512
000301680 120800
000301681 108832
000301682 65120
000301683 77600
000301684 68960
000301685 100272
000301686 138240
000301687 135040
000301688 151360
000301689 104160
000301690 136800
000301692 102880
000301693 109920
000301694 148320
000301695 124960
000301696 149440
000301697 141600
000301698 123200
000301699 162880
000301700 116320
000301701 134400
000301702 66432
000301704 164160
000301705 87200
000301706 105440
000301707 79360
000301708 145920
000301709 65760
000301710 60480
000301711 86560
000301712 63824
000301713 124960
000301714 133120
000301715 117920
000301716 133920
000301717 144800
000301718 141760
000301719 100800
000301720 130240
000301721 55040
000301722 56160
000301723 81760
000301724 38624
000301725 105440
000301726 138400
000301727 181600
000301728 107360
000301729 52160
000301730 71040
000301731 68640
000301732 67200
000301733 164640
000301734 53696
000301735 186880
000301736 149760
000301737 78080
000301738 105920
000301739 146560
000301740 48400
000301741 98400
000301742 136160
000301743 99200
000301744 135040
000301745 68480
000301746 57120
000301747 107200
000301748 201440
000301749 123520
000301750 124000
000301751 61664
000301752 151680
000301753 121760
000301754 62560
000301755 54368
000301756 123840
000301757 83840
000301758 53600
000301759 121760
000301760 183200
000301761 133280
000301762 103744
000301763 130560
000301764 97280
000301765 61984
000301766 71680
000301767 68432
000301768 136640
000301769 103520
000301770 106880
000301771 106080
000301772 55360
000301773 94240
000301774 122240
000301775 85792
000301776 82080
000301777 110240
000301778 55360
000301779 70240
000301780 108640
000301781 77392
000301782 142880
000301783 114720
000301784 59808
000301785 111840
000301786 136000
000301787 49328
000301788 104640
000301789 94784
000301790 57280
000301791 82928
000301792 126448
000301793 91840
000301794 158560
000301795 110080
000301796 65600
000301797 84576
000301798 55520
000301799 156640
000301800 124480
000310001 67360
000310002 167360
000310003 97344
000310004 128000
000310005 146320
000310006 90400
000310007 114240
000310008 92000
000310009 78832
000310010 116544
000310011 84016
000310012 140480
000310013 93680
000310014 139936
000310015 116400
000310016 164320
000310017 84640
000310018 94720
000310019 141440
000310020 85600
000310021 44912
000310022 65280
000310023 72000
000310024 63568
000310025 91360
000310026 59584
000310027 60640
000310028 51408
000310029 65120
000310030 67520
000310031 69984
000310032 67072
000310033 88768
000310034 100208
000310035 45808
000310036 57968
000310037 86240
000310038 57312
000310039 64224
000310040 70144
000310041 36096
000310042 39200
000310043 62720
000310044 53920
000310046 50256
000310047 49440
000310048 83360
000310049 56496
000310050 58720
000310051 50560
000310052 78160
000310053 47088
000310054 48000
000310055 63040
000310056 74880
000310057 80640
000310058 64800
000310059 64784
000310060 80640
000310061 60320
000310062 60160
000310063 84160
000310064 67360
000310065 63248
000310066 54160
000310067 61440
000310068 76800
000310069 72640
000310070 67200
000310071 56480
000310072 69872
000310073 67520
000310074 71520
000310075 60960
000310076 112320
000310077 52320
000310078 89600
000310079 67200
000310080 47760
000310081 59696
000310082 103280
000310083 67904
000310084 67040
000310086 64319
000310087 67360
000310088 78080
000310089 107200
000310090 87040
000310091 96496
000310092 116800
000310093 78000
000310094 67680
000310095 71520
000310096 64111
000310097 63104
000310098 97088
000310100 73440
000310101 85440
000310103 83840
000310104 134880
000310105 119472
000310106 113280
000310108 107680
000310109 82064
000310110 141888
000310111 127392
000310114 87072
000310115 111520
000310116 145712
000310117 106560
000310118 75440
000310119 91264
000310120 95680
000310121 118128
000310122 121952
000310123 165280
000310124 86768
000310125 88528
000310126 92448
000310127 153808
000310128 55360
000310129 90720
000310130 77520
000310131 65280
000310133 81088
000310134 112800
000310136 58320
000310137 92512
000310138 56448
000310139 57280
000310140 103568
000310141 121936
000310142 44608
000310143 79520
000310144 82400
000310145 92320
000310146 101440
000310147 102240
000310148 127168
000310149 134432
000310150 49600
000310151 60592
000310152 94832
000310153 65360
000310154 71536
000310155 93328
000310156 97920
000310157 59520
000310158 76160
000310159 52976
000310160 98672
000310161 108160
000310162 55360
000310163 82512
000310164 133760
000310165 90960
000310166 81088
000310167 93920
000310168 101120
000310169 67040
000310170 114880
000310171 123520
000310172 77280
000310174 119312
000310175 47152
000310176 164640
000310178 100640
000310179 105120
000310180 93120
000310181 87360
000310182 118256
000310184 124480
000310185 106080
000310186 50880
000310187 47424
000310188 89552
000310190 90880
000310192 96480
000310193 115920
000310194 65471
000310196 88640
000310197 68304
000310198 105280
000310200 133136
000310201 102880
000310202 64224
000310203 50144
000310204 116800
000310205 79040
000310206 120000
000310207 50400
000310208 57120
000310209 65920
000310210 70128
000310211 91360
000310212 111040
000310213 67776
000310214 79680
000310215 120960
000310216 85936
000310217 41808
000310218 58560
000310219 112032
000310220 118880
000310221 102880
000310222 62528
000310223 71920
000310224 115088
000310225 104960
000310226 136640
000310227 82800
000310228 128223
000310229 103472
000310230 71632
000310231 70400
000310232 82336
000310233 129295
000310235 122432
000310236 130080
000310237 117280
000310238 84752
000310239 145280
000310240 46720
000310241 64623
000310242 92960
000310243 82848
000310244 124800
000310245 49440
000310246 109600
000310247 49440
000310248 121120
000310249 92336
000310250 58256
000310251 82080
000310252 44496
000310253 108608
000310254 47488
000310255 112032
000310256 77120
000310257 147184
000310258 59088
000310259 84208
000310260 111888
000310261 87552
000310262 55520
000310263 103200
000310264 98080
000310265 119360
000310266 121120
000310267 116320
000310268 73888
000310269 96752
000310270 61440
000310271 48192
000310272 80976
000310273 123232
000310274 84880
000310275 94224
000310276 134352
000310277 122048
000310278 88320
000310279 99392
000310281 130479
000310282 87104
000310283 145600
000310284 72112
000310285 72032
000310286 73760
000310287 41920
000310288 163040
000310289 44800
000310290 104048
000310291 72960
000310293 76720
000310294 80416
000310295 108832
000310296 46080
000310297 55360
000310298 101856
000310299 140160
000310300 72480
000310302 90240
000310303 133600
000310304 152288
000310305 148768
000310306 89440
000310307 43840
000310308 63680
000310309 102576
000310310 44320
000310311 125600
000310312 133440
000310313 71984
000310314 120160
000310315 71040
000310316 75920
000310317 122784
000310318 72640
000310319 106336
000310320 98896
000310321 119440
000310322 72000
000310323 67840
000310324 49920
000310325 50080
000310326 99200
000310327 91360
000310328 79680
000310329 55840
000310330 60544
000310331 144000
000310332 125600
000310333 148320
000310334 59760
000310335 128960
000310336 70880
000310337 143840
000310338 56800
000310339 64912
000310340 125600
000310341 106080
000310342 83360
000310343 52640
000310344 121120
000310345 76800
000310346 113136
000310347 110720
000310348 96480
000310349 114912
000310351 96480
000310352 101616
000310353 117760
000310354 93584
000310355 138560
000310356 84800
000310357 55984
000310358 106064
000310359 107808
000310360 64256
000310361 81120
000310362 49520
000310363 52944
000310364 72320
000310365 84800
000310366 132048
000310367 62880
000310368 62560
000310369 102720
000310370 84000
000310372 103520
000310373 78640
000310374 73280
000310375 136800
000310376 55360
000310377 93760
000310379 120000
000310380 77760
000310381 87344
000310382 97280
000310383 42592
000310384 94400
000310385 64800
000310386 60352
000310387 66832
000310389 56960
000310390 58608
000310391 80160
000310392 91520
000310393 65312
000310394 105600
000310395 78880
000310396 59040
000310397 128943
000310398 87072
000310399 133600
000310400 115840
000311402 82400
000311403 66864
000311404 86560
000311406 58560
000311407 65952
000311408 76320
000311409 50816
000311410 71152
000311411 83088
000311412 84160
000311414 87920
000311415 55520
000311416 70384
000311418 58736
000311420 50048
000311421 44000
000311422 55904
000311423 49392
000311424 58880
000311425 55088
000311426 57584
000311427 87200
000311428 58064
000311429 50560
000311430 69760
000311431 44400
000311432 81920
000311433 88000
000311434 66560
000311435 57392
000311436 62080
000311437 49552
000311438 57440
000311439 103040
000311440 45616
000311441 72800
000311443 85088
000311444 90144
000311445 63360
000311446 79200
000311447 64208
000311448 55280
000311449 58800
000311450 62720
000311451 81120
000311453 77280
000311454 44224
000311456 72160
000311457 77872
000311458 94560
000311459 58320
000311460 66240
000311462 49424
000311463 76848
000311464 73760
000311465 60768
000311466 75952
000311467 55520
000311468 65856
000311470 69920
000311471 60416
000311472 78032
000311474 53760
000311475 76800
000311476 73136
000311477 81120
000311478 52800
000311479 79808
000311480 103520
000311481 73808
000311482 62080
000311483 56400
000311485 61280
000311487 78560
000311488 56224
000311489 90880
000311490 51600
000311491 58688
000311492 62672
000311493 49648
000311494 58448
000311495 56496
000311496 73184
000311497 55040
000311498 64144
000311499 73680
000311500 64480
000311501 108960
000311502 70560
000311503 93440
000311504 85744
000311505 65584
000311506 62512
000311507 48160
000311508 162720
000311509 63888
000311510 103040
000311511 75200
000311512 68176
000311513 90416
000311514 96896
000311515 70560
000311516 88960
000311517 53840
000311518 126400
000311519 51200
000311520 72800
000311521 121776
000311523 47872
000311524 176752
000311525 85360
000311527 134880
000311528 114240
000311529 78240
000311530 82400
000311531 99040
000311532 68800
000311534 102080
000311535 60640
000311536 68480
000311537 54400
000311538 109456
000311539 74864
000311540 109120
000311541 48464
000311542 60528
000311543 63408
000311544 98944
000311546 137600
000311547 81552
000311548 35696
000311549 73600
000311550 80480
000311551 123840
000311552 60848
000311553 67520
000311554 53088
000311555 87840
000311556 108960
000311557 60528
000311558 149440
000311559 85920
000311560 90784
000311561 68480
000311562 82560
000311563 72640
000311564 63552
000311565 102816
000311566 81200
000311567 47824
000311568 189920
000311569 79200
000311570 91200
000311571 71568
000311572 122720
000311573 129280
000311574 88160
000311575 47360
000311576 89280
000311577 73184
000311578 62720
000311580 66896
000311581 48080
000311582 104960
000311583 57264
000311584 121600
000311585 75536
000311586 109760
000311587 80032
000311588 88880
000311589 97120
000311590 83280
000311591 116096
000311592 90560
000311593 140800
000311594 152944
000311595 140160
000311596 113600
000311597 53360
000311598 176464
000311599 131360
000311600 98880
000311601 96640
000311602 90032
000311603 128639
000311604 163360
000311605 64319
000311606 51936
000311607 123632
000311608 58368
000311609 88960
000311610 106672
000311613 108240
000311614 104208
000311615 53024
000311616 109248
000311617 78592
000311618 54240
000311619 57232
000311620 115520
000311621 76768
000311622 65904
000311623 109008
000311624 94720
000311625 96784
000311626 106080
000311627 60960
000311628 99296
000311629 71344
000311630 64944
000311631 128639
000311632 89488
000311633 92256
000311634 59520
000311635 90416
000311636 104960
000311637 93632
000311638 126560
000311639 139840
000311640 101600
000311641 52448
000311642 76624
000311643 138560
000311644 50880
000311645 50880
000311646 99616
000311647 83120
000311648 92944
000311651 83200
000311652 83696
000311653 108464
000311655 56640
000311656 71520
000311657 117664
000311658 117280
000311660 123840
000311661 130560
000311662 91840
000311663 74400
000311664 105120
000311665 69440
000311666 138416
000311667 65840
000311668 94720
000311669 62560
000311670 57920
000311671 67680
000311672 62768
000311673 93600
000311674 88480
000311675 64560
000311676 74240
000311677 78560
000311678 83520
000311679 97600
000311680 101600
000311681 71200
000311682 55328
000311683 98080
000311684 46368
000311685 110400
000311686 117920
000311687 135520
000311688 58880
000311689 105920
000311690 135312
000311691 67456
000311692 100640
000311694 82928
000311695 76960
000311696 51040
000311697 96000
000311698 91680
000311699 106528
000311700 106560
000311701 129024
000311702 106272
000311703 51168
000311704 56544
000311706 115360
000311707 97472
000311708 85920
000311709 115840
000311710 48640
000311711 77280
000311712 127840
000311716 70832
000311717 61600
000311718 78752
000311720 53280
000311721 70880
000311722 147040
000311723 128960
000311724 119200
000311725 130240
000311726 83200
000311727 68560
000311728 80784
000311729 46080
000311730 69312
000311731 51040
000311732 59808
000311733 50240
000311734 134880
000311735 70224
000311736 66000
000311737 103952
000311738 43328
000311739 60448
000311740 84624
000311741 115200
000311742 95360
000311743 79472
000311744 75536
000311745 65280
000311746 79200
000311747 124160
000311748 124960
000311750 59792
000311751 83264
000311752 103424
000311753 96320
000311755 107520
000311756 52480
000311757 57440
000311758 67040
000311759 69440
000311760 48640
000311761 67200
000311762 116800
000311763 77760
000311764 58272
000311765 120480
000311767 55728
000311768 86400
000311769 95520
000311770 98288
000311771 119472
000311772 175200
000311774 94080
000311775 67072
000311776 146240
000311777 45152
000311778 60800
000311779 84480
000311780 83520
000311781 93120
000311782 91680
000311783 81120
000311784 43200
000311785 130080
000311786 44000
000311787 124800
000311788 54560
000311790 67840
000311791 41808
000311792 112480
000311793 86976
000311794 123680
000311795 93760
000311796 102720
000311797 51840
000311798 113600
000311800 82400
000320001 69600
000320002 177120
000320003 91520
000320004 114880
000320005 141760
000320006 87360
000320007 107200
000320008 99856
000320009 78560
000320010 112320
000320012 145280
000320013 96640
000320014 149280
000320015 115504
000320016 161120
000320017 98720
000320019 145808
000320020 88960
000320021 48992
000320023 74624
000320026 62240
000320027 60160
000320029 68768
000320030 67936
000320031 80320
000320032 73120
000320033 90992
000320034 114240
000320037 85280
000320038 58400
000320040 71840
000320042 40480
000320043 60000
000320044 51616
000320046 49440
000320047 45920
000320048 88320
000320049 55392
000320050 64160
000320052 77280
000320053 43232
000320054 43264
000320057 82848
000320058 69200
000320059 60240
000320060 69568
000320061 64480
000320062 59232
000320063 93856
000320064 71840
000320065 62880
000320067 58880
000320068 83200
000320070 64128
000320072 74240
000320073 75200
000320075 65600
000320076 105600
000320078 93920
000320079 76688
000320080 44768
000320081 59632
000320082 96160
000320083 67200
000320084 69760
000320085 70320
000320089 111200
000320090 83360
000320092 123680
000320093 77600
000320094 69440
000320095 75776
000320096 72160
000320097 63360
000320102 113600
000320103 88128
000320107 73872
000320108 139840
000320109 83792
000320110 70080
000320111 119008
000320118 134080
000320119 110080
000320120 66528
000320121 91216
000320122 157280
000320123 106240
000320127 69328
000320128 112992
000320129 114512
000320130 91904
000320133 141760
000320134 98000
000320135 166400
000320136 98560
000320140 58912
000320141 71792
000320142 99392
000320144 128800
000320145 145008
000320146 102880
000320147 157120
000320148 83360
000320149 125120
000320151 58720
000320152 104960
000320153 65760
000320154 92160
000320155 103520
000320156 106224
000320157 58048
000320160 116480
000320161 90880
000320163 74544
000320165 99360
000320166 85600
000320167 59184
000320169 98368
000320171 105824
000320172 99840
000320174 53456
000320175 166240
000320176 95552
000320177 163360
000320180 130368
000320182 85952
000320183 130448
000320184 66880
000320185 113440
000320190 51040
000320191 90080
000320192 86240
000320194 89664
000320195 69344
000320196 70544
000320197 57040
000320198 92288
000320202 115520
000320203 98880
000320205 129440
000320209 107904
000320211 141920
000320212 112960
000320213 77568
000320215 74560
000320217 112960
000320218 118160
000320221 82224
000320222 127520
000320223 51376
000320224 131200
000320225 52640
000320228 92160
000320229 90240
000320230 60336
000320231 116000
000320232 87456
000320235 156160
000320236 200160
000320237 76912
000320238 149312
000320240 152000
000320242 53440
000320243 125920
000320247 92608
000320250 92304
000320252 82080
000320253 130720
000320254 96576
000320255 125632
000320256 61584
000320257 72832
000320258 90080
000320260 117760
000320261 100320
000320262 113120
000320263 121440
000320265 124896
000320268 189280
000320270 74256
000320272 81824
000320273 99680
000320275 61616
000320276 65391
000320278 121984
000320279 129120
000320280 102240
000320281 85456
000320282 99680
000320285 73920
000320286 54208
000320287 121984
000320288 66032
000320291 94096
000320292 94080
000320293 159984
000320294 57168
000320295 110720
000320296 69744
000320297 74656
000320298 120320
000320300 79840
000320302 96368
000320304 100832
000320305 132800
000320306 113760
000320308 145856
000320309 146080
000320310 78912
000320311 139984
000320312 81600
000320313 147472
000320314 47072
000320315 103840
000320316 132960
000320317 59456
000320319 105280
000320323 122880
000320324 76960
000320325 132432
000320326 99200
000320327 83040
000320328 118128
000320330 98976
000320334 96320
000320335 65600
000320336 83952
000320337 67680
000320340 103520
000320341 95616
000320343 114720
000320345 82416
000320346 144800
000320348 135360
000320349 86880
000320350 90848
000320351 81760
000320352 107200
000320354 136000
000320357 138080
000320358 100048
000320359 99360
000320360 74368
000320362 53360
000320366 104656
000320367 122560
000320368 46176
000320369 57920
000320370 114400
000320371 115232
000320373 112416
000320374 130080
000320375 73440
000320376 128160
000320377 115824
000320378 111760
000320379 86720
000320380 109760
000320382 144656
000320383 112224
000320386 88000
000320387 145760
000320388 62080
000320389 127040
000320390 68176
000320391 100960
000320392 62080
000320394 90400
000320395 105120
000320396 144800
000320397 93920
000320398 149120
000320399 71264
000320400 167792
000321401 62448
000321402 81920
000321403 71040
000321406 59856
000321408 74880
000321411 85120
000321412 79360
000321414 95200
000321415 58560
000321416 72032
000321419 61120
000321422 56800
000321423 50560
000321424 64319
000321425 55520
000321428 51360
000321429 49280
000321430 76800
000321432 71520
000321433 89760
000321434 69600
000321435 53712
000321436 64144
000321437 53280
000321438 56480
000321439 93120
000321441 77120
000321442 77328
000321443 76752
000321444 88160
000321447 64959
000321448 63200
000321450 70560
000321453 93440
000321454 46544
000321456 78224
000321461 74784
000321463 83840
000321464 75488
000321465 60160
000321466 68800
000321467 61440
000321468 72480
000321470 67344
000321471 56800
000321475 73872
000321476 63680
000321477 74224
000321478 53600
000321479 75840
000321480 100464
000321482 68960
000321483 61872
000321484 62352
000321485 74560
000321487 84000
000321488 66544
000321489 106064
000321492 65552
000321494 60480
000321495 56800
000321496 68560
000321497 57440
000321498 62880
000321499 69040
000321500 72000
000321501 65471
000321503 67664
000321504 127200
000321505 82672
000321506 68000
000321507 74288
000321508 104864
000321509 46944
000321510 130704
000321511 115600
000321513 106720
000321514 66720
000321515 121280
000321517 87680
000321518 132800
000321519 143520
000321522 154400
000321523 115040
000321525 59920
000321526 111840
000321527 75040
000321528 126720
000321530 46320
000321531 86864
000321532 119200
000321533 117120
000321534 96640
000321535 93744
000321536 89600
000321537 72368
000321538 83984
000321539 90352
000321540 85408
000321541 51696
000321542 107520
000321543 98960
000321544 87200
000321545 98560
000321546 67840
000321547 112800
000321548 166240
000321549 61920
000321550 69760
000321551 130560
000321553 91520
000321554 101280
000321555 71520
000321556 126880
000321557 92800
000321558 90720
000321559 111520
000321560 57936
000321561 55840
000321562 126784
000321563 150560
000321565 117920
000321567 120320
000321568 65280
000321569 103360
000321570 86880
000321571 76960
000321573 58608
000321574 177136
000321575 108960
000321576 75632
000321577 90320
000321578 105600
000321579 111200
000321580 94400
000321581 60304
000321582 99360
000321583 87616
000321584 66560
000321585 129919
000321586 80800
000321589 114560
000321591 89040
000321592 114720
000321593 104512
000321594 161440
000321595 120256
000321596 82240
000321597 100320
000321598 118960
000321599 140800
000321600 110560
000321601 65600
000321602 186880
000321604 99632
000321605 70880
000321606 109328
000321607 103472
000321608 75536
000321609 102592
000321610 44704
000321611 95040
000321612 54912
000321613 66400
000321614 73920
000321615 112800
000321616 76320
000321617 103520
000321618 88208
000321619 85760
000321620 110384
000321621 69440
000321622 95040
000321623 93552
000321624 62160
000321627 44800
000321628 78400
000321629 96512
000321631 58656
000321632 64800
000321634 70880
000321635 90544
000321636 80064
000321637 113760
000321638 49488
000321639 106832
000321640 111120
000321643 81472
000321644 111552
000321645 157120
000321647 66896
000321648 105760
000321649 117760
000321650 79824
000321651 90528
000321652 125760
000321653 84432
000321654 41280
000321655 67984
000321656 87248
000321658 68928
000321659 71040
000321660 110368
000321661 121088
000321662 90608
000321663 85920
000321664 79360
000321665 185248
000321666 113584
000321667 96160
000321668 62592
000321669 110400
000321670 81760
000321671 61088
000321672 88224
000321673 126288
000321674 123120
000321675 101040
000321677 100960
000321678 70560
000321679 105712
000321680 130720
000321681 100320
000321682 76112
000321684 62400
000321685 97760
000321686 79360
000321687 91520
000321688 87312
000321689 112800
000321690 120480
000321691 75632
000321692 64944
000321693 102080
000321694 110720
000321695 63776
000321696 57440
000321697 75568
000321698 44480
000321699 77440
000321700 68160
000321701 110128
000321702 133920
000321703 69600
000321705 94240
000321706 110080
000321707 126880
000321708 157600
000321709 68480
000321710 119520
000321711 69440
000321712 75680
000321714 97280
000321715 72960
000321716 69280
000321717 105120
000321718 111616
000321719 141600
000321720 115168
000321721 84640
000321722 102080
000321723 103840
000321724 118560
000321726 113408
000321727 110880
000321728 108752
000321729 93760
000321730 148960
000321731 64000
000321732 57456
000321733 138880
000321734 59680
000321736 66928
000321737 89920
000321738 52208
000321739 165920
000321740 71184
000321742 130080
000321743 103360
000321744 61600
000321746 94080
000321747 49600
000321748 111680
000321749 160720
000321750 98160
000321751 87200
000321752 83296
000321753 99200
000321754 101968
000321755 41120
000321756 57280
000321757 83120
000321760 63360
000321761 93920
000321764 81280
000321765 101600
000321766 133120
000321767 98240
000321768 84784
000321769 96640
000321770 110240
000321771 131360
000321772 145920
000321773 161600
000321774 66880
000321776 60368
000321777 102240
000321778 45536
000321780 50528
000321781 65760
000321782 65920
000321784 73440
000321785 63040
000321786 106240
000321787 96560
000321788 68416
000321789 93792
000321790 76000
000321791 111840
000321793 143552
000321794 73760
000321795 102080
000321796 53920
000321797 162400
000321798 154880
000321799 154560
000321800 89760
000330001 63680
000330002 161520
000330003 96480
000330004 123680
000330005 139040
000330006 86240
000330007 100320
000330008 96464
000330009 70688
000330010 104320
000330012 131984
000330014 142880
000330015 113536
000330016 155040
000330017 91680
000330018 97760
000330019 140000
000330020 83040
000330021 47856
000330022 66688
000330023 70336
000330024 63120
000330025 86720
000330026 63040
000330027 61808
000330028 52688
000330029 63168
000330030 77968
000330031 70640
000330032 67040
000330033 79920
000330034 100960
000330035 44752
000330036 60160
000330037 79200
000330038 55840
000330039 60496
000330040 73280
000330042 42784
000330043 63680
000330044 50784
000330045 51360
000330046 45696
000330047 48800
000330048 86080
000330049 54240
000330050 59360
000330052 76640
000330053 42400
000330055 56160
000330056 72656
000330057 76000
000330058 63040
000330059 63424
000330060 67200
000330061 59840
000330062 56384
000330063 86240
000330064 65600
000330065 62560
000330066 55040
000330067 58928
000330068 72800
000330069 67360
000330070 65728
000330071 54128
000330072 77264
000330073 69264
000330074 73600
000330075 61920
000330076 100960
000330077 60960
000330079 70560
000330081 57600
000330082 91520
000330083 64592
000330084 73312
000330085 77120
000330086 67040
000330087 70240
000330088 70544
000330089 95040
000330090 80000
000330091 81568
000330092 104000
000330093 68800
000330094 61968
000330095 85760
000330096 67360
000330097 64480
000330098 86320
000330099 63040
000330100 76096
000330101 73600
000330102 63840
000330104 77248
000330105 78240
000330106 153120
000330107 57152
000330108 147200
000330109 82400
000330110 95680
000330111 114560
000330112 135040
000330113 105280
000330114 100800
000330115 110560
000330117 72480
000330118 126720
000330120 74880
000330122 86400
000330123 88160
000330124 54096
000330125 100944
000330127 51024
000330128 92560
000330129 82080
000330130 78720
000330131 103520
000330133 117360
000330134 67696
000330135 82720
000330136 137328
000330137 72208
000330138 63360
000330139 92960
000330140 124800
000330141 96368
000330142 115200
000330143 63040
000330145 54240
000330146 87360
000330147 59040
000330148 97440
000330149 81760
000330150 88624
000330151 106560
000330152 87680
000330153 53280
000330154 63360
000330155 79360
000330156 62560
000330157 117920
000330158 85440
000330159 68560
000330160 131840
000330161 92608
000330162 69760
000330163 64640
000330164 90400
000330165 80640
000330166 93760
000330167 104496
000330168 84256
000330169 127840
000330170 52832
000330171 98880
000330172 122128
000330173 180160
000330174 66720
000330175 61536
000330177 60800
000330179 103200
000330180 86080
000330181 59840
000330182 119040
000330183 108320
000330184 64959
000330185 39040
000330187 86400
000330188 109440
000330189 60320
000330190 70240
000330191 120480
000330192 121920
000330193 117920
000330194 86880
000330195 56960
000330196 73120
000330197 147360
000330198 132800
000330199 83680
000330200 49600
000330201 95520
000330203 85648
000330204 134624
000330205 70720
000330206 69440
000330209 94400
000330210 84768
000330211 99776
000330212 57088
000330213 113120
000330214 94016
000330215 72064
000330216 88544
000330217 95072
000330218 117280
000330219 104352
000330220 149120
000330221 74880
000330222 96720
000330223 104480
000330224 79712
000330225 116368
000330226 83840
000330227 74240
000330228 85792
000330230 73440
000330232 71904
000330233 104272
000330234 95824
000330235 70528
000330236 93440
000330237 40288
000330238 103648
000330240 72672
000330241 47216
000330242 108320
000330243 104320
000330244 85280
000330245 115360
000330246 71952
000330247 100864
000330248 43824
000330249 90448
000330250 55856
000330251 78816
000330252 46448
000330253 100672
000330254 71296
000330255 125984
000330256 52128
000330257 101808
000330258 80896
000330259 87200
000330260 75520
000330261 126864
000330262 103072
000330264 79568
000330265 71840
000330266 79840
000330267 59216
000330268 78368
000330270 43200
000330271 92800
000330272 54544
000330273 89920
000330274 86944
000330276 61824
000330277 77920
000330279 102080
000330280 97216
000330281 45584
000330282 80624
000330283 47024
000330284 69600
000330285 69536
000330286 67360
000330288 82880
000330290 105216
000330291 91968
000330293 97328
000330294 79024
000330295 39568
000330296 103040
000330297 105680
000330298 103792
000330299 77744
000330300 76160
000330302 51376
000330303 48544
000330304 104912
000330305 68960
000330306 90224
000330307 122048
000330308 81808
000330309 95040
000330310 106720
000330311 42064
000330312 86080
000330313 91504
000330314 49264
000330315 80480
000330316 64272
000330317 82928
000330319 62464
000330320 68480
000330321 60752
000330322 120752
000330323 91200
000330324 71760
000330325 89680
000330326 81712
000330327 45744
000330328 89440
000330329 79040
000330330 84928
000330332 93600
000330333 68208
000330334 109920
000330335 89552
000330336 67536
000330337 49056
000330338 85312
000330339 43360
000330340 68080
000330341 87888
000330342 72368
000330343 75056
000330344 48960
000330345 61408
000330346 74944
000330347 85680
000330348 78640
000330349 70080
000330350 79200
000330351 92576
000330352 93664
000330353 91376
000330354 112464
000330355 90240
000330356 121600
000330358 87248
000330359 84640
000330360 43152
000330361 81424
000330362 45696
000330363 91856
000330364 78832
000330365 65120
000330366 51296
000330367 94848
000330368 48480
000330369 90944
000330370 70864
000330373 47376
000330374 82704
000330375 85872
000330376 136000
000330377 95680
000330378 117120
000330379 83104
000330380 86512
000330381 73232
000330382 136112
000330383 46080
000330384 85072
000330385 70208
000330386 83232
000330387 69808
000330388 42544
000330390 70416
000330391 59248
000330392 143040
000330393 65376
000330394 154112
000330395 46976
000330396 58096
000330397 74208
000330398 99312
000330399 109792
000330400 112960
000331401 58352
000331402 74720
000331403 64480
000331404 78880
000331405 62240
000331406 53280
000331407 59840
000331408 68320
000331409 47504
000331410 52896
000331411 73600
000331412 71200
000331413 41280
000331414 78560
000331415 55200
000331416 62720
000331418 58880
000331419 52000
000331420 43696
000331421 43552
000331422 52000
000331423 50880
000331424 60640
000331425 52800
000331426 53760
000331427 72320
000331428 51200
000331429 43792
000331430 63840
000331431 41520
000331432 64319
000331433 71840
000331434 57760
000331435 53728
000331436 58240
000331437 46176
000331438 55840
000331439 71840
000331440 41152
000331441 64000
000331442 58528
000331443 64736
000331444 76640
000331445 49440
000331446 66944
000331447 55040
000331448 53760
000331449 56080
000331450 69920
000331451 68224
000331452 77568
000331453 70240
000331456 65120
000331457 69168
000331458 81440
000331459 48384
000331460 58720
000331461 55088
000331462 45872
000331463 69136
000331464 62880
000331465 52960
000331466 64319
000331467 53760
000331468 60800
000331469 61264
000331470 60160
000331471 53344
000331472 66400
000331473 46512
000331474 50320
000331475 72608
000331476 65120
000331478 52960
000331479 64480
000331480 86480
000331481 61536
000331482 62704
000331483 54224
000331484 51520
000331485 59520
000331487 67040
000331488 58240
000331489 82400
000331490 51040
000331491 50240
000331492 59360
000331493 46544
000331494 58080
000331495 53440
000331496 65440
000331497 49600
000331498 64239
000331499 64160
000331500 60640
000331501 68320
000331502 78880
000331503 86848
000331504 52944
000331505 91200
000331506 65776
000331507 64640
000331508 96800
000331509 66720
000331510 71680
000331511 86032
000331512 78080
000331513 104320
000331514 62880
000331515 57920
000331516 81120
000331517 123040
000331518 98080
000331519 88592
000331520 111680
000331521 95840
000331522 68480
000331523 50080
000331524 83680
000331525 81440
000331526 78720
000331527 113280
000331528 109280
000331529 65920
000331530 91360
000331531 69760
000331532 82256
000331533 41504
000331534 80768
000331535 82720
000331536 92800
000331537 134560
000331538 109280
000331539 51776
000331540 90240
000331541 79680
000331542 57456
000331543 60400
000331544 90880
000331545 81440
000331546 96800
000331548 99040
000331549 88640
000331550 58880
000331551 93920
000331552 106080
000331553 46240
000331554 73440
000331555 92320
000331556 43344
000331557 66336
000331558 55328
000331559 93120
000331560 60800
000331561 103680
000331562 82080
000331563 76176
000331564 76640
000331565 101760
000331566 83680
000331567 53120
000331568 95680
000331569 51520
000331571 78368
000331572 89392
000331573 61504
000331574 78240
000331575 103200
000331576 103840
000331577 124480
000331578 77600
000331580 110560
000331581 94880
000331582 112960
000331583 64959
000331584 139360
000331585 156960
000331587 92800
000331588 76160
000331589 65920
000331590 129120
000331592 43392
000331593 75680
000331594 141440
000331595 136960
000331596 58736
000331597 79040
000331598 60752
000331599 77024
000331600 91360
000331601 72032
000331603 103040
000331604 107840
000331605 55872
000331606 115680
000331607 57408
000331608 40400
000331609 98512
000331610 58304
000331611 107200
000331612 93584
000331613 87360
000331614 98240
000331615 95040
000331616 64239
000331617 60320
000331618 80464
000331620 88000
000331621 131680
000331622 93952
000331623 65440
000331625 76944
000331627 81616
000331628 69600
000331629 62432
000331630 85056
000331631 87760
000331632 66512
000331634 72000
000331635 64176
000331636 44480
000331637 116640
000331638 66880
000331639 88304
000331640 77648
000331641 99456
000331642 72480
000331643 118240
000331644 55168
000331645 47984
000331646 79216
000331647 106640
000331649 119680
000331650 127520
000331651 45536
000331652 64000
000331653 63488
000331654 52160
000331655 50288
000331656 58464
000331657 87632
000331658 75904
000331659 71488
000331660 68160
000331661 58720
000331663 103680
000331664 55200
000331665 47456
000331666 94400
000331667 98400
000331668 71584
000331669 44288
000331670 113952
000331671 56800
000331672 89296
000331673 74560
000331674 71040
000331675 38720
000331677 106384
000331678 73696
000331679 77760
000331680 92000
000331681 123216
000331682 71520
000331683 67840
000331684 62720
000331685 102240
000331686 147840
000331687 56640
000331688 51520
000331689 71680
000331690 77536
000331691 132640
000331692 95040
000331693 51008
000331694 82080
000331695 72608
000331696 99200
000331698 55328
000331699 113120
000331700 65072
000331701 118080
000331702 55872
000331703 83680
000331704 111360
000331705 57760
000331706 81120
000331707 66240
000331708 112000
000331710 114720
000331711 102080
000331715 109840
000331716 101376
000331717 41040
000331718 76448
000331719 63936
000331720 70912
000331721 67680
000331722 125760
000331724 81440
000331728 57664
000331729 92480
000331730 86720
000331731 47840
000331732 112960
000331733 97120
000331734 98080
000331735 85600
000331736 74688
000331737 86240
000331739 64703
000331741 79760
000331742 72800
000331743 84608
000331745 128639
000331746 113312
000331747 76032
000331748 39440
000331749 86944
000331751 92736
000331752 80800
000331753 53568
000331754 67456
000331755 70080
000331756 80960
000331757 75216
000331758 127840
000331759 66256
000331760 62720
000331761 121760
000331762 85008
000331763 126560
000331764 97744
000331765 70080
000331766 88640
000331767 79040
000331768 148320
000331769 88976
000331770 71024
000331771 44800
000331772 59264
000331773 64032
000331774 93920
000331775 65792
000331776 102848
000331777 119840
000331778 59200
000331779 88320
000331780 79936
000331781 64400
000331782 75472
000331784 67840
000331785 75200
000331786 117120
000331787 70400
000331788 97120
000331789 47296
000331790 99296
000331791 89440
000331792 129759
000331793 125280
000331794 93808
000331795 104000
000331796 106080
000331797 51552
000331798 107680
000331799 104640
000331800 73632
000340001 64959
000340002 150000
000340003 88800
000340004 107296
000340005 125120
000340006 82544
000340007 96800
000340008 88960
000340009 77120
000340010 95520
000340011 81152
000340012 108320
000340013 80000
000340014 127520
000340015 113600
000340016 140960
000340017 83360
000340018 87200
000340019 127840
000340020 81280
000340021 46672
000340022 59264
000340023 68016
000340024 64768
000340025 78272
000340026 55200
000340027 56736
000340028 48608
000340029 59264
000340030 64336
000340031 67520
000340032 69440
000340033 78400
000340034 93600
000340036 56816
000340037 75680
000340038 55632
000340039 60480
000340040 69216
000340042 39968
000340043 57552
000340044 44224
000340045 46128
000340046 42672
000340047 47360
000340048 86560
000340049 51360
000340050 59520
000340052 73760
000340053 41712
000340055 56448
000340056 66880
000340057 69920
000340058 68064
000340059 62656
000340060 66400
000340061 54560
000340062 55680
000340063 77600
000340064 62080
000340065 62080
000340066 55232
000340068 71200
000340069 60944
000340070 64703
000340071 51712
000340072 70288
000340073 64256
000340074 79632
000340075 58560
000340076 96000
000340077 57440
000340078 83360
000340079 66560
000340081 58240
000340082 83360
000340083 61120
000340084 66560
000340085 65600
000340086 64319
000340087 70560
000340088 64176
000340089 97920
000340090 79072
000340092 107312
000340093 75680
000340095 69744
000340096 65952
000340097 62720
000340098 88160
000340099 67344
000340100 70400
000340101 104000
000340102 83040
000340103 80160
000340104 109760
000340105 62112
000340106 71840
000340107 92800
000340108 58752
000340109 114224
000340110 101600
000340111 84832
000340112 58080
000340113 92576
000340114 83328
000340115 111632
000340116 92480
000340117 105280
000340118 82560
000340119 68464
000340120 85120
000340121 84688
000340122 91488
000340124 108912
000340125 102080
000340126 85712
000340127 95200
000340128 95840
000340129 107360
000340130 75840
000340131 94880
000340132 70896
000340134 91520
000340135 102672
000340136 66880
000340137 141280
000340138 61712
000340139 131328
000340140 71152
000340141 144640
000340142 75008
000340143 74368
000340144 88352
000340145 91776
000340146 106560
000340147 100112
000340148 64048
000340149 73280
000340151 60480
000340152 111472
000340153 168000
000340154 86288
000340155 82256
000340156 59440
000340157 121280
000340158 76784
000340159 106816
000340160 105408
000340161 71840
000340162 104320
000340163 57120
000340164 91360
000340165 63520
000340166 108160
000340167 50880
000340168 57680
000340169 61184
000340170 101280
000340171 63520
000340172 118032
000340173 110864
000340174 63344
000340175 72544
000340176 51968
000340177 67008
000340178 68480
000340179 95840
000340180 97600
000340181 140320
000340182 105600
000340183 140800
000340184 61744
000340185 89440
000340186 61824
000340187 79840
000340188 68272
000340189 91360
000340190 61280
000340191 62880
000340193 110048
000340195 99040
000340196 55232
000340197 93600
000340198 139360
000340199 97056
000340200 73728
000340201 73120
000340202 65984
000340203 147296
000340206 55616
000340207 59344
000340208 65424
000340209 118080
000340210 70144
000340211 81600
000340212 124192
000340214 80896
000340215 102944
000340216 53328
000340217 114384
000340218 100640
000340219 42960
000340220 93760
000340221 56560
000340222 104624
000340223 95040
000340224 80000
000340225 140960
000340227 81424
000340228 81120
000340229 79792
000340230 114880
000340231 77328
000340232 45680
000340233 115424
000340234 121920
000340235 97120
000340236 53600
000340237 110720
000340238 103680
000340239 125280
000340240 60960
000340241 110080
000340242 99040
000340243 100656
000340244 94720
000340245 70256
000340246 72160
000340247 90944
000340248 90240
000340249 135680
000340250 78368
000340251 134880
000340252 51872
000340254 69120
000340256 98320
000340257 55520
000340259 111456
000340260 69040
000340261 133760
000340262 53440
000340263 53168
000340264 149312
000340265 128175
000340266 64560
000340267 42304
000340268 61664
000340269 51568
000340270 67840
000340271 90304
000340273 121744
000340274 83072
000340275 63392
000340277 110240
000340278 95536
000340279 60368
000340280 103120
000340281 78688
000340282 67680
000340283 96512
000340284 94544
000340285 59680
000340286 87840
000340287 90480
000340288 68560
000340289 129759
000340290 112368
000340291 142080
000340293 90240
000340294 69120
000340295 85920
000340296 122608
000340298 45808
000340299 68224
000340300 90800
000340301 76800
000340302 89440
000340303 120800
000340304 84368
000340305 143072
000340306 95696
000340307 104800
000340308 86080
000340309 62816
000340310 120128
000340311 125920
000340313 67040
000340314 127328
000340315 86064
000340316 53440
000340317 86720
000340318 94080
000340319 139040
000340320 86240
000340321 77600
000340322 112800
000340323 131792
000340324 59696
000340325 45488
000340327 65024
000340328 74720
000340329 131039
000340330 70720
000340331 104320
000340332 122560
000340333 71552
000340334 120640
000340335 114800
000340336 86096
000340337 106720
000340338 87936
000340339 66400
000340340 117280
000340341 109760
000340342 97760
000340343 50688
000340344 82560
000340345 104640
000340346 104000
000340347 80032
000340348 49888
000340349 110560
000340352 133120
000340354 45280
000340355 61952
000340356 109600
000340357 98080
000340358 82080
000340360 83600
000340361 76160
000340362 150880
000340363 99680
000340364 90240
000340365 86560
000340367 134560
000340368 92960
000340369 65968
000340370 99040
000340371 68416
000340372 85280
000340373 78400
000340374 74560
000340375 95040
000340376 127552
000340377 63040
000340378 116560
000340379 61440
000340382 114400
000340383 90560
000340384 66080
000340385 134720
000340386 51520
000340387 55040
000340388 136000
000340389 55216
000340392 61120
000340393 144640
000340394 74864
000340395 43600
000340396 125920
000340397 81728
000340398 56160
000340399 65120
000341401 61888
000341402 80608
000341403 69744
000341404 86096
000341405 67360
000341406 58016
000341407 64560
000341408 71680
000341411 81440
000341412 76224
000341413 42736
000341414 85824
000341415 66400
000341416 70432
000341417 90816
000341418 63392
000341419 60800
000341420 47088
000341422 53920
000341423 51152
000341424 57280
000341425 57920
000341426 57744
000341427 75280
000341428 50976
000341429 45664
000341430 69120
000341431 48960
000341432 74720
000341433 79872
000341434 63040
000341435 58224
000341436 63536
000341438 59360
000341439 78224
000341440 43888
000341441 65760
000341443 74720
000341444 85120
000341445 53440
000341446 71888
000341447 61296
000341448 55840
000341449 55200
000341450 66400
000341451 71424
000341452 80800
000341453 76800
000341454 44336
000341455 71856
000341456 63792
000341457 77360
000341458 89120
000341459 52640
000341460 58720
000341461 60704
000341462 47184
000341463 65376
000341464 64480
000341465 58560
000341466 68512
000341467 59264
000341468 64384
000341469 69552
000341470 66960
000341471 60896
000341474 57104
000341475 74400
000341476 63520
000341477 68784
000341478 58368
000341479 66848
000341480 86400
000341481 72112
000341482 62368
000341483 58896
000341485 64959
000341487 75840
000341488 56560
000341489 83200
000341490 57440
000341491 51360
000341492 63840
000341493 49920
000341494 56640
000341495 56640
000341496 64959
000341497 56000
000341498 62560
000341499 64480
000341500 62080
000341501 107360
000341502 69824
000341503 125920
000341504 77984
000341505 54512
000341506 109920
000341507 64688
000341508 56160
000341509 114880
000341510 37936
000341512 63200
000341513 80960
000341514 64319
000341515 98560
000341516 93440
000341517 66496
000341518 79680
000341519 80192
000341520 50192
000341521 60960
000341522 67168
000341523 50624
000341524 98400
000341525 57632
000341526 124800
000341527 73920
000341528 117856
000341529 109920
000341530 125280
000341531 58240
000341532 50720
000341533 91680
000341534 112800
000341535 38560
000341536 50720
000341537 87200
000341538 130560
000341539 53280
000341540 98080
000341541 46720
000341542 52800
000341543 110880
000341544 58880
000341545 109920
000341546 93600
000341547 72384
000341548 91520
000341549 50080
000341550 52640
000341551 100000
000341552 85744
000341553 84864
000341554 91040
000341555 87680
000341556 51216
000341557 65440
000341558 64480
000341559 121248
000341560 55088
000341561 78752
000341562 96000
000341563 68448
000341564 50688
000341565 114080
000341566 103360
000341567 91920
000341568 67584
000341569 71936
000341570 125280
000341571 68320
000341572 70672
000341573 56624
000341574 52880
000341575 83712
000341576 89280
000341577 47696
000341579 106080
000341580 88160
000341581 105920
000341582 114080
000341583 98080
000341584 68608
000341585 74416
000341586 109280
000341587 65232
000341588 114080
000341589 144432
000341590 124528
000341591 112128
000341592 95520
000341593 63360
000341594 103200
000341595 80480
000341596 72864
000341597 128320
000341598 102560
000341599 93712
000341600 105984
000341601 78896
000341602 79408
000341603 88640
000341604 81616
000341605 86560
000341606 70048
000341607 50720
000341608 108640
000341609 90080
000341610 64480
000341611 89760
000341612 71248
000341613 67760
000341614 68960
000341615 64640
000341616 104000
000341617 77280
000341618 108960
000341619 82816
000341620 96640
000341621 84320
000341622 70320
000341623 62336
000341624 115840
000341625 68160
000341626 101280
000341627 91712
000341628 79840
000341629 47680
000341630 71200
000341631 78880
000341632 48160
000341633 150080
000341634 59520
000341635 98720
000341636 88960
000341637 107200
000341638 55664
000341639 82464
000341640 91040
000341641 101440
000341642 64928
000341643 102880
000341644 100960
000341645 124720
000341646 62272
000341647 101632
000341648 119840
000341649 45600
000341650 75520
000341651 75200
000341652 66240
000341653 86464
000341654 113856
000341655 112640
000341656 59296
000341657 99888
000341658 85440
000341659 66720
000341660 82720
000341661 67040
000341662 69920
000341663 61216
000341664 67840
000341665 123520
000341666 106880
000341667 108000
000341668 64544
000341669 108000
000341670 51744
000341671 101600
000341672 69920
000341673 74880
000341674 85232
000341675 124160
000341676 80160
000341678 92736
000341679 72800
000341680 82416
000341681 86560
000341682 72640
000341683 47760
000341684 99712
000341685 101120
000341686 63360
000341687 115040
000341688 105280
000341689 78192
000341690 75040
000341691 70864
000341693 79968
000341694 81600
000341695 60800
000341696 109600
000341697 61440
000341698 73920
000341699 88720
000341700 73520
000341702 63680
000341703 80960
000341704 136304
000341705 100960
000341706 71680
000341707 89280
000341708 64239
000341709 58608
000341710 73232
000341711 93120
000341712 59776
000341713 65280
000341714 92960
000341715 115056
000341716 102896
000341717 100480
000341718 85920
000341719 91824
000341720 59344
000341722 95552
000341723 126880
000341724 74880
000341725 73760
000341726 115776
000341727 78880
000341728 90720
000341729 62560
000341730 84944
000341731 66800
000341732 100640
000341733 82672
000341734 104480
000341735 76800
000341737 82560
000341738 135680
000341739 102400
000341740 75200
000341741 63040
000341742 60960
000341743 83840
000341744 41168
000341745 92960
000341746 101760
000341748 122560
000341749 146720
000341751 47200
000341752 89536
000341753 78560
000341754 89440
000341755 62624
000341756 63040
000341757 68800
000341758 71840
000341759 103040
000341760 103680
000341761 46400
000341762 53920
000341763 78720
000341764 110560
000341765 135200
000341766 78880
000341767 81584
000341768 108048
000341769 82400
000341770 74416
000341771 67904
000341772 58560
000341773 61680
000341774 128783
000341775 58048
000341776 59920
000341777 62016
000341778 114144
000341779 86784
000341780 92320
000341781 101024
000341783 61520
000341784 137440
000341785 82080
000341786 87360
000341787 73280
000341788 66240
000341789 61280
000341790 88640
000341791 54400
000341792 77552
000341793 52928
000341794 84192
000341795 105440
000341796 76624
000341797 113280
000341798 100320
000341799 48976
000341800 41440
000350001 63776
000350002 154720
000350004 104320
000350005 132160
000350006 83840
000350007 106240
000350008 100000
000350009 71600
000350010 97440
000350011 71680
000350012 119360
000350013 88784
000350014 124320
000350015 107232
000350016 147456
000350017 75792
000350018 94736
000350019 130400
000350020 76000
000350022 60560
000350023 65184
000350024 63904
000350025 71680
000350026 55040
000350027 56384
000350028 47168
000350029 66240
000350030 55680
000350031 60048
000350032 68784
000350033 77280
000350034 91376
000350035 41296
000350036 57312
000350037 80320
000350038 57136
000350039 58064
000350040 68800
000350041 32000
000350042 38432
000350043 59840
000350044 46880
000350045 42368
000350046 44016
000350047 52480
000350048 83360
000350049 55360
000350050 58400
000350052 75360
000350054 37184
000350055 63840
000350056 64736
000350057 74720
000350058 59200
000350059 57120
000350060 65744
000350061 63200
000350062 60816
000350063 90880
000350064 61232
000350065 64800
000350066 59504
000350067 52960
000350068 66080
000350069 58592
000350070 65120
000350071 59200
000350072 72160
000350073 67680
000350074 91520
000350075 59808
000350076 114224
000350077 70080
000350078 89872
000350079 66400
000350080 46992
000350081 59312
000350082 83680
000350083 70720
000350084 69600
000350086 62592
000350087 65263
000350088 71408
000350090 88960
000350091 76800
000350092 109952
000350093 83360
000350094 61600
000350095 73760
000350096 74080
000350097 67504
000350098 92000
000350099 71696
000350100 76480
000350101 55200
000350103 110112
000350104 66560
000350105 54560
000350106 108480
000350107 80480
000350108 83040
000350109 96160
000350110 112960
000350111 56000
000350112 105440
000350113 60640
000350114 79680
000350115 83360
000350116 62880
000350117 104000
000350118 67360
000350119 67520
000350120 90560
000350121 129919
000350122 95520
000350123 82400
000350124 105760
000350125 110992
000350126 54400
000350127 76000
000350128 64528
000350129 62224
000350130 92592
000350131 145440
000350132 60384
000350133 84800
000350134 98880
000350135 71744
000350137 50400
000350138 128479
000350139 60320
000350140 43344
000350141 139200
000350142 93072
000350143 47504
000350144 89280
000350145 143984
000350146 99808
000350147 122560
000350148 109600
000350149 40128
000350150 56320
000350151 77760
000350152 103024
000350153 85936
000350154 101216
000350155 114480
000350156 105760
000350157 92800
000350158 122400
000350159 116640
000350160 68992
000350161 58384
000350162 128320
000350163 135520
000350165 108000
000350166 70688
000350167 108160
000350168 66400
000350169 110080
000350170 95200
000350171 99728
000350172 47520
000350173 72160
000350174 121760
000350175 89120
000350176 131520
000350177 89600
000350178 106880
000350179 180592
000350180 114560
000350181 87552
000350182 116800
000350184 67776
000350185 132992
000350186 119600
000350187 141120
000350188 80800
000350189 62816
000350190 93280
000350191 72640
000350192 75184
000350193 130080
000350194 67360
000350196 102000
000350197 97152
000350198 96160
000350199 41696
000350200 121296
000350201 124528
000350202 111200
000350203 94096
000350204 146640
000350205 119456
000350206 92960
000350207 54128
000350208 41600
000350209 42080
000350210 65280
000350211 38528
000350212 119680
000350213 59584
000350214 116192
000350215 55568
000350216 77408
000350217 115520
000350218 67360
000350219 97280
000350220 133872
000350221 114880
000350222 51872
000350223 123680
000350224 137280
000350226 43520
000350227 45440
000350228 105424
000350229 71984
000350230 174080
000350231 141376
000350232 86224
000350233 89632
000350234 59776
000350235 118096
000350236 78048
000350237 86608
000350238 128960
000350240 133120
000350242 63056
000350243 86320
000350246 89952
000350247 140800
000350250 110736
000350251 67024
000350252 89120
000350253 126224
000350254 95840
000350255 81584
000350256 116160
000350257 62416
000350258 89200
000350259 86448
000350260 49168
000350261 85776
000350262 107616
000350263 39360
000350264 92000
000350265 48000
000350266 55792
000350267 78144
000350268 115344
000350269 52000
000350270 95360
000350271 54240
000350272 81600
000350273 115872
000350274 115520
000350275 57408
000350276 91712
000350277 88656
000350278 128112
000350279 71600
000350280 106480
000350281 124960
000350282 98368
000350283 67520
000350284 83200
000350285 134608
000350286 74240
000350287 140000
000350288 110880
000350290 60352
000350291 90880
000350292 83008
000350293 138400
000350294 62736
000350295 91360
000350296 121920
000350297 67648
000350298 106400
000350299 58080
000350300 139360
000350301 109440
000350302 102240
000350303 105280
000350304 67040
000350305 132304
000350306 111680
000350307 77760
000350308 73968
000350311 68640
000350312 49120
000350313 122336
000350314 84624
000350315 80688
000350316 57584
000350317 47120
000350318 101440
000350319 92640
000350320 68192
000350321 99520
000350322 111680
000350323 55200
000350325 37808
000350326 83360
000350327 72464
000350328 106032
000350329 52032
000350330 93280
000350331 52720
000350332 120960
000350333 44704
000350334 103232
000350335 51840
000350336 100336
000350337 66288
000350338 142560
000350339 56224
000350341 117056
000350342 134352
000350343 79360
000350344 84160
000350345 119040
000350346 69440
000350347 69760
000350348 61600
000350349 104800
000350350 117760
000350351 154880
000350352 70960
000350353 59824
000350356 68224
000350357 45600
000350358 96160
000350360 76640
000350361 180320
000350362 117120
000350363 104992
000350364 81600
000350365 93888
000350367 90400
000350368 57520
000350370 105136
000350371 44016
000350372 38880
000350374 42720
000350375 44736
000350376 84848
000350377 78080
000350378 82400
000350379 66240
000350380 62464
000350381 71920
000350382 62144
000350383 119536
000350384 110528
000350385 127168
000350386 126720
000350387 103264
000350388 112160
000350389 84576
000350390 139360
000350391 134944
000350392 155920
000350393 104912
000350394 108160
000350395 92096
000350396 62784
000350397 100800
000350398 101280
000350399 99360
000350400 128976
000351402 70000
000351403 63040
000351404 81856
000351405 64319
000351406 56640
000351408 69248
000351409 45648
000351411 73440
000351412 87040
000351413 37248
000351414 84640
000351415 59040
000351416 66368
000351417 103040
000351418 56160
000351419 49904
000351421 40032
000351422 48960
000351423 46656
000351424 52160
000351425 55040
000351426 58240
000351427 72016
000351428 48448
000351429 49120
000351430 63840
000351431 41600
000351432 80320
000351433 76112
000351434 54240
000351435 56480
000351436 65600
000351437 45088
000351439 87952
000351440 40176
000351441 61968
000351442 67360
000351444 76640
000351445 48224
000351446 63184
000351448 48960
000351449 49920
000351450 55840
000351451 67840
000351452 79840
000351454 37888
000351455 66080
000351456 67680
000351457 62720
000351458 94720
000351459 45056
000351460 62400
000351461 57744
000351462 45440
000351463 62240
000351464 60000
000351465 50720
000351466 63648
000351467 49040
000351468 59456
000351469 60144
000351470 64319
000351472 68544
000351473 45120
000351474 48000
000351475 62400
000351476 56160
000351477 70608
000351479 60464
000351480 80160
000351481 64784
000351482 61440
000351483 57008
000351484 54848
000351486 47248
000351487 66560
000351488 72160
000351489 75040
000351491 43840
000351492 56480
000351493 45568
000351494 50960
000351495 52640
000351496 68960
000351497 46848
000351498 65440
000351499 61440
000351500 64800
000351501 54240
000351502 115488
000351504 72880
000351505 90832
000351506 86560
000351507 79680
000351509 53440
000351510 99456
000351512 57440
000351513 60480
000351514 101760
000351515 110240
000351516 53856
000351517 43520
000351518 69120
000351519 70720
000351520 96160
000351521 109920
000351523 66080
000351524 68000
000351525 49776
000351527 108336
000351528 95360
000351529 85824
000351530 60032
000351531 68640
000351532 42976
000351533 125440
000351534 98080
000351535 77600
000351537 65440
000351538 60640
000351539 118880
000351540 54240
000351541 108656
000351542 83200
000351543 84640
000351544 129776
000351545 79520
000351546 74240
000351547 75392
000351549 128800
000351550 39488
000351551 99536
000351552 41600
000351554 86880
000351555 79200
000351556 74848
000351557 77120
000351558 97968
000351559 156752
000351560 123040
000351562 81760
000351564 46928
000351565 95056
000351566 63360
000351567 58592
000351568 49120
000351569 98080
000351570 71520
000351571 112640
000351572 73872
000351573 107200
000351574 49504
000351575 63200
000351576 43680
000351577 80800
000351578 55360
000351579 50720
000351580 71680
000351581 98400
000351582 62560
000351584 141568
000351585 72992
000351587 118720
000351588 75472
000351590 56112
000351591 49920
000351592 46352
000351593 60736
000351594 62032
000351595 83872
000351596 90400
000351597 116640
000351598 109792
000351599 82624
000351600 104640
000351601 51424
000351602 63520
000351603 51680
000351604 62528
000351605 94048
000351606 110560
000351607 137104
000351608 92496
000351609 112640
000351610 70400
000351611 86800
000351612 54256
000351613 72784
000351614 51360
000351615 173920
000351617 75520
000351618 100800
000351619 115680
000351621 82896
000351622 101120
000351623 152320
000351624 85280
000351625 130080
000351626 156608
000351627 106336
000351628 120448
000351630 51664
000351631 72160
000351632 115680
000351633 102560
000351634 142176
000351635 87680
000351638 98384
000351639 76720
000351640 163824
000351641 76576
000351642 59040
000351643 90992
000351645 81264
000351646 54400
000351647 110320
000351648 43088
000351649 107088
000351650 64640
000351651 47584
000351652 40480
000351653 117808
000351654 61936
000351655 58224
000351656 86720
000351658 77328
000351659 70928
000351661 35200
000351662 59024
000351663 60368
000351664 92480
000351665 85776
000351666 66880
000351667 129360
000351668 78080
000351669 74880
000351670 96480
000351671 105280
000351672 64000
000351673 107824
000351674 142560
000351675 45920
000351676 71040
000351678 61440
000351679 144800
000351680 66560
000351681 73536
000351682 62288
000351683 48480
000351685 79040
000351686 61760
000351687 70880
000351688 104960
000351691 96800
000351693 112000
000351695 114464
000351696 71840
000351697 83008
000351698 54448
000351699 45856
000351700 123216
000351701 72880
000351702 54656
000351703 129600
000351704 78352
000351705 85024
000351706 80752
000351707 71840
000351709 53264
000351710 66368
000351711 63040
000351712 60144
000351714 79184
000351715 92752
000351716 80240
000351717 74864
000351718 133120
000351719 49536
000351720 53856
000351721 155520
000351722 63520
000351723 170400
000351725 118720
000351726 56880
000351727 61760
000351728 103792
000351729 101440
000351730 45120
000351732 64480
000351733 99520
000351734 58704
000351735 40640
000351736 70400
000351737 63856
000351738 97760
000351739 67040
000351740 84720
000351743 56464
000351744 109440
000351745 68512
000351746 51968
000351747 82304
000351748 54880
000351750 45984
000351751 120976
000351752 74288
000351753 62736
000351754 58480
000351755 130976
000351756 81600
000351757 60960
000351758 124160
000351759 61616
000351760 84848
000351761 72688
000351762 55200
000351763 52992
000351765 86880
000351766 60848
000351767 84544
000351768 54384
000351769 93440
000351770 73776
000351771 47232
000351772 86064
000351773 71680
000351774 51680
000351775 105280
000351776 119680
000351777 46400
000351778 104576
000351779 148016
000351780 123200
000351782 48160
000351784 108544
000351786 83152
000351787 129120
000351788 109504
000351789 45104
000351790 81216
000351791 68240
000351792 92800
000351793 70272
000351794 50928
000351795 42400
000351796 147200
000351797 39376
000351798 141888
000351799 49824
000351800 103552
000360001 63840
000360002 199200
000360003 88960
000360004 119200
000360005 156480
000360006 85600
000360007 102880
000360008 92160
000360009 78800
000360010 102560
000360011 92896
000360012 128160
000360013 103200
000360014 135936
000360015 98720
000360016 156800
000360018 103200
000360019 148320
000360020 87840
000360021 44960
000360022 65920
000360023 79040
000360024 69440
000360025 88208
000360026 56480
000360027 65280
000360028 50240
000360029 64800
000360030 64319
000360031 75520
000360032 65760
000360033 94720
000360034 107360
000360036 57280
000360038 54400
000360039 56960
000360040 79840
000360041 35040
000360042 40000
000360043 58560
000360044 54240
000360046 48160
000360047 49280
000360048 76800
000360049 50880
000360050 64480
000360052 85440
000360053 44480
000360054 41920
000360055 65248
000360056 79200
000360057 75200
000360058 68960
000360059 59040
000360060 71200
000360061 60960
000360062 59520
000360063 101280
000360064 68000
000360065 75360
000360066 71520
000360067 60640
000360068 76800
000360069 71200
000360070 64959
000360071 53920
000360072 70144
000360073 79840
000360074 80320
000360075 62720
000360076 106240
000360077 68480
000360078 93120
000360079 73184
000360082 109920
000360083 61440
000360085 76784
000360086 69600
000360087 74608
000360089 118560
000360090 85280
000360091 90560
000360092 111040
000360093 75744
000360095 71520
000360096 77296
000360097 59360
000360098 98240
000360099 79360
000360100 87760
000360101 125280
000360102 45120
000360103 86160
000360104 172800
000360105 132960
000360106 60480
000360107 147040
000360108 49600
000360109 76160
000360110 102560
000360111 80800
000360112 51680
000360113 78720
000360114 116944
000360115 91520
000360116 84960
000360117 53920
000360118 123360
000360119 105440
000360120 106720
000360121 120304
000360122 117600
000360123 115200
000360124 60960
000360125 86720
000360126 70240
000360127 149120
000360128 144800
000360129 103040
000360130 109120
000360131 114720
000360132 113760
000360133 45760
000360134 69120
000360135 66880
000360136 54080
000360137 92480
000360138 86400
000360139 125440
000360140 108800
000360141 57600
000360142 60384
000360143 77984
000360145 124000
000360146 122400
000360148 148480
000360149 87200
000360150 53760
000360151 138080
000360152 95200
000360153 109248
000360154 49760
000360155 103200
000360156 70576
000360157 164320
000360158 79216
000360159 114880
000360160 116320
000360161 98112
000360162 127040
000360163 88000
000360164 115040
000360165 117168
000360166 150080
000360167 56640
000360168 55520
000360169 61584
000360170 128464
000360171 115056
000360173 55040
000360174 83680
000360175 88800
000360176 108640
000360177 81056
000360178 74400
000360179 97440
000360180 102880
000360183 129280
000360184 71200
000360185 104320
000360186 103040
000360187 124480
000360188 140160
000360189 66720
000360190 48256
000360191 144000
000360193 191360
000360194 43792
000360195 93616
000360196 59200
000360197 86720
000360198 76000
000360199 87200
000360200 74560
000360201 150720
000360202 65920
000360203 125760
000360204 101440
000360205 86880
000360206 86240
000360208 94080
000360210 47360
000360211 78720
000360212 43520
000360213 102240
000360214 100960
000360215 105920
000360216 70400
000360217 160640
000360218 127760
000360219 99728
000360220 151040
000360221 155200
000360222 104640
000360223 74880
000360224 115360
000360225 49600
000360226 47360
000360227 83840
000360228 104480
000360229 63200
000360230 100960
000360231 104960
000360232 68320
000360233 70080
000360234 100160
000360235 137120
000360236 102400
000360237 62880
000360238 95360
000360239 113440
000360240 101440
000360241 50240
000360242 136160
000360243 112320
000360244 158080
000360245 68480
000360246 98240
000360247 157280
000360248 84800
000360249 99200
000360250 123120
000360251 100256
000360253 64656
000360254 107200
000360255 114912
000360256 134816
000360257 137920
000360258 103680
000360259 66816
000360261 70208
000360262 151520
000360263 55520
000360264 108960
000360265 56768
000360266 52672
000360267 105760
000360268 90080
000360269 117600
000360270 111952
000360271 50928
000360273 78240
000360275 122880
000360276 66400
000360278 59360
000360279 118960
000360280 72160
000360281 124688
000360282 72800
000360283 114400
000360284 72640
000360285 135360
000360286 107200
000360287 165600
000360288 157760
000360289 73024
000360290 107040
000360291 118720
000360292 132560
000360294 71200
000360295 85440
000360296 73600
000360298 98080
000360299 71104
000360300 92480
000360301 138560
000360302 66608
000360303 69920
000360304 56640
000360307 85920
000360308 71840
000360309 73072
000360310 114240
000360311 92000
000360312 54880
000360313 61440
000360315 171232
000360316 99360
000360317 98496
000360318 75840
000360319 88320
000360320 108912
000360321 71360
000360322 44960
000360323 105600
000360324 116992
000360325 184480
000360326 84000
000360327 81888
000360328 103840
000360329 46272
000360331 98080
000360332 72640
000360333 117120
000360334 101920
000360335 74240
000360336 37136
000360337 121440
000360338 52320
000360339 90480
000360340 127408
000360341 54720
000360342 145440
000360343 70560
000360344 76544
000360345 164960
000360346 122080
000360347 128479
000360348 50032
000360349 110848
000360350 178400
000360351 79200
000360352 129600
000360353 51840
000360354 73920
000360355 67840
000360356 109920
000360357 76640
000360358 151680
000360359 68336
000360360 148000
000360361 108320
000360362 103664
000360363 102560
000360364 62896
000360365 81280
000360366 90448
000360367 74240
000360368 71680
000360369 101760
000360370 129919
000360371 91360
000360372 124000
000360373 128160
000360374 61344
000360375 114240
000360376 42400
000360377 168752
000360378 50560
000360379 67504
000360380 73008
000360381 111360
000360382 100640
000360383 80960
000360384 124960
000360385 59296
000360386 113440
000360387 41760
000360388 90720
000360389 64640
000360390 144800
000360391 79680
000360392 72960
000360393 87520
000360394 134816
000360395 64959
000360397 90880
000360399 109760
000360400 59040
000361401 57920
000361402 67040
000361403 72640
000361404 72640
000361405 58816
000361406 52096
000361407 57120
000361408 76800
000361409 45104
000361411 74880
000361412 72000
000361414 76640
000361415 52480
000361416 61824
000361417 79168
000361418 62880
000361419 57120
000361420 49760
000361421 41872
000361422 49168
000361423 54720
000361424 58880
000361425 55680
000361426 55200
000361428 51840
000361429 48304
000361430 66080
000361432 79360
000361433 79360
000361434 58240
000361435 51840
000361436 60960
000361437 45232
000361438 69120
000361439 89440
000361440 38880
000361441 65280
000361442 86080
000361443 84800
000361444 90400
000361445 50880
000361446 73280
000361447 58880
000361448 56800
000361449 64480
000361450 73920
000361451 71360
000361452 83520
000361453 72800
000361454 44480
000361455 87520
000361456 78880
000361457 65712
000361458 77440
000361459 56320
000361460 61280
000361461 75520
000361463 70720
000361464 67024
000361465 53120
000361466 63040
000361467 54080
000361468 69760
000361469 61440
000361470 72160
000361471 55360
000361473 45280
000361474 52960
000361475 73280
000361476 62560
000361477 68960
000361478 46240
000361479 66720
000361480 91040
000361482 66240
000361483 55680
000361484 59680
000361485 62080
000361487 68640
000361488 51840
000361489 87840
000361490 52640
000361491 64319
000361492 56320
000361493 58400
000361494 49920
000361495 51040
000361496 61280
000361497 65280
000361498 55840
000361499 56320
000361500 61600
000361501 78560
000361503 122880
000361504 95520
000361505 72160
000361506 93120
000361507 92160
000361508 82560
000361509 63648
000361510 108960
000361511 119360
000361512 84000
000361513 176160
000361514 51520
000361516 111376
000361517 137760
000361518 89760
000361519 97600
000361520 146080
000361521 87840
000361522 151040
000361523 58400
000361524 95392
000361525 87840
000361526 68640
000361527 108640
000361528 61920
000361529 59200
000361530 128320
000361531 106560
000361532 84160
000361533 73392
000361534 62240
000361536 49600
000361537 60960
000361538 110880
000361539 151200
000361541 66048
000361542 102560
000361543 88800
000361544 89440
000361545 104800
000361546 83200
000361547 66880
000361548 62240
000361549 105920
000361550 118080
000361551 70720
000361553 119360
000361555 68160
000361556 133120
000361557 65280
000361558 98720
000361559 88000
000361560 95680
000361561 106832
000361562 68320
000361563 182080
000361564 62768
000361565 92480
000361566 76160
000361567 81120
000361568 75040
000361569 70720
000361570 94656
000361571 84960
000361572 47888
000361573 57920
000361574 94720
000361575 119840
000361576 55088
000361577 76480
000361578 81920
000361579 64480
000361580 58560
000361581 131184
000361582 63680
000361583 83552
000361584 118752
000361585 90240
000361586 75248
000361587 119952
000361588 129759
000361589 113120
000361592 69712
000361593 95840
000361594 61120
000361595 48000
000361596 81920
000361597 70080
000361598 73760
000361599 140160
000361600 95680
000361601 53120
000361602 60800
000361603 79040
000361604 71680
000361605 62240
000361606 56640
000361607 92000
000361608 95360
000361609 46032
000361611 98272
000361612 69440
000361615 91200
000361616 107520
000361617 75200
000361618 47856
000361619 61200
000361620 115840
000361621 99360
000361622 113120
000361624 41616
000361625 131200
000361626 49600
000361627 126400
000361628 59520
000361629 101168
000361630 86400
000361631 82400
000361632 118720
000361633 117760
000361634 48000
000361635 85280
000361637 74720
000361638 96944
000361639 115520
000361640 103296
000361641 46656
000361643 76320
000361644 99024
000361645 80320
000361646 60960
000361647 57760
000361648 105280
000361649 39904
000361650 75680
000361651 144640
000361652 148160
000361655 104640
000361658 141440
000361659 40000
000361660 153440
000361661 62720
000361662 69600
000361663 123840
000361664 73120
000361665 92960
000361666 81920
000361667 52800
000361668 92800
000361669 74400
000361670 90720
000361671 70560
000361672 75040
000361673 103200
000361674 105280
000361675 72960
000361676 60960
000361677 78240
000361678 71360
000361679 119200
000361680 112800
000361681 105280
000361682 111680
000361684 51840
000361685 108640
000361686 54720
000361687 77600
000361688 50240
000361689 142720
000361690 82496
000361691 116480
000361692 72480
000361693 56800
000361694 37600
000361695 95840
000361696 140160
000361697 119680
000361698 62080
000361701 146720
000361702 65600
000361703 93600
000361704 67520
000361705 97600
000361706 97760
000361707 104000
000361708 131039
000361709 77392
000361710 152160
000361711 84640
000361712 97280
000361713 61968
000361714 170080
000361715 117248
000361716 103840
000361717 142080
000361718 65920
000361719 174240
000361721 164800
000361722 53440
000361723 42080
000361724 125760
000361725 77440
000361726 112320
000361727 72480
000361728 57760
000361729 88208
000361730 94240
000361731 93264
000361732 130544
000361733 57024
000361734 162720
000361735 75680
000361736 70400
000361737 70560
000361738 101440
000361739 119040
000361740 107360
000361741 56640
000361742 55040
000361743 122080
000361744 55200
000361746 143520
000361748 67360
000361749 51360
000361750 84048
000361751 115680
000361752 73120
000361753 71680
000361754 75040
000361755 75072
000361756 102240
000361757 156960
000361758 92848
000361759 47088
000361760 76800
000361762 107136
000361763 55648
000361764 120480
000361765 115360
000361766 91520
000361767 129120
000361768 67840
000361769 149760
000361770 91680
000361771 77584
000361772 89120
000361774 41120
000361775 55680
000361776 128320
000361777 102560
000361778 60000
000361779 42896
000361780 59680
000361781 76160
000361782 132000
000361783 94880
000361784 92160
000361785 120640
000361786 56160
000361787 89920
000361788 97600
000361789 57600
000361790 60640
000361791 165920
000361792 62720
000361793 79840
000361794 56640
000361795 147360
000361796 101600
000361797 61920
000361798 56160
000361799 126400
000361800 110400
000370002 156640
000370003 91360
000370004 130080
000370005 154400
000370006 93280
000370007 107840
000370008 97632
000370009 82400
000370010 114400
000370012 130560
000370013 97472
000370014 155008
000370015 117760
000370016 171680
000370017 89120
000370018 117600
000370020 99520
000370021 51040
000370022 72480
000370023 81440
000370024 77120
000370025 94880
000370026 62240
000370027 60000
000370028 57440
000370029 65120
000370030 79680
000370031 75680
000370032 78240
000370033 93760
000370034 100800
000370036 66560
000370037 89920
000370038 63824
000370039 63680
000370040 75808
000370042 39360
000370043 67520
000370044 50512
000370045 50000
000370046 49600
000370047 50880
000370048 92960
000370049 53440
000370050 61920
000370052 78240
000370053 45920
000370054 44000
000370055 61392
000370056 73728
000370057 71776
000370058 64800
000370059 57504
000370060 67680
000370061 65760
000370062 66400
000370063 90400
000370064 64319
000370065 64959
000370066 64959
000370067 66720
000370068 86080
000370069 79680
000370070 67520
000370071 60000
000370072 87360
000370073 83520
000370074 84800
000370075 64000
000370076 111088
000370077 60320
000370078 91360
000370079 71360
000370080 54400
000370081 65280
000370082 101280
000370083 72960
000370084 75040
000370085 64319
000370086 77456
000370087 79680
000370088 85392
000370089 117920
000370090 91264
000370091 91360
000370092 120800
000370093 100320
000370094 72800
000370095 86720
000370096 74720
000370097 74720
000370098 104800
000370099 78560
000370100 89360
000370101 66624
000370102 104320
000370103 56480
000370104 45440
000370105 68160
000370106 94608
000370107 72416
000370108 73600
000370110 80160
000370111 150400
000370112 42400
000370113 106720
000370114 83200
000370115 133120
000370116 124800
000370117 109600
000370118 72816
000370119 96800
000370120 137424
000370121 118016
000370122 48480
000370123 118928
000370124 154560
000370125 106720
000370126 109760
000370127 64480
000370128 120320
000370129 150624
000370131 137936
000370132 81856
000370133 111200
000370134 122560
000370135 92752
000370137 84960
000370138 106080
000370139 152000
000370140 45600
000370143 105760
000370144 154560
000370145 62240
000370146 133440
000370147 104640
000370148 83520
000370149 127360
000370151 100800
000370152 80480
000370153 153600
000370154 85600
000370156 65280
000370157 74880
000370158 110560
000370159 107360
000370160 79680
000370162 123840
000370163 146560
000370165 51680
000370169 72144
000370170 106400
000370171 111840
000370172 93920
000370174 118880
000370175 71200
000370176 78400
000370177 108000
000370178 121600
000370179 72160
000370180 173440
000370181 128800
000370182 99840
000370183 67680
000370184 116800
000370185 106240
000370186 120800
000370187 121440
000370188 126720
000370189 109760
000370190 104896
000370191 65760
000370192 144800
000370193 143840
000370194 156480
000370195 128960
000370196 151040
000370197 91360
000370198 96800
000370199 113760
000370201 71360
000370202 90560
000370205 96480
000370206 115680
000370207 129600
000370209 60800
000370211 115360
000370212 116320
000370213 83680
000370214 51840
000370215 122720
000370217 125760
000370218 49920
000370219 70880
000370220 55680
000370221 108800
000370222 113920
000370223 145760
000370224 60800
000370226 95840
000370227 120000
000370228 83520
000370231 85280
000370232 156160
000370233 58880
000370234 91040
000370235 105760
000370236 117600
000370237 73280
000370239 131840
000370240 45120
000370242 100480
000370243 65120
000370244 135840
000370246 91840
000370247 120480
000370248 111680
000370249 79200
000370250 101440
000370252 98560
000370253 76288
000370254 108960
000370255 117440
000370256 132800
000370257 151200
000370259 148960
000370260 74240
000370262 150752
000370263 144320
000370264 103024
000370265 54880
000370266 86880
000370267 66080
000370268 61120
000370269 136000
000370270 71520
000370271 86400
000370272 65104
000370273 79520
000370274 142400
000370275 154720
000370276 152160
000370277 123040
000370279 56128
000370280 107680
000370281 125280
000370282 105120
000370283 155520
000370286 83360
000370287 121120
000370289 105600
000370290 116320
000370291 80160
000370292 101120
000370294 141600
000370296 92960
000370297 163520
000370298 104160
000370299 193280
000370300 55680
000370301 105760
000370302 55680
000370303 112000
000370304 92000
000370306 81440
000370307 140480
000370309 89440
000370313 50240
000370314 65920
000370315 82880
000370316 69344
000370317 54864
000370323 61184
000370324 138720
000370325 112000
000370326 105920
000370327 126880
000370328 70880
000370329 104640
000370330 78720
000370331 122000
000370332 67040
000370334 140160
000370335 75680
000370336 134240
000370337 56000
000370338 102720
000370339 64800
000370342 72000
000370343 174400
000370345 143680
000370346 90112
000370347 88160
000370348 179840
000370349 71584
000370350 104640
000370351 61760
000370352 131840
000370353 70080
000370354 146240
000370355 64800
000370356 126720
000370357 49760
000370358 106880
000370359 89600
000370360 124960
000370361 130720
000370362 91200
000370363 140320
000370364 88960
000370365 160480
000370366 92640
000370367 74080
000370368 57120
000370369 80000
000370370 63040
000370371 99200
000370372 97920
000370373 83360
000370374 127520
000370375 133600
000370376 124160
000370378 121280
000370379 119776
000370381 108800
000370384 146720
000370385 128960
000370386 112640
000370390 43840
000370393 89056
000370394 111040
000370395 125120
000370398 86560
000370399 78400
000370400 96800
000371401 66416
000371402 99680
000371403 81600
000371404 98080
000371405 82720
000371406 69760
000371407 74080
000371408 81760
000371411 89280
000371412 93440
000371413 46080
000371414 100480
000371415 66240
000371417 110832
000371418 70560
000371419 69664
000371420 55696
000371421 48960
000371422 58400
000371423 58880
000371424 71680
000371425 66880
000371426 69712
000371427 91200
000371428 59680
000371429 59840
000371430 79040
000371431 48960
000371433 89440
000371435 65280
000371436 73600
000371438 72000
000371439 95520
000371440 48640
000371441 80480
000371443 80640
000371444 104480
000371445 66720
000371447 68944
000371448 71520
000371449 60160
000371451 91344
000371453 76960
000371456 86160
000371457 82880
000371458 121920
000371460 77920
000371461 71280
000371463 80960
000371464 77280
000371465 65120
000371466 74080
000371467 67520
000371470 70672
000371471 64319
000371472 92480
000371474 62560
000371475 86720
000371476 87040
000371477 93920
000371478 64272
000371479 78880
000371480 108160
000371482 83200
000371485 76480
000371487 98240
000371488 69440
000371489 93920
000371490 64800
000371492 80640
000371493 66560
000371494 66240
000371495 64480
000371496 81440
000371497 63776
000371498 67040
000371499 74400
000371500 72800
000371501 161760
000371502 151248
000371503 95360
000371505 104480
000371506 63808
000371507 67616
000371509 130880
000371510 158400
000371511 140352
000371512 112640
000371513 116480
000371514 60640
000371516 86400
000371517 172160
000371518 86560
000371519 127520
000371520 101488
000371521 64640
000371522 105600
000371523 120640
000371524 139840
000371527 118688
000371529 144000
000371531 100960
000371532 112800
000371534 115200
000371535 73600
000371536 130720
000371537 100480
000371540 140160
000371541 107840
000371542 129919
000371543 143520
000371544 102080
000371545 101120
000371546 84000
000371547 72224
000371548 157600
000371549 110880
000371550 126400
000371551 82880
000371552 106400
000371554 109760
000371556 90400
000371557 79120
000371559 61120
000371560 80800
000371562 66240
000371563 72320
000371564 152160
000371565 90880
000371568 137600
000371569 69440
000371570 166400
000371572 96960
000371574 112640
000371575 77440
000371576 117920
000371577 120960
000371578 71520
000371579 115200
000371580 79840
000371581 58080
000371582 95680
000371584 135200
000371585 52112
000371586 128320
000371587 158880
000371590 152320
000371591 92336
000371592 102400
000371595 157120
000371597 108672
000371598 53088
000371600 148000
000371601 65552
000371602 88032
000371603 63680
000371604 160320
000371605 110080
000371606 110560
000371607 80960
000371608 60080
000371609 117440
000371612 172320
000371613 152320
000371614 185584
000371615 120000
000371616 119840
000371618 139360
000371620 145760
000371622 114880
000371623 108640
000371624 127680
000371625 100400
000371627 97120
000371629 55200
000371630 157760
000371631 74080
000371632 125280
000371633 115680
000371635 73280
000371636 87360
000371637 72640
000371638 143840
000371639 148000
000371640 127360
000371641 131200
000371643 101760
000371644 62080
000371645 103360
000371646 113120
000371647 111520
000371649 57904
000371650 91200
000371651 66720
000371652 84800
000371654 108640
000371655 91680
000371656 105280
000371657 98720
000371659 164640
000371660 114560
000371661 100480
000371662 84480
000371664 106400
000371665 108480
000371667 122560
000371668 69440
000371669 97440
000371670 143680
000371671 70880
000371672 70400
000371673 105280
000371674 60320
000371675 151200
000371676 171840
000371677 80000
000371678 128639
000371679 116000
000371680 65760
000371681 70240
000371683 168960
000371685 85600
000371689 110880
000371692 90400
000371695 66544
000371696 71840
000371699 119840
000371700 128000
000371701 118880
000371702 128304
000371704 125760
000371705 145920
000371706 84000
000371707 106416
000371708 107360
000371709 89920
000371710 71520
000371711 81440
000371712 84640
000371714 64959
000371715 41200
000371717 157280
000371718 54080
000371719 144320
000371721 144640
000371722 67520
000371724 171840
000371725 140800
000371726 119040
000371727 155040
000371728 89760
000371729 111360
000371730 64480
000371731 137920
000371732 93920
000371734 162880
000371736 144960
000371737 75136
000371738 91360
000371740 106240
000371741 104960
000371742 122976
000371743 130560
000371745 96480
000371746 77760
000371748 152016
000371749 134560
000371750 123680
000371751 79680
000371752 89280
000371753 129984
000371754 103040
000371755 149296
000371756 110560
000371757 137920
000371759 77760
000371760 86080
000371761 81520
000371762 158240
000371764 125600
000371765 93280
000371766 156000
000371769 119200
000371770 61152
000371771 73600
000371773 86880
000371774 143520
000371775 104800
000371776 85280
000371777 148320
000371778 136960
000371779 122720
000371780 123200
000371782 112320
000371783 160640
000371785 122080
000371788 78240
000371789 108800
000371793 96720
000371794 107840
000371795 113120
000371796 106400
000371797 143200
000371798 57600
000371799 139360
000371800 70560
000380001 64000
000380002 168320
000380003 86880
000380004 110720
000380005 131039
000380006 86720
000380007 110880
000380008 90880
000380009 82880
000380010 115040
000380011 79520
000380012 147680
000380013 105600
000380014 162720
000380015 136640
000380016 173120
000380017 106240
000380019 157600
000380020 94240
000380021 64800
000380022 67360
000380024 81280
000380025 105120
000380026 86720
000380027 71200
000380028 56960
000380029 74080
000380030 89120
000380031 97600
000380032 80160
000380033 103520
000380034 121280
000380036 83840
000380037 108960
000380038 87520
000380039 82720
000380040 96800
000380041 43344
000380042 53760
000380043 84000
000380044 64959
000380045 60096
000380046 63728
000380047 56320
000380048 112800
000380049 71520
000380050 72640
000380052 78560
000380053 48864
000380054 51680
000380057 98880
000380058 78400
000380059 63520
000380060 83360
000380061 75200
000380062 68000
000380063 97600
000380064 75680
000380065 72160
000380068 82128
000380070 79040
000380071 74080
000380072 83360
000380073 88320
000380074 99200
000380075 72000
000380077 69440
000380078 109600
000380079 86400
000380081 79840
000380082 105120
000380083 88960
000380084 84160
000380085 86720
000380086 79040
000380087 88800
000380088 92320
000380089 127520
000380090 97760
000380091 104800
000380092 134720
000380093 99040
000380094 81920
000380095 100800
000380096 69920
000380097 79840
000380098 103840
000380100 88800
000380101 140800
000380102 104000
000380103 123840
000380104 112480
000380105 150560
000380106 80480
000380107 88480
000380108 119680
000380109 98240
000380110 52000
000380111 118720
000380112 100960
000380113 109920
000380114 112800
000380115 72480
000380117 104160
000380118 69760
000380119 95520
000380120 104000
000380121 137600
000380122 104480
000380123 98560
000380124 76480
000380125 128000
000380127 51520
000380128 114880
000380129 134080
000380130 68320
000380131 74880
000380132 94240
000380133 89600
000380134 87840
000380135 124480
000380136 114880
000380137 98400
000380138 133760
000380139 51200
000380140 158720
000380141 112000
000380142 84640
000380144 76000
000380145 104000
000380146 106080
000380147 139040
000380149 131840
000380150 92000
000380151 61920
000380152 111040
000380153 92320
000380154 90560
000380155 167680
000380156 105760
000380159 147808
000380160 162080
000380161 133280
000380162 107040
000380163 112960
000380164 112320
000380165 71680
000380166 115840
000380167 93440
000380168 61920
000380169 126240
000380170 140640
000380171 116960
000380172 80160
000380173 52640
000380174 86240
000380175 116160
000380176 80480
000380177 140160
000380178 105440
000380179 60800
000380180 61440
000380181 125280
000380182 112640
000380183 72960
000380184 125920
000380185 144480
000380186 129744
000380187 153120
000380188 118720
000380189 162080
000380190 107680
000380191 118720
000380192 102240
000380193 67040
000380194 136320
000380195 117120
000380196 133744
000380197 70400
000380198 177600
000380199 103040
000380200 120320
000380201 133280
000380202 91680
000380204 153920
000380206 145280
000380207 92800
000380208 113600
000380209 137600
000380210 80800
000380211 125600
000380212 160480
000380214 202880
000380215 98048
000380216 180000
000380217 164000
000380218 132160
000380219 119360
000380220 104800
000380221 152320
000380222 89536
000380223 117120
000380224 62720
000380225 56960
000380226 135840
000380227 96960
000380228 74400
000380230 103680
000380231 143520
000380232 119360
000380233 83360
000380234 65120
000380235 86400
000380236 158560
000380237 76640
000380238 97280
000380239 138080
000380240 123200
000380241 97440
000380242 104640
000380244 144000
000380245 52960
000380246 166080
000380247 154080
000380248 120928
000380249 134720
000380252 47168
000380253 128479
000380254 52320
000380255 130400
000380256 108960
000380257 143520
000380258 94400
000380259 101600
000380260 95520
000380261 109440
000380262 117760
000380263 88480
000380264 134080
000380265 87040
000380267 73920
000380268 104960
000380269 77120
000380270 76800
000380272 146560
000380273 165120
000380274 153280
000380275 51360
000380276 49440
000380277 152320
000380278 132640
000380279 112480
000380280 90720
000380282 102400
000380284 112960
000380286 82880
000380287 85120
000380288 149280
000380289 64959
000380290 53280
000380292 80960
000380293 119040
000380294 88320
000380295 99520
000380296 136000
000380298 97120
000380299 97920
000380300 54560
000380302 129280
000380304 140800
000380305 68960
000380307 75040
000380308 131840
000380309 84160
000380310 116960
000380311 141440
000380313 165440
000380314 78240
000380315 142880
000380318 101760
000380319 81600
000380321 99040
000380322 70080
000380323 128960
000380324 102400
000380325 66880
000380326 99680
000380327 129264
000380328 117600
000380329 90080
000380330 120480
000380331 217440
000380332 85600
000380333 100480
000380334 78240
000380335 126080
000380337 47264
000380338 81136
000380339 180320
000380340 143040
000380341 108480
000380342 114448
000380343 102880
000380344 116960
000380345 79680
000380347 85760
000380348 124800
000380349 186080
000380350 184320
000380351 145120
000380352 155680
000380353 84320
000380354 169440
000380355 130880
000380356 104320
000380357 120320
000380358 83200
000380360 100160
000380362 130080
000380363 84960
000380364 89920
000380365 80160
000380367 120000
000380370 81120
000380371 105120
000380373 121920
000380374 54880
000380375 78240
000380376 133600
000380377 102880
000380378 114400
000380379 85920
000380380 90240
000380381 70080
000380382 103840
000380384 133280
000380385 100160
000380386 170560
000380387 105760
000380388 88000
000380389 132320
000380390 120000
000380391 114880
000380392 139840
000380393 128320
000380394 122240
000380395 128639
000380397 161120
000380398 117760
000380399 52960
000381401 66656
000381402 92640
000381403 88320
000381405 82400
000381406 68320
000381407 72160
000381408 92000
000381409 52480
000381411 84800
000381412 88000
000381413 50080
000381414 119200
000381415 70880
000381416 86400
000381418 76320
000381419 65760
000381422 68160
000381423 62240
000381424 70880
000381425 76480
000381426 69600
000381428 62400
000381429 61120
000381430 87664
000381431 53120
000381432 99520
000381433 95680
000381434 77120
000381435 73920
000381436 72640
000381438 76160
000381439 97856
000381440 43840
000381441 79200
000381442 86240
000381443 98240
000381444 101600
000381445 63840
000381447 72960
000381448 71360
000381449 68640
000381450 76160
000381451 90720
000381453 81760
000381454 54400
000381458 125104
000381459 61920
000381460 75680
000381461 85760
000381463 94080
000381464 91680
000381465 78400
000381466 90720
000381467 72000
000381469 90560
000381470 85120
000381471 74880
000381474 68320
000381475 94240
000381476 91680
000381478 73920
000381479 93600
000381480 117760
000381481 92320
000381482 81920
000381485 82400
000381487 103200
000381488 77120
000381489 128960
000381490 72960
000381491 73280
000381494 83232
000381495 68480
000381496 92320
000381497 65600
000381498 81440
000381499 94400
000381500 82880
000381503 103680
000381504 132144
000381505 88800
000381508 115840
000381509 126400
000381510 87840
000381511 79040
000381512 89920
000381513 106720
000381514 148960
000381516 48160
000381517 101600
000381518 140640
000381519 142880
000381521 59360
000381522 61760
000381523 135360
000381524 138720
000381525 145280
000381526 171840
000381527 111200
000381528 103040
000381530 100320
000381532 79200
000381533 72800
000381536 94720
000381537 56640
000381539 94880
000381540 101600
000381541 88640
000381542 111840
000381546 154400
000381547 154080
000381548 111040
000381550 106080
000381551 129919
000381552 72640
000381554 60160
000381555 112800
000381561 72800
000381562 146880
000381566 136800
000381567 110400
000381568 162240
000381571 85920
000381572 155520
000381575 128960
000381576 132640
000381577 68800
000381578 74880
000381579 91360
000381581 118560
000381583 86240
000381584 106080
000381585 140160
000381586 112960
000381587 91680
000381589 84480
000381591 96800
000381592 71840
000381593 112640
000381596 83840
000381597 53280
000381598 63040
000381600 81760
000381602 94240
000381603 137440
000381606 113920
000381607 108960
000381609 110240
000381610 135184
000381612 113920
000381613 71520
000381616 129759
000381618 136160
000381619 69920
000381620 112000
000381622 117280
000381623 87200
000381624 50560
000381625 126240
000381626 78880
000381629 60000
000381630 115040
000381631 78400
000381632 73280
000381634 132960
000381635 93280
000381637 77760
000381638 123200
000381639 139680
000381640 65920
000381641 95680
000381642 116800
000381643 123040
000381645 73600
000381646 96960
000381647 77920
000381649 83680
