000300114 8
000300115 18
000300116 21
000300117 9
000300118 11
000300119 35
000300120 15
000300121 31
000300122 32
000300123 28
000300124 10
000300125 29
000300126 30
000300127 16
000300128 26
000300129 10
000300130 19
000300131 29
000300132 12
000300133 23
000300134 8
000300135 11
000300136 13
000300137 27
000300138 9
000300139 30
000300140 21
000300141 33
000300142 5
000300143 22
000300144 19
000300145 9
000300146 35
000300147 9
000300148 19
000300149 19
000300150 10
000300151 16
000300152 31
000300153 21
000300154 20
000300155 15
000300156 5
000300157 14
000300158 17
000300159 26
000300160 11
000300161 15
000300162 13
000300163 18
000300164 30
000300165 24
000300166 10
000300167 17
000300168 29
000300169 16
000300170 32
000300171 17
000300172 18
000300173 32
000300174 21
000300175 13
000300176 22
000300177 21
000300178 18
000300179 32
000300180 26
000300181 26
000300182 42
000300183 10
000300184 18
000300185 19
000300186 26
000300187 12
000300188 8
000300189 8
000300190 9
000300191 9
000300192 13
000300193 26
000300194 31
000300195 18
000300196 12
000300197 15
000300198 18
000300199 24
000300200 14
000300201 20
000300202 19
000300203 15
000300204 11
000300205 29
000300206 17
000300207 17
000300208 20
000300209 15
000300210 21
000300211 41
000300212 22
000300213 21
000300214 27
000300215 16
000300216 23
000300217 25
000300218 25
000300219 17
000300220 12
000300221 19
000300222 16
000300223 13
000300224 14
000300225 14
000300226 11
000300227 17
000300228 18
000300229 6
000300230 12
000300231 14
000300232 21
000300233 32
000300234 16
000300235 9
000300236 8
000300237 22
000300238 10
000300239 16
000300240 20
000300241 35
000300242 23
000300243 21
000300244 31
000300246 23
000300247 18
000300248 29
000300249 30
000300250 5
000300251 15
000300252 11
000300253 30
000300254 24
000300255 12
000300256 36
000300257 16
000300258 12
000300259 23
000300260 23
000300261 31
000300262 9
000300263 19
000300264 13
000300265 10
000300266 23
000300267 13
000300268 14
000300269 9
000300270 22
000300271 34
000300272 11
000300273 17
000300274 15
000300275 19
000300276 18
000300277 9
000300278 13
000300279 28
000300280 16
000300281 12
000300282 25
000300283 22
000300284 50
000300285 17
000300286 19
000300287 22
000300288 17
000300289 24
000300290 17
000300291 26
000300292 30
000300293 7
000300294 14
000300295 15
000300296 26
000300297 17
000300298 24
000300299 24
000300300 16
000300301 11
000300302 7
000300303 10
000300304 14
000300305 20
000300306 21
000300307 32
000300308 27
000300309 10
000300310 19
000300311 6
000300312 36
000300313 28
000300314 18
000300315 22
000300316 7
000300317 16
000300318 25
000300319 10
000300320 12
000300321 21
000300322 21
000300323 13
000300324 9
000300325 20
000300326 20
000300327 27
000300328 11
000300329 12
000300330 28
000300331 19
000300332 15
000300333 25
000300334 8
000300335 26
000300336 24
000300337 21
000300338 7
000300339 20
000300340 12
000300341 22
000300342 17
000300343 23
000300344 12
000300345 17
000300346 19
000300347 7
000300348 11
000300349 10
000300350 6
000300351 39
000300352 6
000300353 34
000300354 21
000300355 26
000300356 29
000300357 37
000300358 31
000300359 16
000300360 22
000300361 9
000300362 22
000300363 21
000300364 6
000300365 18
000300366 26
000300367 26
000300368 8
000300369 25
000300370 27
000300371 21
000300372 27
000300373 12
000300374 12
000300375 21
000300376 15
000300377 20
000300378 31
000300379 14
000300380 9
000300381 22
000300382 16
000300383 26
000300384 16
000300385 8
000300386 31
000300387 12
000300388 27
000300389 9
000300390 10
000300391 18
000300392 14
000300393 22
000300394 13
000300395 7
000300396 25
000300397 10
000300398 32
000300399 15
000300400 11
000301401 12
000301402 18
000301403 13
000301404 21
000301405 14
000301406 15
000301407 17
000301408 16
000301409 10
000301410 19
000301411 18
000301412 21
000301413 6
000301414 19
000301415 11
000301416 13
000301417 27
000301418 12
000301419 13
000301420 14
000301421 8
000301422 13
000301423 10
000301424 15
000301425 10
000301426 12
000301427 22
000301428 10
000301429 15
000301430 17
000301431 14
000301432 20
000301433 20
000301434 14
000301435 10
000301436 12
000301437 12
000301438 16
000301439 19
000301440 8
000301441 17
000301442 21
000301443 17
000301444 19
000301445 15
000301446 21
000301447 11
000301448 16
000301449 12
000301450 16
000301451 21
000301452 25
000301453 15
000301454 6
000301455 20
000301456 22
000301457 13
000301458 23
000301459 15
000301460 13
000301461 16
000301462 14
000301463 21
000301464 16
000301465 13
000301466 19
000301467 9
000301468 15
000301469 19
000301470 18
000301471 15
000301472 20
000301473 12
000301474 8
000301475 20
000301476 13
000301477 13
000301478 14
000301479 17
000301480 33
000301481 12
000301482 14
000301483 17
000301484 15
000301485 10
000301486 8
000301487 18
000301488 15
000301489 25
000301490 13
000301491 15
000301492 17
000301493 11
000301494 13
000301495 12
000301496 21
000301497 15
000301498 15
000301499 14
000301500 18
000301501 16
000301502 25
000301503 13
000301504 21
000301505 30
000301506 11
000301507 19
000301508 15
000301509 12
000301510 10
000301511 20
000301512 25
000301513 9
000301514 13
000301515 29
000301516 13
000301517 30
000301518 19
000301519 5
000301520 18
000301521 16
000301522 25
000301523 23
000301524 22
000301525 12
000301526 12
000301527 11
000301528 16
000301529 22
000301530 28
000301531 10
000301532 8
000301533 12
000301535 18
000301536 29
000301537 35
000301538 7
000301539 8
000301540 10
000301541 17
000301542 16
000301543 16
000301544 11
000301545 26
000301546 30
000301547 13
000301548 24
000301549 20
000301550 26
000301551 8
000301552 13
000301553 11
000301554 16
000301555 22
000301556 28
000301557 21
000301558 28
000301559 36
000301560 7
000301561 15
000301562 19
000301563 31
000301564 10
000301565 10
000301566 13
000301567 24
000301568 19
000301569 25
000301570 24
000301571 20
000301572 22
000301573 21
000301574 13
000301575 18
000301576 11
000301577 22
000301578 24
000301579 16
000301580 28
000301581 17
000301582 29
000301583 14
000301584 11
000301585 8
000301586 12
000301587 16
000301588 28
000301589 9
000301590 22
000301591 9
000301592 31
000301593 12
000301594 7
000301595 20
000301596 8
000301597 18
000301598 22
000301599 35
000301600 14
000301601 14
000301602 23
000301603 18
000301604 21
000301605 19
000301606 20
000301607 9
000301608 15
000301609 25
000301610 17
000301611 18
000301612 28
000301613 11
000301614 21
000301615 9
000301616 14
000301617 22
000301618 12
000301619 17
000301620 18
000301621 9
000301622 12
000301623 13
000301624 19
000301625 35
000301626 17
000301627 12
000301628 6
000301629 18
000301630 13
000301631 6
000301632 25
000301633 25
000301634 18
000301635 7
000301636 21
000301637 18
000301638 21
000301639 24
000301640 22
000301641 13
000301642 16
000301643 45
000301644 11
000301645 15
000301646 14
000301647 9
000301648 16
000301649 15
000301650 17
000301651 10
000301652 30
000301653 14
000301654 42
000301655 20
000301656 27
000301657 20
000301658 12
000301659 22
000301660 14
000301661 25
000301662 19
000301663 28
000301664 16
000301665 31
000301666 15
000301667 18
000301668 17
000301669 13
000301670 28
000301671 8
000301672 28
000301673 27
000301674 21
000301675 24
000301676 16
000301677 12
000301678 8
000301679 10
000301680 20
000301681 21
000301682 6
000301683 19
000301684 10
000301685 19
000301686 20
000301687 24
000301688 29
000301689 14
000301690 31
000301692 23
000301693 24
000301694 32
000301695 19
000301696 27
000301697 26
000301698 33
000301699 30
000301700 17
000301701 30
000301702 13
000301704 26
000301705 18
000301706 18
000301707 12
000301708 32
000301709 15
000301710 10
000301711 21
000301712 10
000301713 28
000301714 22
000301715 30
000301716 23
000301717 21
000301718 27
000301719 25
000301720 30
000301721 8
000301722 10
000301723 13
000301724 6
000301725 16
000301726 21
000301727 35
000301728 26
000301729 5
000301730 8
000301731 12
000301732 13
000301733 25
000301734 9
000301735 29
000301736 26
000301737 24
000301738 19
000301739 20
000301740 9
000301741 18
000301742 24
000301743 17
000301744 29
000301745 19
000301746 10
000301747 17
000301748 30
000301749 27
000301750 30
000301751 11
000301752 23
000301753 22
000301754 8
000301755 9
000301756 21
000301757 12
000301758 11
000301759 29
000301760 28
000301761 22
000301762 27
000301763 23
000301764 20
000301765 15
000301766 10
000301767 9
000301768 32
000301769 17
000301770 17
000301771 27
000301772 7
000301773 19
000301774 15
000301775 18
000301776 14
000301777 15
000301778 12
000301779 12
000301780 18
000301781 10
000301782 23
000301783 19
000301784 11
000301785 23
000301786 31
000301787 10
000301788 23
000301789 14
000301790 8
000301791 15
000301792 21
000301793 19
000301794 32
000301795 21
000301796 16
000301797 29
000301798 13
000301799 22
000301800 22
000310001 10
000310002 41
000310003 18
000310004 33
000310005 35
000310006 21
000310007 30
000310008 24
000310009 20
000310010 27
000310011 20
000310012 34
000310013 20
000310014 37
000310015 27
000310016 46
000310017 24
000310018 25
000310019 42
000310020 23
000310021 7
000310022 11
000310023 14
000310024 12
000310025 20
000310026 8
000310027 12
000310028 8
000310029 11
000310030 14
000310031 15
000310032 19
000310033 20
000310034 20
000310035 7
000310036 8
000310037 17
000310038 10
000310039 11
000310040 14
000310041 4
000310042 4
000310043 14
000310044 10
000310046 9
000310047 10
000310048 15
000310049 7
000310050 14
000310051 11
000310052 17
000310053 8
000310054 7
000310055 12
000310056 13
000310057 16
000310058 14
000310059 9
000310060 14
000310061 17
000310062 11
000310063 20
000310064 13
000310065 18
000310066 8
000310067 11
000310068 13
000310069 20
000310070 19
000310071 14
000310072 12
000310073 15
000310074 14
000310075 13
000310076 18
000310077 7
000310078 20
000310079 14
000310080 10
000310081 13
000310082 17
000310083 14
000310084 13
000310086 14
000310087 15
000310088 15
000310089 21
000310090 22
000310091 15
000310092 35
000310093 16
000310094 13
000310095 14
000310096 14
000310097 13
000310098 19
000310100 17
000310101 14
000310103 29
000310104 30
000310105 29
000310106 27
000310108 25
000310109 17
000310110 31
000310111 31
000310114 21
000310115 27
000310116 39
000310117 26
000310118 19
000310119 12
000310120 20
000310121 35
000310122 20
000310123 39
000310124 20
000310125 23
000310126 27
000310127 36
000310128 12
000310129 17
000310130 16
000310131 10
000310133 14
000310134 24
000310136 10
000310137 16
000310138 13
000310139 11
000310140 35
000310141 31
000310142 6
000310143 25
000310144 16
000310145 22
000310146 17
000310147 22
000310148 28
000310149 33
000310150 8
000310151 10
000310152 19
000310153 11
000310154 16
000310155 20
000310156 21
000310157 7
000310158 19
000310159 9
000310160 24
000310161 21
000310162 10
000310163 22
000310164 36
000310165 19
000310166 19
000310167 22
000310168 26
000310169 18
000310170 24
000310171 25
000310172 12
000310174 35
000310175 9
000310176 30
000310178 21
000310179 27
000310180 20
000310181 20
000310182 27
000310184 26
000310185 22
000310186 12
000310187 8
000310188 17
000310190 22
000310192 19
000310193 20
000310194 15
000310196 19
000310197 21
000310198 25
000310200 34
000310201 26
000310202 13
000310203 10
000310204 27
000310205 15
000310206 31
000310207 12
000310208 11
000310209 13
000310210 13
000310211 21
000310212 25
000310213 15
000310214 18
000310215 39
000310216 25
000310217 6
000310218 11
000310219 31
000310220 34
000310221 28
000310222 14
000310223 20
000310224 28
000310225 25
000310226 36
000310227 13
000310228 27
000310229 20
000310230 18
000310231 21
000310232 17
000310233 28
000310235 28
000310236 22
000310237 21
000310238 17
000310239 32
000310240 13
000310241 18
000310242 20
000310243 24
000310244 23
000310245 7
000310246 28
000310247 10
000310248 26
000310249 26
000310250 9
000310251 21
000310252 6
000310253 27
000310254 7
000310255 24
000310256 15
000310257 37
000310258 14
000310259 14
000310260 28
000310261 25
000310262 12
000310263 25
000310264 18
000310265 28
000310266 23
000310267 23
000310268 14
000310269 26
000310270 10
000310271 11
000310272 17
000310273 37
000310274 20
000310275 21
000310276 38
000310277 27
000310278 17
000310279 20
000310281 28
000310282 14
000310283 31
000310284 12
000310285 13
000310286 14
000310287 10
000310288 38
000310289 6
000310290 24
000310291 16
000310293 16
000310294 24
000310295 26
000310296 9
000310297 11
000310298 18
000310299 31
000310300 20
000310302 22
000310303 31
000310304 27
000310305 32
000310306 25
000310307 6
000310308 14
000310309 22
000310310 7
000310311 31
000310312 34
000310313 14
000310314 30
000310315 13
000310316 20
000310317 26
000310318 16
000310319 20
000310320 15
000310321 23
000310322 16
000310323 17
000310324 8
000310325 7
000310326 20
000310327 18
000310328 18
000310329 10
000310330 16
000310331 31
000310332 21
000310333 36
000310334 12
000310335 24
000310336 12
000310337 23
000310338 8
000310339 14
000310340 32
000310341 18
000310342 16
000310343 11
000310344 32
000310345 13
000310346 25
000310347 25
000310348 21
000310349 23
000310351 28
000310352 31
000310353 30
000310354 21
000310355 33
000310356 23
000310357 13
000310358 17
000310359 25
000310360 13
000310361 13
000310362 8
000310363 9
000310364 20
000310365 13
000310366 26
000310367 10
000310368 17
000310369 24
000310370 18
000310372 27
000310373 15
000310374 14
000310375 35
000310376 9
000310377 21
000310379 33
000310380 15
000310381 20
000310382 32
000310383 9
000310384 19
000310385 14
000310386 15
000310387 13
000310389 13
000310390 12
000310391 11
000310392 19
000310393 10
000310394 30
000310395 17
000310396 11
000310397 31
000310398 20
000310399 35
000310400 28
000311402 18
000311403 13
000311404 21
000311406 15
000311407 17
000311408 16
000311409 10
000311410 19
000311411 19
000311412 21
000311414 19
000311415 11
000311416 13
000311418 12
000311420 14
000311421 8
000311422 13
000311423 10
000311424 15
000311425 10
000311426 12
000311427 22
000311428 10
000311429 15
000311430 17
000311431 14
000311432 20
000311433 19
000311434 14
000311435 10
000311436 12
000311437 12
000311438 16
000311439 19
000311440 8
000311441 17
000311443 17
000311444 19
000311445 15
000311446 21
000311447 11
000311448 16
000311449 12
000311450 16
000311451 21
000311453 15
000311454 6
000311456 20
000311457 13
000311458 23
000311459 15
000311460 15
000311462 14
000311463 21
000311464 16
000311465 13
000311466 19
000311467 9
000311468 15
000311470 18
000311471 14
000311472 20
000311474 8
000311475 20
000311476 13
000311477 13
000311478 14
000311479 17
000311480 33
000311481 12
000311482 14
000311483 17
000311485 10
000311487 18
000311488 15
000311489 25
000311490 13
000311491 15
000311492 16
000311493 11
000311494 13
000311495 12
000311496 21
000311497 15
000311498 15
000311499 14
000311500 18
000311501 24
000311502 18
000311503 20
000311504 19
000311505 8
000311506 13
000311507 6
000311508 32
000311509 14
000311510 25
000311511 11
000311512 17
000311513 18
000311514 20
000311515 13
000311516 19
000311517 9
000311518 32
000311519 8
000311520 11
000311521 17
000311523 8
000311524 42
000311525 24
000311527 31
000311528 25
000311529 13
000311530 13
000311531 21
000311532 17
000311534 23
000311535 9
000311536 11
000311537 12
000311538 22
000311539 12
000311540 30
000311541 9
000311542 11
000311543 12
000311544 20
000311546 42
000311547 16
000311548 5
000311549 12
000311550 18
000311551 30
000311552 17
000311553 16
000311554 10
000311555 17
000311556 23
000311557 12
000311558 32
000311559 19
000311560 19
000311561 17
000311562 13
000311563 12
000311564 13
000311565 28
000311566 20
000311567 13
000311568 42
000311569 17
000311570 19
000311571 13
000311572 27
000311573 29
000311574 22
000311575 8
000311576 19
000311577 18
000311578 9
000311580 11
000311581 9
000311582 20
000311583 10
000311584 23
000311585 14
000311586 22
000311587 20
000311588 17
000311589 21
000311590 16
000311591 25
000311592 22
000311593 29
000311594 39
000311595 31
000311596 21
000311597 8
000311598 40
000311599 29
000311600 19
000311601 18
000311602 15
000311603 29
000311604 43
000311605 14
000311606 9
000311607 34
000311608 11
000311609 25
000311610 28
000311613 23
000311614 24
000311615 6
000311616 21
000311617 19
000311618 11
000311619 11
000311620 24
000311621 18
000311622 15
000311623 26
000311624 20
000311625 21
000311626 28
000311627 12
000311628 22
000311629 16
000311630 11
000311631 22
000311632 25
000311633 22
000311634 13
000311635 20
000311636 25
000311637 17
000311638 28
000311639 33
000311640 17
000311641 9
000311642 19
000311643 37
000311644 7
000311645 6
000311646 27
000311647 16
000311648 26
000311651 20
000311652 20
000311653 22
000311655 11
000311656 18
000311657 24
000311658 25
000311660 27
000311661 27
000311662 20
000311663 12
000311664 22
000311665 18
000311666 35
000311667 12
000311668 24
000311669 17
000311670 12
000311671 17
000311672 11
000311673 17
000311674 15
000311675 17
000311676 24
000311677 15
000311678 16
000311679 22
000311680 20
000311681 16
000311682 10
000311683 19
000311684 7
000311685 25
000311686 26
000311687 21
000311688 9
000311689 22
000311690 30
000311691 18
000311692 21
000311694 14
000311695 23
000311696 7
000311697 18
000311698 20
000311699 20
000311700 19
000311701 28
000311702 24
000311703 12
000311704 15
000311706 21
000311707 21
000311708 21
000311709 34
000311710 6
000311711 18
000311712 31
000311716 12
000311717 8
000311718 19
000311720 10
000311721 11
000311722 31
000311723 35
000311724 26
000311725 27
000311726 16
000311727 11
000311728 15
000311729 8
000311730 14
000311731 9
000311732 9
000311733 9
000311734 36
000311735 15
000311736 14
000311737 22
000311738 7
000311739 20
000311740 14
000311741 21
000311742 25
000311743 15
000311744 14
000311745 17
000311746 14
000311747 28
000311748 29
000311750 11
000311751 15
000311752 22
000311753 22
000311755 23
000311756 8
000311757 7
000311758 16
000311759 18
000311760 10
000311761 17
000311762 24
000311763 14
000311764 12
000311765 31
000311767 14
000311768 19
000311769 19
000311770 20
000311771 21
000311772 35
000311774 19
000311775 14
000311776 28
000311777 5
000311778 14
000311779 19
000311780 14
000311781 16
000311782 20
000311783 17
000311784 5
000311785 28
000311786 7
000311787 23
000311788 12
000311790 11
000311791 5
000311792 18
000311793 11
000311794 26
000311795 18
000311796 27
000311797 12
000311798 27
000311800 17
000320001 10
000320002 41
000320003 17
000320004 33
000320005 35
000320006 21
000320007 30
000320008 24
000320009 14
000320010 27
000320012 40
000320013 20
000320014 37
000320015 27
000320016 46
000320017 18
000320019 42
000320020 24
000320021 7
000320023 14
000320026 8
000320027 12
000320029 11
000320030 14
000320031 15
000320032 19
000320033 21
000320034 20
000320037 17
000320038 10
000320040 14
000320042 4
000320043 14
000320044 10
000320046 9
000320047 10
000320048 15
000320049 13
000320050 14
000320052 17
000320053 8
000320054 7
000320057 16
000320058 14
000320059 9
000320060 20
000320061 17
000320062 11
000320063 20
000320064 12
000320065 18
000320067 11
000320068 13
000320070 19
000320072 12
000320073 16
000320075 13
000320076 18
000320078 20
000320079 14
000320080 10
000320081 13
000320082 17
000320083 14
000320084 13
000320085 11
000320089 21
000320090 22
000320092 35
000320093 16
000320094 13
000320095 14
000320096 14
000320097 13
000320102 24
000320103 17
000320107 16
000320108 35
000320109 17
000320110 18
000320111 35
000320118 25
000320119 20
000320120 12
000320121 25
000320122 34
000320123 22
000320127 19
000320128 22
000320129 25
000320130 22
000320133 29
000320134 16
000320135 39
000320136 19
000320140 8
000320141 13
000320142 17
000320144 21
000320145 30
000320146 18
000320147 37
000320148 19
000320149 21
000320151 12
000320152 19
000320153 10
000320154 22
000320155 20
000320156 22
000320157 6
000320160 35
000320161 21
000320163 12
000320165 24
000320166 16
000320167 11
000320169 25
000320171 23
000320172 17
000320174 7
000320175 39
000320176 21
000320177 40
000320180 26
000320182 18
000320183 25
000320184 14
000320185 30
000320190 7
000320191 18
000320192 18
000320194 14
000320195 13
000320196 11
000320197 12
000320198 19
000320202 24
000320203 23
000320205 34
000320209 26
000320211 28
000320212 27
000320213 18
000320215 15
000320217 30
000320218 17
000320221 17
000320222 28
000320223 7
000320224 27
000320225 9
000320228 18
000320229 21
000320230 8
000320231 20
000320232 17
000320235 30
000320236 28
000320237 22
000320238 40
000320240 22
000320242 11
000320243 26
000320247 19
000320250 18
000320252 15
000320253 30
000320254 20
000320255 26
000320256 13
000320257 7
000320258 18
000320260 26
000320261 20
000320262 20
000320263 22
000320265 27
000320268 57
000320270 16
000320272 10
000320273 21
000320275 15
000320276 12
000320278 31
000320279 28
000320280 19
000320281 23
000320282 18
000320285 14
000320286 9
000320287 20
000320288 10
000320291 17
000320292 16
000320293 27
000320294 11
000320295 22
000320296 9
000320297 19
000320298 30
000320300 12
000320302 20
000320304 19
000320305 27
000320306 22
000320308 40
000320309 31
000320310 20
000320311 30
000320312 23
000320313 24
000320314 7
000320315 25
000320316 31
000320317 8
000320319 23
000320323 31
000320324 16
000320325 41
000320326 22
000320327 16
000320328 22
000320330 25
000320334 22
000320335 13
000320336 21
000320337 10
000320340 21
000320341 21
000320343 26
000320345 16
000320346 26
000320348 23
000320349 18
000320350 18
000320351 23
000320352 23
000320354 26
000320357 26
000320358 28
000320359 19
000320360 13
000320362 7
000320366 23
000320367 33
000320368 5
000320369 11
000320370 24
000320371 32
000320373 30
000320374 29
000320375 17
000320376 35
000320377 18
000320378 24
000320379 22
000320380 21
000320382 31
000320383 27
000320386 17
000320387 35
000320388 12
000320389 25
000320390 13
000320391 25
000320392 10
000320394 12
000320395 18
000320396 29
000320397 17
000320398 26
000320399 13
000320400 32
000321401 12
000321402 18
000321403 13
000321406 15
000321408 16
000321411 21
000321412 21
000321414 19
000321415 11
000321416 13
000321419 16
000321422 13
000321423 10
000321424 15
000321425 10
000321428 10
000321429 15
000321430 17
000321432 20
000321433 19
000321434 15
000321435 10
000321436 12
000321437 12
000321438 16
000321439 19
000321441 19
000321442 20
000321443 17
000321444 19
000321447 10
000321448 16
000321450 16
000321453 15
000321454 6
000321456 20
000321461 16
000321463 21
000321464 16
000321465 13
000321466 19
000321467 9
000321468 15
000321470 18
000321471 14
000321475 20
000321476 13
000321477 13
000321478 14
000321479 17
000321480 33
000321482 14
000321483 17
000321484 15
000321485 10
000321487 18
000321488 16
000321489 25
000321492 16
000321494 13
000321495 12
000321496 21
000321497 15
000321498 15
000321499 14
000321500 18
000321501 12
000321503 25
000321504 31
000321505 15
000321506 17
000321507 14
000321508 13
000321509 6
000321510 29
000321511 36
000321513 25
000321514 17
000321515 35
000321517 18
000321518 31
000321519 30
000321522 37
000321523 28
000321525 7
000321526 23
000321527 15
000321528 35
000321530 8
000321531 17
000321532 20
000321533 25
000321534 20
000321535 19
000321536 18
000321537 11
000321538 18
000321539 24
000321540 20
000321541 9
000321542 25
000321543 16
000321544 17
000321545 21
000321546 18
000321547 29
000321548 43
000321549 9
000321550 8
000321551 31
000321553 14
000321554 17
000321555 17
000321556 23
000321557 27
000321558 19
000321559 30
000321560 12
000321561 12
000321562 34
000321563 32
000321565 27
000321567 19
000321568 13
000321569 18
000321570 18
000321571 14
000321573 8
000321574 39
000321575 23
000321576 16
000321577 17
000321578 19
000321579 20
000321580 18
000321581 12
000321582 23
000321583 15
000321584 10
000321585 27
000321586 13
000321589 22
000321591 17
000321592 27
000321593 21
000321594 42
000321595 25
000321596 18
000321597 22
000321598 20
000321599 30
000321600 27
000321601 12
000321602 43
000321604 16
000321605 15
000321606 21
000321607 20
000321608 17
000321609 23
000321610 5
000321611 16
000321612 10
000321613 16
000321614 15
000321615 30
000321616 20
000321617 16
000321618 16
000321619 16
000321620 26
000321621 13
000321622 26
000321623 27
000321624 10
000321627 6
000321628 13
000321629 18
000321631 14
000321632 9
000321634 18
000321635 13
000321636 21
000321637 30
000321638 7
000321639 19
000321640 29
000321643 23
000321644 29
000321645 37
000321647 11
000321648 19
000321649 32
000321650 20
000321651 22
000321652 30
000321653 18
000321654 5
000321655 17
000321656 19
000321658 13
000321659 12
000321660 18
000321661 22
000321662 23
000321663 12
000321664 17
000321665 45
000321666 27
000321667 22
000321668 15
000321669 27
000321670 18
000321671 19
000321672 17
000321673 22
000321674 30
000321675 25
000321677 24
000321678 20
000321679 29
000321680 15
000321681 24
000321682 12
000321684 9
000321685 18
000321686 15
000321687 17
000321688 20
000321689 27
000321690 25
000321691 10
000321692 17
000321693 28
000321694 19
000321695 23
000321696 18
000321697 18
000321698 10
000321699 21
000321700 14
000321701 21
000321702 30
000321703 17
000321705 15
000321706 21
000321707 28
000321708 35
000321709 16
000321710 26
000321711 13
000321712 17
000321714 25
000321715 20
000321716 14
000321717 33
000321718 25
000321719 34
000321720 23
000321721 14
000321722 18
000321723 29
000321724 22
000321726 25
000321727 21
000321728 29
000321729 25
000321730 30
000321731 13
000321732 10
000321733 23
000321734 11
000321736 10
000321737 19
000321738 7
000321739 41
000321740 13
000321742 31
000321743 26
000321744 15
000321746 18
000321747 9
000321748 22
000321749 35
000321750 23
000321751 14
000321752 16
000321753 17
000321754 19
000321755 5
000321756 9
000321757 16
000321760 13
000321761 22
000321764 12
000321765 27
000321766 35
000321767 23
000321768 12
000321769 20
000321770 28
000321771 26
000321772 33
000321773 43
000321774 10
000321776 12
000321777 27
000321778 6
000321780 7
000321781 14
000321782 16
000321784 11
000321785 13
000321786 24
000321787 16
000321788 10
000321789 23
000321790 12
000321791 21
000321793 24
000321794 13
000321795 22
000321796 8
000321797 43
000321798 28
000321799 29
000321800 19
000330001 10
000330002 41
000330003 16
000330004 33
000330005 35
000330006 21
000330007 30
000330008 24
000330009 14
000330010 27
000330012 34
000330014 37
000330015 27
000330016 46
000330017 18
000330018 25
000330019 42
000330020 23
000330021 7
000330022 17
000330023 20
000330024 18
000330025 20
000330026 8
000330027 12
000330028 8
000330029 11
000330030 14
000330031 15
000330032 19
000330033 20
000330034 26
000330035 7
000330036 8
000330037 17
000330038 10
000330039 11
000330040 14
000330042 4
000330043 14
000330044 10
000330045 6
000330046 9
000330047 10
000330048 15
000330049 7
000330050 14
000330052 17
000330053 8
000330055 12
000330056 13
000330057 16
000330058 14
000330059 9
000330060 14
000330061 17
000330062 11
000330063 20
000330064 19
000330065 18
000330066 8
000330067 11
000330068 13
000330069 19
000330070 19
000330071 14
000330072 12
000330073 15
000330074 14
000330075 13
000330076 18
000330077 7
000330079 15
000330081 13
000330082 17
000330083 14
000330084 13
000330085 11
000330086 14
000330087 15
000330088 15
000330089 21
000330090 22
000330091 15
000330092 35
000330093 16
000330094 13
000330095 15
000330096 14
000330097 13
000330098 19
000330099 17
000330100 17
000330101 17
000330102 9
000330104 19
000330105 12
000330106 38
000330107 12
000330108 32
000330109 14
000330110 22
000330111 26
000330112 22
000330113 19
000330114 24
000330115 30
000330117 13
000330118 27
000330120 16
000330122 17
000330123 21
000330124 13
000330125 15
000330127 11
000330128 19
000330129 19
000330130 18
000330131 21
000330133 26
000330134 12
000330135 15
000330136 45
000330137 14
000330138 11
000330139 23
000330140 33
000330141 21
000330142 22
000330143 10
000330145 10
000330146 25
000330147 12
000330148 19
000330149 22
000330150 18
000330151 26
000330152 17
000330153 14
000330154 10
000330155 14
000330156 11
000330157 25
000330158 25
000330159 15
000330160 46
000330161 19
000330162 19
000330163 12
000330164 28
000330165 21
000330166 19
000330167 24
000330168 21
000330169 25
000330170 9
000330171 22
000330172 25
000330173 33
000330174 14
000330175 9
000330177 10
000330179 26
000330180 21
000330181 15
000330182 35
000330183 30
000330184 10
000330185 5
000330187 21
000330188 43
000330189 17
000330190 19
000330191 22
000330192 34
000330193 29
000330194 18
000330195 8
000330196 15
000330197 32
000330198 33
000330199 17
000330200 7
000330201 23
000330203 24
000330204 33
000330205 15
000330206 16
000330209 27
000330210 15
000330211 25
000330212 8
000330213 25
000330214 21
000330215 18
000330216 26
000330217 23
000330218 25
000330219 30
000330220 33
000330221 13
000330222 25
000330223 28
000330224 21
000330225 35
000330226 20
000330227 17
000330228 25
000330230 24
000330232 15
000330233 21
000330234 31
000330235 12
000330236 27
000330237 5
000330238 23
000330240 16
000330241 8
000330242 30
000330243 27
000330244 16
000330245 28
000330246 20
000330247 27
000330248 8
000330249 21
000330250 14
000330251 18
000330252 6
000330253 21
000330254 11
000330255 41
000330256 15
000330257 25
000330258 20
000330259 20
000330260 18
000330261 28
000330262 20
000330264 18
000330265 17
000330266 18
000330267 20
000330268 13
000330270 10
000330271 24
000330272 9
000330273 26
000330274 23
000330276 11
000330277 15
000330279 20
000330280 29
000330281 7
000330282 19
000330283 8
000330284 17
000330285 13
000330286 18
000330288 22
000330290 43
000330291 25
000330293 25
000330294 19
000330295 8
000330296 26
000330297 24
000330298 34
000330299 17
000330300 20
000330302 10
000330303 13
000330304 34
000330305 20
000330306 25
000330307 27
000330308 23
000330309 20
000330310 24
000330311 7
000330312 20
000330313 17
000330314 7
000330315 16
000330316 14
000330317 21
000330319 12
000330320 14
000330321 15
000330322 46
000330323 22
000330324 16
000330325 19
000330326 21
000330327 9
000330328 22
000330329 24
000330330 26
000330332 27
000330333 16
000330334 31
000330335 22
000330336 15
000330337 11
000330338 22
000330339 6
000330340 20
000330341 23
000330342 17
000330343 17
000330344 7
000330345 11
000330346 18
000330347 22
000330348 21
000330349 15
000330350 23
000330351 22
000330352 18
000330353 21
000330354 23
000330355 16
000330356 37
000330358 17
000330359 24
000330360 9
000330361 18
000330362 10
000330363 23
000330364 15
000330365 12
000330366 11
000330367 27
000330368 12
000330369 23
000330370 14
000330373 9
000330374 22
000330375 27
000330376 41
000330377 22
000330378 31
000330379 25
000330380 13
000330381 21
000330382 43
000330383 6
000330384 17
000330385 17
000330386 18
000330387 14
000330388 10
000330390 18
000330391 12
000330392 34
000330393 14
000330394 28
000330395 11
000330396 13
000330397 15
000330398 25
000330399 28
000330400 31
000331401 12
000331402 18
000331403 13
000331404 21
000331405 13
000331406 15
000331407 17
000331408 16
000331409 10
000331410 19
000331411 19
000331412 21
000331413 6
000331414 19
000331415 11
000331416 13
000331418 12
000331419 16
000331420 14
000331421 8
000331422 13
000331423 10
000331424 15
000331425 10
000331426 12
000331427 22
000331428 10
000331429 15
000331430 17
000331431 14
000331432 20
000331433 19
000331434 14
000331435 10
000331436 12
000331437 12
000331438 16
000331439 19
000331440 8
000331441 17
000331442 20
000331443 17
000331444 19
000331445 15
000331446 21
000331447 11
000331448 16
000331449 12
000331450 16
000331451 21
000331452 25
000331453 15
000331456 20
000331457 13
000331458 23
000331459 15
000331460 15
000331461 16
000331462 14
000331463 21
000331464 16
000331465 13
000331466 19
000331467 9
000331468 15
000331469 19
000331470 18
000331471 14
000331472 20
000331473 12
000331474 8
000331475 20
000331476 13
000331478 14
000331479 17
000331480 33
000331481 12
000331482 14
000331483 17
000331484 15
000331485 10
000331487 18
000331488 15
000331489 25
000331490 13
000331491 15
000331492 16
000331493 11
000331494 13
000331495 12
000331496 21
000331497 15
000331498 15
000331499 14
000331500 18
000331501 19
000331502 17
000331503 22
000331504 7
000331505 26
000331506 13
000331507 12
000331508 34
000331509 14
000331510 16
000331511 21
000331512 18
000331513 27
000331514 12
000331515 12
000331516 18
000331517 22
000331518 21
000331519 20
000331520 31
000331521 33
000331522 17
000331523 8
000331524 23
000331525 16
000331526 18
000331527 35
000331528 28
000331529 13
000331530 23
000331531 16
000331532 20
000331533 5
000331534 17
000331535 17
000331536 25
000331537 36
000331538 21
000331539 11
000331540 19
000331541 19
000331542 15
000331543 17
000331544 20
000331545 17
000331546 25
000331548 30
000331549 17
000331550 13
000331551 18
000331552 24
000331553 8
000331554 18
000331555 20
000331556 6
000331557 20
000331558 19
000331559 22
000331560 12
000331561 32
000331562 19
000331563 17
000331564 21
000331565 34
000331566 25
000331567 12
000331568 22
000331569 9
000331571 19
000331572 21
000331573 15
000331574 22
000331575 29
000331576 23
000331577 34
000331578 18
000331580 38
000331581 21
000331582 25
000331583 12
000331584 40
000331585 41
000331587 30
000331588 17
000331589 11
000331590 37
000331592 6
000331593 11
000331594 43
000331595 42
000331596 11
000331597 21
000331598 20
000331599 16
000331600 25
000331601 12
000331603 30
000331604 28
000331605 10
000331606 27
000331607 11
000331608 9
000331609 28
000331610 14
000331611 25
000331612 21
000331613 23
000331614 24
000331615 24
000331616 14
000331617 11
000331618 22
000331620 25
000331621 31
000331622 22
000331623 16
000331625 21
000331627 19
000331628 11
000331629 17
000331630 23
000331631 22
000331632 13
000331634 17
000331635 13
000331636 5
000331637 31
000331638 14
000331639 24
000331640 25
000331641 26
000331642 21
000331643 28
000331644 14
000331645 10
000331646 21
000331647 26
000331649 33
000331650 29
000331651 6
000331652 16
000331653 16
000331654 9
000331655 13
000331656 11
000331657 21
000331658 18
000331659 14
000331660 14
000331661 14
000331663 30
000331664 10
000331665 9
000331666 22
000331667 19
000331668 14
000331669 8
000331670 29
000331671 10
000331672 17
000331673 24
000331674 14
000331675 6
000331677 18
000331678 11
000331679 24
000331680 21
000331681 33
000331682 16
000331683 11
000331684 17
000331685 30
000331686 38
000331687 14
000331688 8
000331689 17
000331690 23
000331691 25
000331692 26
000331693 12
000331694 18
000331695 15
000331696 23
000331698 9
000331699 21
000331700 21
000331701 35
000331702 6
000331703 19
000331704 27
000331705 19
000331706 18
000331707 11
000331708 26
000331710 32
000331711 31
000331715 27
000331716 33
000331717 5
000331718 24
000331719 16
000331720 15
000331721 16
000331722 29
000331724 18
000331728 11
000331729 24
000331730 15
000331731 9
000331732 26
000331733 25
000331734 22
000331735 23
000331736 17
000331737 22
000331739 17
000331741 20
000331742 18
000331743 12
000331745 38
000331746 24
000331747 16
000331748 6
000331749 27
000331751 19
000331752 22
000331753 15
000331754 15
000331755 23
000331756 12
000331757 21
000331758 35
000331759 17
000331760 10
000331761 25
000331762 21
000331763 27
000331764 23
000331765 17
000331766 23
000331767 17
000331768 32
000331769 23
000331770 15
000331771 9
000331772 12
000331773 16
000331774 17
000331775 15
000331776 35
000331777 24
000331778 10
000331779 20
000331780 17
000331781 15
000331782 10
000331784 15
000331785 17
000331786 41
000331787 19
000331788 26
000331789 10
000331790 26
000331791 19
000331792 36
000331793 38
000331794 22
000331795 31
000331796 31
000331797 10
000331798 28
000331799 29
000331800 17
000340001 10
000340002 41
000340003 16
000340004 33
000340005 34
000340006 21
000340007 30
000340008 24
000340009 14
000340010 27
000340011 20
000340012 34
000340013 20
000340014 37
000340015 27
000340016 47
000340017 19
000340018 25
000340019 42
000340020 23
000340021 7
000340022 10
000340023 14
000340024 12
000340025 20
000340026 8
000340027 12
000340028 8
000340029 11
000340030 14
000340031 15
000340032 19
000340033 20
000340034 20
000340036 8
000340037 17
000340038 10
000340039 11
000340040 14
000340042 4
000340043 14
000340044 10
000340045 6
000340046 9
000340047 10
000340048 15
000340049 7
000340050 14
000340052 17
000340053 8
000340055 12
000340056 13
000340057 16
000340058 14
000340059 9
000340060 14
000340061 17
000340062 11
000340063 20
000340064 13
000340065 18
000340066 8
000340068 13
000340069 20
000340070 19
000340071 14
000340072 12
000340073 15
000340074 14
000340075 13
000340076 18
000340077 7
000340078 20
000340079 14
000340081 13
000340082 17
000340083 14
000340084 13
000340085 11
000340086 14
000340087 15
000340088 15
000340089 21
000340090 22
000340092 35
000340093 16
000340095 14
000340096 14
000340097 14
000340098 19
000340099 17
000340100 17
000340101 24
000340102 15
000340103 22
000340104 27
000340105 7
000340106 13
000340107 22
000340108 8
000340109 22
000340110 22
000340111 17
000340112 12
000340113 24
000340114 18
000340115 24
000340116 24
000340117 24
000340118 13
000340119 12
000340120 18
000340121 14
000340122 24
000340124 27
000340125 28
000340126 17
000340127 19
000340128 21
000340129 30
000340130 15
000340131 21
000340132 15
000340134 23
000340135 23
000340136 20
000340137 34
000340138 9
000340139 25
000340140 10
000340141 38
000340142 16
000340143 21
000340144 15
000340145 24
000340146 29
000340147 22
000340148 9
000340149 18
000340151 14
000340152 34
000340153 41
000340154 14
000340155 15
000340156 7
000340157 21
000340158 11
000340159 22
000340160 27
000340161 16
000340162 22
000340163 10
000340164 17
000340165 8
000340166 28
000340167 12
000340168 14
000340169 10
000340170 21
000340171 9
000340172 29
000340173 28
000340174 13
000340175 12
000340176 13
000340177 15
000340178 10
000340179 23
000340180 24
000340181 33
000340182 23
000340183 31
000340184 12
000340185 15
000340186 7
000340187 16
000340188 18
000340189 18
000340190 10
000340191 11
000340193 24
000340195 21
000340196 11
000340197 20
000340198 29
000340199 24
000340200 12
000340201 10
000340202 12
000340203 34
000340206 8
000340207 11
000340208 13
000340209 23
000340210 10
000340211 14
000340212 30
000340214 19
000340215 22
000340216 9
000340217 21
000340218 22
000340219 7
000340220 17
000340221 9
000340222 27
000340223 16
000340224 16
000340225 28
000340227 13
000340228 18
000340229 12
000340230 20
000340231 16
000340232 6
000340233 22
000340234 28
000340235 24
000340236 8
000340237 24
000340238 19
000340239 25
000340240 11
000340241 21
000340242 21
000340243 22
000340244 26
000340245 18
000340246 12
000340247 20
000340248 24
000340249 37
000340250 12
000340251 37
000340252 9
000340254 14
000340256 18
000340257 11
000340259 34
000340260 11
000340261 35
000340262 8
000340263 12
000340264 30
000340265 24
000340266 11
000340267 6
000340268 15
000340269 10
000340270 21
000340271 23
000340273 28
000340274 17
000340275 11
000340277 20
000340278 18
000340279 12
000340280 25
000340281 18
000340282 15
000340283 25
000340284 18
000340285 13
000340286 20
000340287 24
000340288 15
000340289 21
000340290 29
000340291 37
000340293 23
000340294 17
000340295 19
000340296 31
000340298 5
000340299 14
000340300 18
000340301 14
000340302 21
000340303 31
000340304 16
000340305 48
000340306 23
000340307 20
000340308 21
000340309 11
000340310 33
000340311 40
000340313 10
000340314 24
000340315 26
000340316 6
000340317 16
000340318 22
000340319 32
000340320 18
000340321 14
000340322 24
000340323 37
000340324 12
000340325 7
000340327 12
000340328 14
000340329 30
000340330 13
000340331 25
000340332 25
000340333 14
000340334 19
000340335 24
000340336 20
000340337 23
000340338 20
000340339 11
000340340 31
000340341 30
000340342 27
000340343 9
000340344 12
000340345 20
000340346 28
000340347 23
000340348 6
000340349 21
000340352 37
000340354 9
000340355 12
000340356 29
000340357 23
000340358 18
000340360 19
000340361 14
000340362 30
000340363 25
000340364 15
000340365 22
000340367 38
000340368 16
000340369 19
000340370 16
000340371 14
000340372 17
000340373 23
000340374 10
000340375 18
000340376 34
000340377 13
000340378 27
000340379 13
000340382 22
000340383 25
000340384 13
000340385 29
000340386 6
000340387 14
000340388 37
000340389 9
000340392 8
000340393 31
000340394 21
000340395 6
000340396 25
000340397 14
000340398 9
000340399 11
000341401 12
000341402 18
000341403 13
000341404 21
000341405 13
000341406 15
000341407 17
000341408 17
000341411 19
000341412 21
000341413 6
000341414 19
000341415 11
000341416 13
000341417 27
000341418 12
000341419 16
000341420 14
000341422 13
000341423 10
000341424 15
000341425 10
000341426 12
000341427 22
000341428 10
000341429 15
000341430 17
000341431 14
000341432 20
000341433 19
000341434 14
000341435 10
000341436 12
000341438 16
000341439 19
000341440 8
000341441 17
000341443 17
000341444 19
000341445 15
000341446 21
000341447 11
000341448 16
000341449 11
000341450 16
000341451 21
000341452 25
000341453 15
000341454 6
000341455 20
000341456 20
000341457 13
000341458 23
000341459 15
000341460 15
000341461 16
000341462 14
000341463 20
000341464 16
000341465 13
000341466 19
000341467 9
000341468 15
000341469 25
000341470 18
000341471 14
000341474 8
000341475 20
000341476 13
000341477 12
000341478 14
000341479 17
000341480 33
000341481 12
000341482 14
000341483 17
000341485 10
000341487 18
000341488 15
000341489 25
000341490 13
000341491 15
000341492 16
000341493 11
000341494 13
000341495 12
000341496 21
000341497 15
000341498 15
000341499 14
000341500 18
000341501 28
000341502 18
000341503 35
000341504 12
000341505 11
000341506 29
000341507 15
000341508 9
000341509 32
000341510 5
000341512 12
000341513 24
000341514 13
000341515 28
000341516 24
000341517 10
000341518 19
000341519 21
000341520 8
000341521 9
000341522 13
000341523 13
000341524 26
000341525 15
000341526 25
000341527 16
000341528 32
000341529 32
000341530 34
000341531 9
000341532 7
000341533 18
000341534 28
000341535 7
000341536 11
000341537 17
000341538 31
000341539 9
000341540 20
000341541 7
000341542 15
000341543 27
000341544 16
000341545 26
000341546 22
000341547 15
000341548 21
000341549 8
000341550 10
000341551 24
000341552 22
000341553 22
000341554 25
000341555 22
000341556 10
000341557 9
000341558 20
000341559 26
000341560 11
000341561 23
000341562 31
000341563 13
000341564 12
000341565 33
000341566 27
000341567 22
000341568 12
000341569 21
000341570 31
000341571 11
000341572 14
000341573 8
000341574 12
000341575 25
000341576 20
000341577 7
000341579 27
000341580 19
000341581 23
000341582 37
000341583 22
000341584 17
000341585 19
000341586 23
000341587 11
000341588 29
000341589 36
000341590 24
000341591 22
000341592 24
000341593 12
000341594 27
000341595 15
000341596 12
000341597 21
000341598 27
000341599 29
000341600 34
000341601 22
000341602 20
000341603 15
000341604 17
000341605 22
000341606 17
000341607 13
000341608 25
000341609 27
000341610 14
000341611 21
000341612 14
000341613 13
000341614 15
000341615 15
000341616 24
000341617 18
000341618 27
000341619 17
000341620 29
000341621 21
000341622 19
000341623 11
000341624 28
000341625 13
000341626 27
000341627 24
000341628 16
000341629 8
000341630 12
000341631 17
000341632 5
000341633 36
000341634 12
000341635 20
000341636 25
000341637 23
000341638 12
000341639 16
000341640 17
000341641 20
000341642 17
000341643 23
000341644 30
000341645 36
000341646 11
000341647 21
000341648 28
000341649 9
000341650 14
000341651 21
000341652 17
000341653 16
000341654 33
000341655 28
000341656 10
000341657 21
000341658 15
000341659 12
000341660 18
000341661 14
000341662 17
000341663 10
000341664 15
000341665 31
000341666 23
000341667 25
000341668 13
000341669 30
000341670 10
000341671 20
000341672 12
000341673 15
000341674 23
000341675 35
000341676 19
000341678 24
000341679 14
000341680 22
000341681 20
000341682 16
000341683 6
000341684 20
000341685 27
000341686 17
000341687 30
000341688 28
000341689 13
000341690 14
000341691 14
000341693 23
000341694 24
000341695 11
000341696 38
000341697 12
000341698 19
000341699 16
000341700 17
000341702 8
000341703 18
000341704 30
000341705 27
000341706 18
000341707 22
000341708 11
000341709 7
000341710 18
000341711 33
000341712 11
000341713 11
000341714 18
000341715 24
000341716 28
000341717 20
000341718 21
000341719 25
000341720 14
000341722 23
000341723 39
000341724 14
000341725 21
000341726 39
000341727 25
000341728 26
000341729 15
000341730 27
000341731 16
000341732 17
000341733 21
000341734 19
000341735 19
000341737 30
000341738 42
000341739 36
000341740 21
000341741 14
000341742 13
000341743 14
000341744 6
000341745 28
000341746 24
000341748 31
000341749 40
000341751 12
000341752 19
000341753 17
000341754 20
000341755 13
000341756 13
000341757 9
000341758 23
000341759 32
000341760 23
000341761 7
000341762 11
000341763 21
000341764 19
000341765 37
000341766 18
000341767 20
000341768 27
000341769 19
000341770 15
000341771 16
000341772 11
000341773 13
000341774 45
000341775 10
000341776 14
000341777 11
000341778 32
000341779 21
000341780 28
000341781 31
000341783 10
000341784 39
000341785 23
000341786 17
000341787 20
000341788 19
000341789 13
000341790 22
000341791 8
000341792 17
000341793 12
000341794 17
000341795 31
000341796 21
000341797 24
000341798 20
000341799 8
000341800 7
000350001 10
000350002 41
000350004 33
000350005 35
000350006 21
000350007 30
000350008 24
000350009 14
000350010 27
000350011 20
000350012 35
000350013 20
000350014 37
000350015 27
000350016 46
000350017 17
000350018 25
000350019 42
000350020 23
000350022 11
000350023 14
000350024 12
000350025 20
000350026 9
000350027 12
000350028 8
000350029 11
000350030 14
000350031 15
000350032 19
000350033 20
000350034 20
000350035 7
000350036 8
000350037 17
000350038 10
000350039 11
000350040 14
000350041 4
000350042 4
000350043 14
000350044 10
000350045 6
000350046 9
000350047 11
000350048 15
000350049 7
000350050 13
000350052 17
000350054 7
000350055 12
000350056 13
000350057 16
000350058 14
000350059 9
000350060 14
000350061 17
000350062 11
000350063 20
000350064 13
000350065 18
000350066 8
000350067 11
000350068 13
000350069 20
000350070 19
000350071 14
000350072 12
000350073 15
000350074 14
000350075 13
000350076 18
000350077 7
000350078 20
000350079 14
000350080 10
000350081 13
000350082 17
000350083 14
000350084 13
000350086 14
000350087 15
000350088 15
000350090 23
000350091 15
000350092 36
000350093 16
000350094 13
000350095 14
000350096 14
000350097 13
000350098 19
000350099 17
000350100 17
000350101 13
000350103 36
000350104 16
000350105 10
000350106 29
000350107 15
000350108 16
000350109 20
000350110 24
000350111 12
000350112 22
000350113 14
000350114 13
000350115 24
000350116 15
000350117 27
000350118 12
000350119 16
000350120 19
000350121 35
000350122 20
000350123 22
000350124 24
000350125 25
000350126 12
000350127 14
000350128 9
000350129 10
000350130 15
000350131 31
000350132 15
000350133 19
000350134 21
000350135 12
000350137 11
000350138 33
000350139 12
000350140 7
000350141 29
000350142 22
000350143 7
000350144 22
000350145 34
000350146 23
000350147 26
000350148 17
000350149 5
000350150 13
000350151 15
000350152 28
000350153 23
000350154 20
000350155 30
000350156 28
000350157 18
000350158 23
000350159 26
000350160 11
000350161 14
000350162 25
000350163 31
000350165 21
000350166 12
000350167 22
000350168 16
000350169 22
000350170 14
000350171 22
000350172 9
000350173 16
000350174 24
000350175 18
000350176 29
000350177 19
000350178 25
000350179 43
000350180 25
000350181 17
000350182 23
000350184 16
000350185 32
000350186 31
000350187 24
000350188 16
000350189 10
000350190 14
000350191 19
000350192 11
000350193 30
000350194 15
000350196 18
000350197 21
000350198 25
000350199 9
000350200 27
000350201 23
000350202 33
000350203 18
000350204 28
000350205 26
000350206 23
000350207 11
000350208 6
000350209 6
000350210 12
000350211 6
000350212 30
000350213 12
000350214 27
000350215 14
000350216 21
000350217 20
000350218 15
000350219 17
000350220 36
000350221 31
000350222 8
000350223 24
000350224 34
000350226 6
000350227 8
000350228 22
000350229 17
000350230 36
000350231 33
000350232 18
000350233 28
000350234 14
000350235 26
000350236 21
000350237 20
000350238 32
000350240 28
000350242 11
000350243 19
000350246 21
000350247 25
000350250 29
000350251 12
000350252 18
000350253 33
000350254 20
000350255 23
000350256 34
000350257 10
000350258 21
000350259 16
000350260 7
000350261 26
000350262 32
000350263 5
000350264 17
000350265 9
000350266 18
000350267 15
000350268 32
000350269 13
000350270 20
000350271 16
000350272 22
000350273 33
000350274 28
000350275 11
000350276 21
000350277 24
000350278 27
000350279 21
000350280 19
000350281 23
000350282 21
000350283 15
000350284 16
000350285 31
000350286 13
000350287 38
000350288 21
000350290 9
000350291 17
000350292 18
000350293 35
000350294 14
000350295 30
000350296 21
000350297 11
000350298 22
000350299 20
000350300 43
000350301 27
000350302 28
000350303 24
000350304 14
000350305 32
000350306 22
000350307 19
000350308 16
000350311 15
000350312 10
000350313 26
000350314 18
000350315 18
000350316 14
000350317 6
000350318 20
000350319 21
000350320 14
000350321 26
000350322 25
000350323 14
000350325 5
000350326 16
000350327 17
000350328 17
000350329 13
000350330 30
000350331 7
000350332 25
000350333 6
000350334 26
000350335 10
000350336 24
000350337 13
000350338 34
000350339 11
000350341 27
000350342 28
000350343 20
000350344 17
000350345 32
000350346 14
000350347 11
000350348 13
000350349 28
000350350 20
000350351 38
000350352 11
000350353 13
000350356 10
000350357 10
000350358 20
000350360 14
000350361 42
000350362 33
000350363 20
000350364 21
000350365 33
000350367 18
000350368 12
000350370 26
000350371 7
000350372 6
000350374 9
000350375 12
000350376 22
000350377 19
000350378 15
000350379 18
000350380 7
000350381 14
000350382 15
000350383 26
000350384 33
000350385 37
000350386 20
000350387 32
000350388 22
000350389 20
000350390 31
000350391 27
000350392 34
000350393 27
000350394 26
000350395 19
000350396 10
000350397 22
000350398 25
000350399 18
000350400 27
000351402 18
000351403 13
000351404 21
000351405 13
000351406 15
000351408 16
000351409 10
000351411 19
000351412 21
000351413 6
000351414 19
000351415 11
000351416 13
000351417 27
000351418 12
000351419 16
000351421 8
000351422 13
000351423 10
000351424 15
000351425 10
000351426 12
000351427 22
000351428 10
000351429 15
000351430 17
000351431 14
000351432 20
000351433 19
000351434 14
000351435 10
000351436 12
000351437 12
000351439 19
000351440 8
000351441 17
000351442 20
000351444 19
000351445 15
000351446 21
000351448 16
000351449 12
000351450 16
000351451 21
000351452 25
000351454 6
000351455 21
000351456 20
000351457 13
000351458 25
000351459 15
000351460 17
000351461 16
000351462 14
000351463 21
000351464 17
000351465 13
000351466 19
000351467 9
000351468 15
000351469 19
000351470 18
000351472 20
000351473 12
000351474 8
000351475 20
000351476 13
000351477 13
000351479 17
000351480 33
000351481 12
000351482 11
000351483 17
000351484 15
000351486 8
000351487 18
000351488 15
000351489 20
000351491 15
000351492 17
000351493 11
000351494 13
000351495 11
000351496 23
000351497 15
000351498 15
000351499 14
000351500 18
000351501 9
000351502 32
000351504 21
000351505 16
000351506 25
000351507 18
000351509 13
000351510 15
000351512 12
000351513 18
000351514 22
000351515 26
000351516 9
000351517 12
000351518 16
000351519 13
000351520 18
000351521 26
000351523 17
000351524 22
000351525 9
000351527 34
000351528 23
000351529 27
000351530 17
000351531 13
000351532 13
000351533 41
000351534 23
000351535 15
000351537 20
000351538 13
000351539 38
000351540 11
000351541 23
000351542 15
000351543 17
000351544 27
000351545 17
000351546 19
000351547 14
000351549 23
000351550 6
000351551 24
000351552 8
000351554 19
000351555 20
000351556 17
000351557 13
000351558 22
000351559 37
000351560 26
000351562 18
000351564 8
000351565 23
000351566 20
000351567 9
000351568 13
000351569 15
000351570 17
000351571 33
000351572 19
000351573 24
000351574 7
000351575 14
000351576 8
000351577 14
000351578 14
000351579 13
000351580 21
000351581 28
000351582 15
000351584 34
000351585 19
000351587 27
000351588 21
000351590 16
000351591 8
000351592 7
000351593 13
000351594 15
000351595 18
000351596 21
000351597 20
000351598 27
000351599 24
000351600 37
000351601 12
000351602 18
000351603 8
000351604 14
000351605 17
000351606 30
000351607 27
000351608 22
000351609 26
000351610 20
000351611 24
000351612 12
000351613 14
000351614 9
000351615 30
000351617 13
000351618 36
000351619 25
000351621 21
000351622 26
000351623 28
000351624 19
000351625 34
000351626 32
000351627 17
000351628 25
000351630 10
000351631 14
000351632 29
000351633 25
000351634 32
000351635 17
000351638 21
000351639 15
000351640 33
000351641 20
000351642 10
000351643 23
000351645 14
000351646 10
000351647 24
000351648 6
000351649 33
000351650 14
000351651 10
000351652 8
000351653 19
000351654 16
000351655 16
000351656 25
000351658 19
000351659 28
000351661 5
000351662 12
000351663 13
000351664 25
000351665 21
000351666 12
000351667 21
000351668 22
000351669 16
000351670 23
000351671 23
000351672 15
000351673 18
000351674 28
000351675 7
000351676 13
000351678 13
000351679 35
000351680 12
000351681 18
000351682 12
000351683 12
000351685 21
000351686 15
000351687 16
000351688 27
000351691 28
000351693 28
000351695 24
000351696 19
000351697 33
000351698 12
000351699 9
000351700 30
000351701 19
000351702 23
000351703 29
000351704 24
000351705 23
000351706 16
000351707 23
000351709 15
000351710 14
000351711 8
000351712 11
000351714 22
000351715 22
000351716 20
000351717 14
000351718 25
000351719 9
000351720 9
000351721 29
000351722 12
000351723 39
000351725 33
000351726 10
000351727 14
000351728 32
000351729 24
000351730 10
000351732 13
000351733 22
000351734 10
000351735 7
000351736 17
000351737 11
000351738 28
000351739 14
000351740 13
000351743 10
000351744 25
000351745 17
000351746 12
000351747 20
000351748 11
000351750 6
000351751 26
000351752 17
000351753 14
000351754 14
000351755 39
000351756 19
000351757 12
000351758 23
000351759 14
000351760 16
000351761 17
000351762 11
000351763 10
000351765 21
000351766 15
000351767 23
000351768 10
000351769 20
000351770 12
000351771 13
000351772 14
000351773 18
000351774 16
000351775 21
000351776 29
000351777 8
000351778 25
000351779 28
000351780 23
000351782 5
000351784 21
000351786 19
000351787 30
000351788 30
000351789 8
000351790 21
000351791 17
000351792 20
000351793 14
000351794 9
000351795 8
000351796 27
000351797 7
000351798 30
000351799 9
000351800 24
000360001 10
000360002 41
000360003 16
000360004 33
000360005 35
000360006 27
000360007 30
000360008 24
000360009 19
000360010 27
000360011 20
000360012 34
000360013 26
000360014 37
000360015 27
000360016 46
000360018 25
000360019 42
000360020 23
000360021 7
000360022 11
000360023 14
000360024 12
000360025 20
000360026 8
000360027 12
000360028 8
000360029 11
000360030 14
000360031 15
000360032 19
000360033 20
000360034 20
000360036 8
000360038 10
000360039 11
000360040 14
000360041 4
000360042 4
000360043 14
000360044 10
000360046 6
000360047 10
000360048 15
000360049 7
000360050 14
000360052 17
000360053 8
000360054 7
000360055 12
000360056 13
000360057 16
000360058 14
000360059 9
000360060 14
000360061 17
000360062 11
000360063 20
000360064 13
000360065 18
000360066 8
000360067 11
000360068 13
000360069 20
000360070 19
000360071 14
000360072 12
000360073 15
000360074 14
000360075 13
000360076 18
000360077 7
000360078 26
000360079 14
000360082 17
000360083 14
000360085 11
000360086 14
000360087 15
000360089 21
000360090 22
000360091 15
000360092 35
000360093 16
000360095 14
000360096 14
000360097 13
000360098 19
000360099 17
000360100 17
000360101 27
000360102 7
000360103 20
000360104 45
000360105 24
000360106 12
000360107 34
000360108 7
000360109 14
000360110 20
000360111 16
000360112 10
000360113 21
000360114 27
000360115 19
000360116 17
000360117 6
000360118 21
000360119 30
000360120 19
000360121 27
000360122 26
000360123 26
000360124 9
000360125 16
000360126 11
000360127 29
000360128 24
000360129 23
000360130 25
000360131 27
000360132 21
000360133 7
000360134 13
000360135 11
000360136 12
000360137 24
000360138 17
000360139 23
000360140 20
000360141 9
000360142 11
000360143 16
000360145 32
000360146 22
000360148 32
000360149 17
000360150 8
000360151 25
000360152 17
000360153 22
000360154 7
000360155 18
000360156 16
000360157 35
000360158 12
000360159 28
000360160 20
000360161 25
000360162 33
000360163 19
000360164 27
000360165 23
000360166 34
000360167 9
000360168 12
000360169 10
000360170 32
000360171 25
000360173 7
000360174 18
000360175 21
000360176 22
000360177 17
000360178 14
000360179 23
000360180 32
000360183 28
000360184 21
000360185 24
000360186 25
000360187 25
000360188 40
000360189 15
000360190 7
000360191 27
000360193 46
000360194 12
000360195 20
000360196 10
000360197 19
000360198 21
000360199 12
000360200 13
000360201 38
000360202 9
000360203 22
000360204 15
000360205 17
000360206 22
000360208 31
000360210 6
000360211 11
000360212 6
000360213 26
000360214 16
000360215 24
000360216 11
000360217 33
000360218 21
000360219 19
000360220 35
000360221 38
000360222 21
000360223 12
000360224 25
000360225 8
000360226 6
000360227 15
000360228 23
000360229 12
000360230 21
000360231 16
000360232 13
000360233 8
000360234 20
000360235 19
000360236 20
000360237 8
000360238 19
000360239 25
000360240 17
000360241 9
000360242 22
000360243 25
000360244 33
000360245 10
000360246 22
000360247 36
000360248 14
000360249 17
000360250 19
000360251 20
000360253 9
000360254 20
000360255 24
000360256 23
000360257 33
000360258 21
000360259 13
000360261 14
000360262 31
000360263 8
000360264 27
000360265 9
000360266 10
000360267 21
000360268 12
000360269 22
000360270 18
000360271 5
000360273 16
000360275 33
000360276 13
000360278 6
000360279 22
000360280 14
000360281 29
000360282 17
000360283 19
000360284 18
000360285 30
000360286 15
000360287 34
000360288 28
000360289 15
000360290 24
000360291 19
000360292 21
000360294 16
000360295 17
000360296 17
000360298 23
000360299 18
000360300 16
000360301 24
000360302 8
000360303 20
000360304 11
000360307 21
000360308 12
000360309 20
000360310 19
000360311 22
000360312 10
000360313 12
000360315 31
000360316 19
000360317 22
000360318 19
000360319 16
000360320 26
000360321 9
000360322 7
000360323 23
000360324 32
000360325 43
000360326 17
000360327 16
000360328 22
000360329 10
000360331 18
000360332 19
000360333 18
000360334 18
000360335 23
000360336 5
000360337 22
000360338 9
000360339 17
000360340 21
000360341 10
000360342 39
000360343 10
000360344 16
000360345 34
000360346 28
000360347 26
000360348 7
000360349 18
000360350 35
000360351 15
000360352 22
000360353 9
000360354 14
000360355 12
000360356 19
000360357 20
000360358 28
000360359 14
000360360 28
000360361 17
000360362 14
000360363 16
000360364 9
000360365 17
000360366 15
000360367 17
000360368 14
000360369 25
000360370 32
000360371 23
000360372 23
000360373 22
000360374 11
000360375 30
000360376 6
000360377 37
000360378 6
000360379 12
000360380 17
000360381 26
000360382 18
000360383 21
000360384 26
000360385 9
000360386 31
000360387 7
000360388 18
000360389 17
000360390 25
000360391 14
000360392 15
000360393 17
000360394 29
000360395 9
000360397 15
000360399 16
000360400 10
000361401 12
000361402 18
000361403 13
000361404 21
000361405 19
000361406 15
000361407 17
000361408 16
000361409 16
000361411 19
000361412 22
000361414 19
000361415 11
000361416 13
000361417 27
000361418 12
000361419 16
000361420 14
000361421 8
000361422 13
000361423 10
000361424 15
000361425 10
000361426 12
000361428 10
000361429 15
000361430 17
000361432 20
000361433 19
000361434 14
000361435 10
000361436 12
000361437 17
000361438 16
000361439 19
000361440 8
000361441 17
000361442 26
000361443 17
000361444 19
000361445 14
000361446 21
000361447 11
000361448 16
000361449 12
000361450 16
000361451 21
000361452 25
000361453 15
000361454 6
000361455 20
000361456 26
000361457 13
000361458 23
000361459 15
000361460 15
000361461 21
000361463 20
000361464 16
000361465 13
000361466 19
000361467 9
000361468 15
000361469 19
000361470 18
000361471 14
000361473 18
000361474 13
000361475 19
000361476 12
000361477 13
000361478 14
000361479 17
000361480 33
000361482 14
000361483 17
000361484 15
000361485 10
000361487 23
000361488 15
000361489 26
000361490 18
000361491 15
000361492 16
000361493 11
000361494 13
000361495 12
000361496 21
000361497 15
000361498 15
000361499 14
000361500 18
000361501 19
000361503 27
000361504 21
000361505 12
000361506 20
000361507 24
000361508 22
000361509 18
000361510 25
000361511 36
000361512 21
000361513 48
000361514 12
000361516 41
000361517 38
000361518 22
000361519 23
000361520 49
000361521 27
000361522 36
000361523 15
000361524 26
000361525 18
000361526 16
000361527 26
000361528 13
000361529 8
000361530 40
000361531 21
000361532 21
000361533 15
000361534 14
000361536 11
000361537 18
000361538 37
000361539 32
000361541 21
000361542 31
000361543 22
000361544 21
000361545 28
000361546 17
000361547 17
000361548 15
000361549 30
000361550 22
000361551 20
000361553 35
000361555 14
000361556 30
000361557 28
000361558 19
000361559 27
000361560 23
000361561 33
000361562 10
000361563 42
000361564 24
000361565 27
000361566 13
000361567 16
000361568 18
000361569 19
000361570 25
000361571 17
000361572 8
000361573 14
000361574 23
000361575 32
000361576 12
000361577 11
000361578 20
000361579 11
000361580 11
000361581 47
000361582 14
000361583 11
000361584 32
000361585 24
000361586 19
000361587 31
000361588 33
000361589 33
000361592 16
000361593 37
000361594 10
000361595 10
000361596 22
000361597 12
000361598 14
000361599 41
000361600 46
000361601 8
000361602 16
000361603 14
000361604 16
000361605 14
000361606 10
000361607 27
000361608 21
000361609 6
000361611 27
000361612 22
000361615 18
000361616 26
000361617 18
000361618 10
000361619 14
000361620 21
000361621 20
000361622 34
000361624 5
000361625 22
000361626 13
000361627 27
000361628 14
000361629 24
000361630 19
000361631 23
000361632 27
000361633 31
000361634 6
000361635 19
000361637 15
000361638 23
000361639 36
000361640 24
000361641 10
000361643 15
000361644 25
000361645 16
000361646 14
000361647 10
000361648 20
000361649 7
000361650 18
000361651 36
000361652 32
000361655 24
000361658 32
000361659 6
000361660 31
000361661 9
000361662 19
000361663 25
000361664 14
000361665 25
000361666 21
000361667 12
000361668 18
000361669 17
000361670 11
000361671 19
000361672 17
000361673 23
000361674 25
000361675 9
000361676 12
000361677 16
000361678 14
000361679 18
000361680 27
000361681 27
000361682 21
000361684 12
000361685 31
000361686 13
000361687 18
000361688 9
000361689 33
000361690 16
000361691 31
000361692 15
000361693 12
000361694 7
000361695 20
000361696 21
000361697 25
000361698 14
000361701 24
000361702 18
000361703 21
000361704 14
000361705 19
000361706 10
000361707 24
000361708 28
000361709 14
000361710 28
000361711 16
000361712 34
000361713 14
000361714 33
000361715 21
000361716 21
000361717 28
000361718 11
000361719 42
000361721 29
000361722 8
000361723 10
000361724 23
000361725 16
000361726 18
000361727 15
000361728 11
000361729 19
000361730 16
000361731 22
000361732 31
000361733 11
000361734 35
000361735 23
000361736 15
000361737 12
000361738 21
000361739 37
000361740 26
000361741 12
000361742 9
000361743 27
000361744 14
000361746 25
000361748 15
000361749 9
000361750 27
000361751 28
000361752 14
000361753 16
000361754 16
000361755 28
000361756 15
000361757 36
000361758 15
000361759 12
000361760 18
000361762 28
000361763 17
000361764 28
000361765 29
000361766 26
000361767 23
000361768 14
000361769 30
000361770 17
000361771 14
000361772 14
000361774 6
000361775 11
000361776 28
000361777 17
000361778 10
000361779 15
000361780 10
000361781 21
000361782 37
000361783 31
000361784 20
000361785 22
000361786 13
000361787 19
000361788 16
000361789 7
000361790 12
000361791 34
000361792 9
000361793 17
000361794 13
000361795 42
000361796 13
000361797 10
000361798 12
000361799 24
000361800 23
000370002 41
000370003 16
000370004 33
000370005 35
000370006 21
000370007 30
000370008 24
000370009 14
000370010 27
000370012 34
000370013 20
000370014 37
000370015 27
000370016 46
000370017 18
000370018 25
000370020 23
000370021 7
000370022 11
000370023 14
000370024 12
000370025 20
000370026 8
000370027 12
000370028 8
000370029 11
000370030 14
000370031 15
000370032 19
000370033 20
000370034 20
000370036 8
000370037 17
000370038 10
000370039 11
000370040 14
000370042 4
000370043 14
000370044 10
000370045 6
000370046 9
000370047 10
000370048 15
000370049 7
000370050 14
000370052 17
000370053 8
000370054 7
000370055 12
000370056 13
000370057 16
000370058 14
000370059 9
000370060 14
000370061 17
000370062 11
000370063 20
000370064 13
000370065 18
000370066 8
000370067 11
000370068 13
000370069 20
000370070 19
000370071 14
000370072 12
000370073 15
000370074 14
000370075 13
000370076 18
000370077 7
000370078 20
000370079 14
000370080 10
000370081 13
000370082 17
000370083 14
000370084 13
000370085 10
000370086 14
000370087 15
000370088 15
000370089 21
000370090 22
000370091 15
000370092 35
000370093 16
000370094 13
000370095 14
000370096 14
000370097 13
000370098 19
000370099 17
000370100 17
000370101 10
000370102 27
000370103 7
000370104 6
000370105 15
000370106 23
000370107 12
000370108 18
000370110 15
000370111 48
000370112 6
000370113 20
000370114 12
000370115 23
000370116 26
000370117 26
000370118 13
000370119 17
000370120 34
000370121 24
000370122 7
000370123 29
000370124 20
000370125 23
000370126 23
000370127 12
000370128 30
000370129 41
000370131 28
000370132 13
000370133 16
000370134 21
000370135 13
000370137 16
000370138 19
000370139 25
000370140 6
000370143 18
000370144 28
000370145 10
000370146 25
000370147 22
000370148 21
000370149 24
000370151 24
000370152 10
000370153 34
000370154 16
000370156 10
000370157 11
000370158 26
000370159 24
000370160 18
000370162 31
000370163 32
000370165 7
000370169 10
000370170 16
000370171 20
000370172 18
000370174 27
000370175 9
000370176 9
000370177 19
000370178 25
000370179 13
000370180 36
000370181 21
000370182 16
000370183 18
000370184 27
000370185 21
000370186 27
000370187 24
000370188 24
000370189 24
000370190 21
000370191 19
000370192 26
000370193 28
000370194 31
000370195 26
000370196 34
000370197 17
000370198 19
000370199 17
000370201 10
000370202 16
000370205 12
000370206 20
000370207 32
000370209 11
000370211 25
000370212 19
000370213 14
000370214 5
000370215 27
000370217 20
000370218 5
000370219 14
000370220 9
000370221 19
000370222 26
000370223 27
000370224 11
000370226 15
000370227 26
000370228 19
000370231 14
000370232 19
000370233 11
000370234 15
000370235 23
000370236 21
000370237 15
000370239 23
000370240 9
000370242 16
000370243 9
000370244 35
000370246 19
000370247 27
000370248 21
000370249 16
000370250 17
000370252 18
000370253 12
000370254 17
000370255 30
000370256 23
000370257 35
000370259 24
000370260 14
000370262 26
000370263 21
000370264 16
000370265 14
000370266 16
000370267 6
000370268 9
000370269 23
000370270 8
000370271 13
000370272 12
000370273 12
000370274 29
000370275 32
000370276 36
000370277 19
000370279 11
000370280 23
000370281 22
000370282 27
000370283 28
000370286 12
000370287 23
000370289 16
000370290 20
000370291 15
000370292 18
000370294 22
000370296 15
000370297 24
000370298 19
000370299 41
000370300 16
000370301 28
000370302 9
000370303 15
000370304 15
000370306 16
000370307 27
000370309 9
000370313 7
000370314 10
000370315 18
000370316 14
000370317 10
000370323 8
000370324 42
000370325 22
000370326 26
000370327 25
000370328 12
000370329 20
000370330 13
000370331 24
000370332 12
000370334 31
000370335 16
000370336 42
000370337 9
000370338 20
000370339 9
000370342 16
000370343 42
000370345 26
000370346 18
000370347 16
000370348 32
000370349 15
000370350 20
000370351 10
000370352 24
000370353 16
000370354 29
000370355 12
000370356 33
000370357 7
000370358 17
000370359 12
000370360 27
000370361 25
000370362 19
000370363 27
000370364 15
000370365 39
000370366 23
000370367 14
000370368 6
000370369 17
000370370 9
000370371 20
000370372 16
000370373 13
000370374 29
000370375 23
000370376 21
000370378 24
000370379 20
000370381 23
000370384 31
000370385 27
000370386 23
000370390 5
000370393 14
000370394 19
000370395 29
000370398 18
000370399 19
000370400 17
000371401 12
000371402 18
000371403 13
000371404 21
000371405 13
000371406 15
000371407 17
000371408 16
000371411 19
000371412 21
000371413 6
000371414 19
000371415 11
000371417 27
000371418 12
000371419 16
000371420 14
000371421 8
000371422 13
000371423 10
000371424 15
000371425 10
000371426 12
000371427 23
000371428 10
000371429 15
000371430 17
000371431 14
000371433 19
000371435 10
000371436 12
000371438 16
000371439 19
000371440 8
000371441 17
000371443 17
000371444 25
000371445 15
000371447 11
000371448 22
000371449 12
000371451 21
000371453 15
000371456 20
000371457 13
000371458 23
000371460 15
000371461 16
000371463 21
000371464 16
000371465 13
000371466 19
000371467 9
000371470 18
000371471 14
000371472 20
000371474 8
000371475 20
000371476 14
000371477 14
000371478 14
000371479 17
000371480 33
000371482 14
000371485 12
000371487 18
000371488 15
000371489 25
000371490 13
000371492 16
000371493 11
000371494 13
000371495 12
000371496 21
000371497 15
000371498 15
000371499 14
000371500 18
000371501 30
000371502 27
000371503 18
000371505 14
000371506 13
000371507 11
000371509 24
000371510 31
000371511 25
000371512 23
000371513 20
000371514 11
000371516 13
000371517 30
000371518 22
000371519 25
000371520 22
000371521 12
000371522 25
000371523 23
000371524 24
000371527 19
000371529 23
000371531 19
000371532 22
000371534 26
000371535 13
000371536 31
000371537 17
000371540 21
000371541 19
000371542 34
000371543 22
000371544 16
000371545 17
000371546 15
000371547 12
000371548 30
000371549 20
000371550 32
000371551 16
000371552 26
000371554 15
000371556 23
000371557 9
000371559 12
000371560 9
000371562 10
000371563 13
000371564 22
000371565 16
000371568 26
000371569 6
000371570 23
000371572 19
000371574 20
000371575 11
000371576 26
000371577 22
000371578 9
000371579 22
000371580 13
000371581 7
000371582 18
000371584 29
000371585 7
000371586 28
000371587 40
000371590 39
000371591 13
000371592 18
000371595 28
000371597 23
000371598 9
000371600 24
000371601 16
000371602 15
000371603 9
000371604 26
000371605 18
000371606 17
000371607 16
000371608 16
000371609 17
000371612 39
000371613 31
000371614 44
000371615 32
000371616 19
000371618 27
000371620 28
000371622 25
000371623 21
000371624 31
000371625 17
000371627 22
000371629 6
000371630 38
000371631 11
000371632 23
000371633 21
000371635 14
000371636 18
000371637 11
000371638 30
000371639 25
000371640 29
000371641 27
000371643 15
000371644 10
000371645 18
000371646 30
000371647 27
000371649 10
000371650 11
000371651 14
000371652 10
000371654 18
000371655 12
000371656 30
000371657 28
000371659 31
000371660 19
000371661 17
000371662 21
000371664 25
000371665 18
000371667 20
000371668 10
000371669 19
000371670 28
000371671 14
000371672 12
000371673 20
000371674 7
000371675 26
000371676 29
000371677 10
000371678 28
000371679 27
000371680 7
000371681 13
000371683 36
000371685 13
000371689 15
000371692 16
000371695 11
000371696 12
000371699 23
000371700 27
000371701 27
000371702 23
000371704 22
000371705 26
000371706 15
000371707 18
000371708 21
000371709 13
000371710 8
000371711 13
000371712 21
000371714 10
000371715 5
000371717 32
000371718 10
000371719 37
000371721 31
000371722 7
000371724 36
000371725 24
000371726 25
000371727 32
000371728 13
000371729 23
000371730 7
000371731 37
000371732 15
000371734 37
000371736 21
000371737 18
000371738 17
000371740 17
000371741 22
000371742 17
000371743 32
000371745 25
000371746 12
000371748 27
000371749 34
000371750 28
000371751 14
000371752 17
000371753 28
000371754 17
000371755 26
000371756 19
000371757 25
000371759 9
000371760 15
000371761 11
000371762 21
000371764 28
000371765 14
000371766 32
000371769 21
000371770 15
000371771 13
000371773 20
000371774 30
000371775 16
000371776 15
000371777 32
000371778 24
000371779 23
000371780 17
000371782 17
000371783 35
000371785 25
000371788 12
000371789 27
000371793 16
000371794 15
000371795 24
000371796 20
000371797 28
000371798 10
000371799 30
000371800 11
000380001 10
000380002 42
000380003 17
000380004 33
000380005 35
000380006 21
000380007 30
000380008 24
000380009 14
000380010 27
000380011 20
000380012 34
000380013 20
000380014 38
000380015 27
000380016 46
000380017 18
000380019 42
000380020 23
000380021 7
000380022 11
000380024 12
000380025 20
000380026 8
000380027 12
000380028 8
000380029 11
000380030 14
000380031 15
000380032 19
000380033 20
000380034 20
000380036 8
000380037 17
000380038 10
000380039 11
000380040 14
000380041 4
000380042 4
000380043 14
000380044 10
000380045 6
000380046 9
000380047 10
000380048 15
000380049 7
000380050 14
000380052 17
000380053 8
000380054 7
000380057 16
000380058 14
000380059 9
000380060 14
000380061 17
000380062 11
000380063 20
000380064 13
000380065 18
000380068 13
000380070 19
000380071 14
000380072 12
000380073 15
000380074 14
000380075 13
000380077 7
000380078 20
000380079 14
000380081 13
000380082 17
000380083 14
000380084 13
000380085 11
000380086 14
000380087 15
000380088 15
000380089 21
000380090 22
000380091 15
000380092 35
000380093 16
000380094 13
000380095 14
000380096 14
000380097 13
000380098 19
000380100 17
000380101 23
000380102 28
000380103 16
000380104 22
000380105 19
000380106 14
000380107 14
000380108 15
000380109 18
000380110 7
000380111 20
000380112 18
000380113 16
000380114 20
000380115 7
000380117 18
000380118 12
000380119 13
000380120 21
000380121 35
000380122 20
000380123 20
000380124 14
000380125 34
000380127 5
000380128 19
000380129 25
000380130 7
000380131 12
000380132 15
000380133 14
000380134 12
000380135 17
000380136 25
000380137 19
000380138 24
000380139 6
000380140 28
000380141 30
000380142 18
000380144 9
000380145 16
000380146 12
000380147 40
000380149 26
000380150 19
000380151 11
000380152 18
000380153 18
000380154 20
000380155 41
000380156 17
000380159 18
000380160 30
000380161 21
000380162 15
000380163 21
000380164 18
000380165 10
000380166 26
000380167 14
000380168 8
000380169 18
000380170 32
000380171 20
000380172 11
000380173 7
000380174 16
000380175 16
000380176 17
000380177 22
000380178 14
000380179 7
000380180 7
000380181 30
000380182 25
000380183 8
000380184 29
000380185 23
000380186 26
000380187 31
000380188 20
000380189 35
000380190 17
000380191 23
000380192 20
000380193 9
000380194 22
000380195 18
000380196 19
000380197 16
000380198 43
000380199 15
000380200 22
000380201 35
000380202 19
000380204 28
000380206 27
000380207 23
000380208 24
000380209 20
000380210 16
000380211 27
000380212 34
000380214 37
000380215 25
000380216 40
000380217 27
000380218 31
000380219 24
000380220 21
000380221 33
000380222 16
000380223 19
000380224 10
000380225 6
000380226 22
000380227 12
000380228 11
000380230 26
000380231 36
000380232 16
000380233 9
000380234 16
000380235 15
000380236 41
000380237 11
000380238 17
000380239 27
000380240 21
000380241 21
000380242 23
000380244 37
000380245 7
000380246 28
000380247 29
000380248 23
000380249 20
000380252 5
000380253 24
000380254 7
000380255 19
000380256 21
000380257 26
000380258 14
000380259 19
000380260 17
000380261 16
000380262 31
000380263 10
000380264 25
000380265 13
000380267 13
000380268 23
000380269 15
000380270 19
000380272 26
000380273 33
000380274 28
000380275 11
000380276 6
000380277 47
000380278 26
000380279 21
000380280 13
000380282 16
000380284 22
000380286 9
000380287 17
000380288 27
000380289 10
000380290 6
000380292 18
000380293 19
000380294 12
000380295 21
000380296 23
000380298 16
000380299 20
000380300 6
000380302 17
000380304 23
000380305 9
000380307 10
000380308 25
000380309 14
000380310 19
000380311 28
000380313 33
000380314 18
000380315 23
000380318 15
000380319 12
000380321 13
000380322 11
000380323 21
000380324 12
000380325 11
000380326 13
000380327 24
000380328 17
000380329 13
000380330 19
000380331 50
000380332 11
000380333 16
000380334 11
000380335 31
000380337 5
000380338 15
000380339 32
000380340 19
000380341 23
000380342 16
000380343 14
000380344 15
000380345 10
000380347 14
000380348 24
000380349 41
000380350 40
000380351 25
000380352 23
000380353 14
000380354 40
000380355 20
000380356 19
000380357 14
000380358 10
000380360 16
000380362 15
000380363 8
000380364 18
000380365 10
000380367 18
000380370 18
000380371 17
000380373 20
000380374 6
000380375 15
000380376 28
000380377 20
000380378 16
000380379 15
000380380 15
000380381 9
000380382 22
000380384 25
000380385 17
000380386 35
000380387 15
000380388 16
000380389 21
000380390 12
000380391 22
000380392 30
000380393 28
000380394 22
000380395 15
000380397 36
000380398 24
000380399 10
000381401 12
000381402 18
000381403 14
000381405 13
000381406 15
000381407 17
000381408 16
000381409 10
000381411 19
000381412 21
000381413 6
000381414 19
000381415 11
000381416 16
000381418 12
000381419 16
000381422 13
000381423 10
000381424 15
000381425 10
000381426 12
000381428 10
000381429 15
000381430 17
000381431 14
000381432 19
000381433 22
000381434 14
000381435 10
000381436 12
000381438 16
000381439 19
000381440 8
000381441 17
000381442 20
000381443 17
000381444 18
000381445 15
000381447 11
000381448 16
000381449 12
000381450 16
000381451 21
000381453 15
000381454 6
000381458 23
000381459 15
000381460 15
000381461 16
000381463 21
000381464 16
000381465 13
000381466 19
000381467 9
000381469 19
000381470 18
000381471 14
000381474 8
000381475 20
000381476 13
000381478 12
000381479 17
000381480 32
000381481 12
000381482 14
000381485 9
000381487 18
000381488 15
000381489 25
000381490 13
000381491 15
000381494 13
000381495 12
000381496 21
000381497 16
000381498 15
000381499 14
000381500 18
000381503 19
000381504 27
000381505 16
000381508 17
000381509 25
000381510 20
000381511 15
000381512 18
000381513 16
000381514 47
000381516 6
000381517 20
000381518 22
000381519 29
000381521 7
000381522 13
000381523 32
000381524 24
000381525 34
000381526 36
000381527 28
000381528 20
000381530 17
000381532 13
000381533 15
000381536 22
000381537 12
000381539 15
000381540 15
000381541 17
000381542 19
000381546 31
000381547 29
000381548 24
000381550 19
000381551 26
000381552 10
000381554 6
000381555 27
000381561 15
000381562 20
000381566 25
000381567 21
000381568 35
000381571 17
000381572 22
000381575 34
000381576 20
000381577 14
000381578 10
000381579 17
000381581 21
000381583 17
000381584 16
000381585 33
000381586 23
000381587 13
000381589 16
000381591 21
000381592 11
000381593 21
000381596 11
000381597 6
000381598 9
000381600 15
000381602 15
000381603 24
000381606 23
000381607 23
000381609 19
000381610 28
000381612 20
000381613 10
000381616 29
000381618 32
000381619 10
000381620 17
000381622 27
000381623 15
000381624 6
000381625 26
000381626 16
000381629 10
000381630 29
000381631 19
000381632 15
000381634 26
000381635 15
000381637 12
000381638 18
000381639 35
000381640 14
000381641 19
000381642 23
000381643 30
000381645 14
000381646 18
000381647 11
000381649 14
