000381650 78560
000381651 96960
000381652 92000
000381653 112320
000381657 46400
000381658 77760
000381659 111520
000381661 43680
000381662 95520
000381663 56000
000381665 61440
000381666 138400
000381667 115840
000381668 48960
000381669 103520
000381670 62240
000381673 75520
000381674 80160
000381675 69280
000381676 66400
000381680 83680
000381682 76160
000381683 93280
000381684 58240
000381685 49920
000381688 97920
000381689 89760
000381690 61440
000381691 85120
000381692 75680
000381693 56960
000381694 108160
000381695 72640
000381697 58720
000381699 66880
000381700 79040
000381701 99840
000381702 143680
000381703 72960
000381704 124160
000381705 63040
000381706 88320
000381707 109440
000381708 116800
000381709 95520
000381710 63040
000381712 120320
000381713 112800
000381714 127200
000381715 102080
000381718 66880
000381721 128800
000381722 141600
000381723 107040
000381726 47840
000381728 85920
000381729 103840
000381730 98400
000381731 142880
000381732 72160
000381734 64480
000381735 91680
000381736 114720
000381739 102880
000381740 74720
000381741 133424
000381742 54240
000381744 66880
000381745 130880
000381747 66240
000381748 109600
000381749 70720
000381750 112640
000381751 114880
000381752 130080
000381753 97760
000381754 81600
000381755 70720
000381756 130560
000381758 156320
000381759 62720
000381762 75680
000381763 70240
000381764 128160
000381765 83520
000381767 117760
000381769 113280
000381770 75040
000381771 173600
000381772 182880
000381773 138720
000381777 65440
000381780 75200
000381783 127520
000381785 72960
000381786 51248
000381787 65600
000381788 53440
000381789 124480
000381791 121600
000381792 59840
000381793 86560
000381794 134560
000381795 111840
000381796 151520
000381797 87200
000381798 140160
000381799 114080
000390001 52960
000390002 139360
000390003 64160
000390004 95520
000390005 115680
000390006 65120
000390007 79680
000390008 85760
000390009 52480
000390010 74240
000390011 56160
000390012 86400
000390013 65568
000390014 93280
000390015 77920
000390016 114560
000390017 59840
000390018 68144
000390019 109440
000390020 62240
000390021 38880
000390022 52384
000390023 53072
000390024 55808
000390025 65280
000390026 39520
000390027 44160
000390029 43360
000390030 47008
000390031 49920
000390032 45136
000390033 63840
000390034 64640
000390035 31776
000390036 46080
000390037 58560
000390038 39680
000390039 44160
000390040 47200
000390041 25600
000390042 32320
000390043 43152
000390044 36608
000390045 37216
000390046 40144
000390047 35824
000390048 85280
000390049 39040
000390050 46880
000390052 55680
000390054 35392
000390055 51744
000390057 58400
000390058 49600
000390059 44960
000390060 51200
000390061 44480
000390062 44800
000390063 62864
000390064 63680
000390065 45600
000390066 49744
000390067 42560
000390068 54880
000390069 49600
000390070 44224
000390071 42880
000390072 50912
000390073 49120
000390074 53600
000390075 47360
000390076 77552
000390077 44800
000390078 65600
000390079 55840
000390080 35168
000390081 43680
000390082 70080
000390083 48160
000390084 54704
000390085 51360
000390087 54720
000390088 54576
000390089 78240
000390090 62240
000390091 65440
000390092 77840
000390093 63200
000390094 47520
000390095 49120
000390096 49120
000390097 46240
000390098 64000
000390099 50736
000390100 62080
000390102 73120
000390103 50720
000390104 81456
000390105 60336
000390106 48480
000390107 90720
000390108 54560
000390109 60352
000390110 91568
000390111 57440
000390112 84640
000390114 92320
000390115 67216
000390116 45968
000390117 62832
000390118 38976
000390119 46016
000390120 77600
000390121 53184
000390122 68640
000390123 58560
000390124 61440
000390125 56000
000390126 84160
000390127 55840
000390128 83104
000390129 51712
000390130 52160
000390131 72960
000390132 67824
000390133 73888
000390134 55472
000390135 52752
000390136 47088
000390137 38240
000390138 59824
000390139 38240
000390140 55264
000390141 73600
000390142 40960
000390143 48000
000390144 85760
000390145 79360
000390146 77120
000390147 71088
000390148 54720
000390149 51664
000390150 41760
000390151 47520
000390152 56848
000390153 66544
000390154 105760
000390155 72800
000390156 59360
000390157 72384
000390158 50560
000390159 72800
000390160 46400
000390161 52400
000390162 54720
000390163 82768
000390164 51696
000390165 49120
000390166 53760
000390167 73056
000390168 75968
000390169 36000
000390170 52000
000390171 63024
000390172 78080
000390173 59680
000390174 57280
000390175 77296
000390176 49920
000390177 44640
000390178 86880
000390179 62160
000390180 48320
000390181 74128
000390182 48320
000390183 38400
000390184 68320
000390185 69280
000390186 56800
000390187 60640
000390188 78208
000390189 67152
000390190 59040
000390191 94080
000390192 68000
000390193 54560
000390194 67904
000390195 49744
000390196 68320
000390197 48480
000390198 87744
000390199 31840
000390200 81984
000390201 48640
000390202 54400
000390203 45488
000390204 46928
000390205 68816
000390206 53264
000390207 79360
000390208 49280
000390210 51520
000390211 40640
000390212 66080
000390213 54256
000390214 37600
000390215 80000
000390216 79360
000390217 46576
000390218 57760
000390220 66848
000390221 92480
000390222 48304
000390223 46880
000390224 71040
000390225 82240
000390226 48992
000390227 67072
000390228 66240
000390229 41280
000390230 55520
000390231 47360
000390232 79680
000390233 46240
000390234 43040
000390235 63200
000390236 63040
000390237 79840
000390238 47856
000390239 39200
000390240 43312
000390241 48960
000390242 68512
000390243 40320
000390244 82240
000390245 57872
000390246 55024
000390247 37344
000390248 69760
000390249 37200
000390250 60640
000390252 65600
000390253 82400
000390254 65488
000390255 40800
000390256 74880
000390257 43360
000390259 38416
000390260 44800
000390261 36640
000390262 44640
000390263 70288
000390264 59040
000390265 51792
000390266 64640
000390267 47152
000390268 37488
000390269 67024
000390270 34960
000390271 90240
000390272 67024
000390273 71104
000390274 64640
000390275 72960
000390276 38240
000390277 77920
000390278 62560
000390279 75520
000390280 68480
000390282 67376
000390283 47200
000390284 56320
000390285 70784
000390286 38400
000390287 63808
000390288 33280
000390289 80160
000390290 35680
000390291 56640
000390292 77584
000390293 73920
000390294 71648
000390296 80480
000390297 81920
000390298 75680
000390299 61648
000390300 63840
000390301 57600
000390302 58720
000390303 94080
000390305 42400
000390306 49376
000390307 32479
000390308 41120
000390309 75360
000390310 48960
000390311 50880
000390312 59600
000390313 52800
000390314 60960
000390315 44160
000390316 71456
000390317 74400
000390318 56800
000390319 36640
000390320 60960
000390321 63200
000390322 53168
000390323 40640
000390324 33760
000390325 95840
000390326 29280
000390327 48432
000390328 68480
000390329 54080
000390330 52640
000390331 53824
000390332 47520
000390333 46720
000390334 53888
000390335 84144
000390336 82240
000390337 57760
000390338 70400
000390339 45136
000390340 50880
000390341 51632
000390342 61408
000390343 55632
000390344 43840
000390345 96320
000390346 94240
000390347 67600
000390348 47360
000390349 79520
000390350 74720
000390351 96112
000390352 86880
000390353 61104
000390354 65920
000390355 60896
000390356 66720
000390358 69600
000390359 55040
000390360 60992
000390361 34880
000390362 60800
000390363 43712
000390364 43952
000390365 40608
000390366 77440
000390367 34560
000390368 59520
000390369 46112
000390370 47840
000390371 74240
000390372 33760
000390373 42560
000390374 50240
000390377 48784
000390378 73440
000390379 60000
000390380 72480
000390381 67520
000390382 55200
000390383 44816
000390384 78560
000390385 53968
000390386 68480
000390387 58080
000390388 61408
000390389 55040
000390390 60288
000390391 34080
000390392 58400
000390393 60960
000390394 64800
000390395 67520
000390396 53920
000390397 38544
000390398 64944
000390399 46720
000390400 31440
000391401 44928
000391402 55552
000391403 46064
000391404 56256
000391405 47680
000391406 43040
000391407 44320
000391408 49280
000391409 34832
000391410 41440
000391411 50560
000391412 58240
000391413 30592
000391414 60000
000391415 41760
000391416 45488
000391417 62800
000391418 42880
000391419 46224
000391420 35008
000391422 39680
000391423 34400
000391424 42880
000391425 39200
000391426 45264
000391427 60000
000391428 43520
000391429 35120
000391430 49440
000391431 34304
000391432 52000
000391433 60640
000391434 45104
000391435 37440
000391436 42640
000391437 35488
000391438 40640
000391439 56016
000391440 30352
000391441 44640
000391442 51728
000391443 49600
000391444 59360
000391445 37760
000391446 54656
000391447 45056
000391448 45280
000391449 38288
000391450 40960
000391451 46880
000391452 44800
000391453 47520
000391454 32384
000391455 48208
000391456 51504
000391457 45600
000391458 59040
000391459 36656
000391460 43520
000391461 47552
000391463 59200
000391464 50720
000391465 43200
000391466 49440
000391467 40000
000391468 47776
000391469 48704
000391470 48000
000391471 40000
000391472 50896
000391473 41840
000391474 40000
000391475 49280
000391476 42080
000391477 46256
000391478 36480
000391479 46080
000391480 65600
000391481 46768
000391482 43520
000391483 41760
000391484 38288
000391485 43744
000391487 49120
000391488 37216
000391489 60640
000391490 37280
000391491 38080
000391492 51920
000391493 36512
000391494 42720
000391495 40160
000391496 48160
000391497 43360
000391498 43520
000391499 43680
000391501 72320
000391503 57600
000391504 39152
000391505 85120
000391506 71408
000391507 65024
000391508 49392
000391509 56736
000391510 76160
000391511 77424
000391512 36720
000391513 80480
000391514 64319
000391515 94560
000391516 84320
000391517 40448
000391518 80640
000391519 43840
000391520 57952
000391521 81920
000391522 58080
000391523 70560
000391524 43840
000391525 72320
000391526 40176
000391527 54720
000391529 89600
000391530 40832
000391531 83840
000391532 62400
000391533 40960
000391534 60160
000391535 50768
000391536 66336
000391537 62560
000391538 70816
000391539 74080
000391540 33792
000391541 59680
000391542 70336
000391543 38400
000391544 54560
000391545 39184
000391546 49104
000391547 58880
000391548 77600
000391549 42704
000391550 33296
000391551 66816
000391552 44960
000391553 47520
000391554 50880
000391555 42080
000391556 36320
000391557 54512
000391558 63648
000391559 91520
000391561 43360
000391562 61120
000391563 48048
000391564 64800
000391565 72960
000391566 70640
000391567 56160
000391568 94720
000391569 31008
000391570 46720
000391571 36592
000391572 73184
000391573 89280
000391574 35920
000391575 71392
000391576 58720
000391577 48000
000391579 44640
000391580 37312
000391581 45056
000391582 61280
000391583 71712
000391584 44800
000391585 64640
000391586 50720
000391587 59040
000391588 78080
000391589 52736
000391590 51360
000391591 51040
000391592 40160
000391593 59680
000391594 40000
000391595 34720
000391596 34752
000391597 68480
000391599 65376
000391600 32159
000391601 31984
000391603 90880
000391604 63168
000391605 96224
000391606 61120
000391607 61376
000391608 49184
000391609 70240
000391610 99360
000391611 64160
000391612 77120
000391614 54224
000391615 36320
000391616 59520
000391617 57232
000391618 88016
000391619 51840
000391620 85936
000391621 58848
000391622 33600
000391623 77664
000391625 68480
000391626 87840
000391627 66720
000391628 111520
000391629 62880
000391630 45440
000391631 39840
000391632 96928
000391633 34848
000391634 67200
000391635 65728
000391636 61440
000391637 83840
000391638 76960
000391639 76160
000391640 68320
000391641 98720
000391642 81088
000391643 35520
000391644 65760
000391645 81600
000391646 65296
000391647 87200
000391648 94720
000391649 39712
000391650 37680
000391651 92480
000391652 37920
000391653 42400
000391654 37760
000391655 48000
000391656 36848
000391657 42544
000391658 42240
000391659 62080
000391660 60960
000391661 93920
000391662 49296
000391663 83040
000391664 79184
000391665 80800
000391666 60000
000391667 82848
000391668 34400
000391669 77376
000391670 89120
000391671 50400
000391672 62112
000391673 45040
000391674 52160
000391677 57440
000391678 56272
000391679 70256
000391680 69920
000391681 67200
000391682 87520
000391683 36000
000391684 48160
000391685 40000
000391686 70768
000391687 61872
000391688 55200
000391689 60144
000391690 78400
000391691 45120
000391692 66400
000391693 52144
000391694 66720
000391695 36512
000391696 46880
000391697 66560
000391698 54880
000391700 55680
000391701 83840
000391702 76800
000391703 78400
000391704 51680
000391705 60480
000391706 65440
000391707 59424
000391708 56688
000391709 65600
000391710 86720
000391711 55680
000391712 36832
000391713 54240
000391714 45808
000391715 60704
000391716 97760
000391717 39200
000391718 32031
000391719 65552
000391720 40800
000391722 37808
000391723 67312
000391724 54912
000391725 62944
000391726 44384
000391727 43360
000391728 54448
000391729 50544
000391730 43136
000391731 76160
000391732 75840
000391733 85920
000391734 68272
000391735 42528
000391736 44080
000391737 94400
000391738 88512
000391740 46880
000391741 37600
000391742 61120
000391744 80320
000391745 64800
000391746 72320
000391748 39520
000391749 110080
000391750 57600
000391752 69120
000391753 50560
000391754 49280
000391756 60160
000391757 105344
000391758 44416
000391759 99680
000391760 66880
000391761 52640
000391762 60480
000391763 69792
000391764 65920
000391765 47072
000391766 62880
000391767 65728
000391768 59008
000391769 66240
000391770 49920
000391771 99680
000391772 90400
000391773 62720
000391774 75056
000391775 80160
000391776 50192
000391777 68480
000391778 81280
000391779 48832
000391780 58416
000391781 40288
000391782 49760
000391783 90400
000391787 45760
000391788 58400
000391789 52320
000391790 60960
000391791 68640
000391792 56096
000391793 42240
000391794 42400
000391796 51040
000391797 76960
000391798 74560
000391800 115040
000400001 71904
000400002 174080
000400003 95840
000400004 124640
000400005 149920
000400006 95360
000400007 104800
000400008 91680
000400009 72800
000400011 77280
000400013 84800
000400014 151200
000400015 127520
000400016 147200
000400017 83840
000400018 97824
000400019 147520
000400020 84640
000400022 63616
000400023 70320
000400024 60672
000400025 78400
000400026 58880
000400027 56800
000400028 49008
000400029 65984
000400030 69424
000400031 69120
000400033 81120
000400034 92800
000400036 59520
000400037 80800
000400038 57280
000400039 62080
000400040 68000
000400041 33600
000400042 38704
000400043 57120
000400044 44480
000400045 42016
000400046 45440
000400048 79840
000400049 51840
000400050 57440
000400052 76960
000400053 41600
000400054 39808
000400056 67680
000400057 71360
000400058 63680
000400059 66160
000400060 61872
000400061 59728
000400062 54096
000400063 73760
000400064 65280
000400065 64160
000400067 54720
000400068 71200
000400069 72368
000400070 55680
000400071 49120
000400072 64000
000400073 75040
000400074 82368
000400075 55680
000400076 93120
000400077 53056
000400078 81760
000400079 65280
000400080 46128
000400081 56592
000400082 77760
000400083 58720
000400084 70720
000400085 67360
000400086 61120
000400087 76960
000400088 68288
000400089 99840
000400090 78720
000400091 75856
000400092 109696
000400093 72320
000400094 64800
000400095 70880
000400096 68480
000400098 80000
000400099 67616
000400100 75520
000400101 114192
000400102 115360
000400103 66400
000400104 74768
000400105 50352
000400107 133600
000400108 105440
000400109 124208
000400110 93360
000400111 78720
000400112 88000
000400113 124160
000400114 88400
000400115 42864
000400116 122880
000400117 80000
000400118 97760
000400119 56016
000400120 75360
000400121 84640
000400122 86400
000400123 90240
000400124 132960
000400125 75360
000400126 124320
000400127 83184
000400129 102160
000400130 109920
000400131 95040
000400133 107680
000400135 74208
000400136 46832
000400137 44128
000400138 77264
000400139 62080
000400140 47520
000400141 59968
000400142 108000
000400143 68640
000400144 121440
000400145 58112
000400146 61168
000400147 45472
000400148 71264
000400150 84768
000400151 76480
000400152 101152
000400153 71680
000400154 73984
000400155 57280
000400156 98240
000400158 69712
000400159 89920
000400160 103984
000400161 79552
000400163 56944
000400164 51280
000400165 91200
000400166 74224
000400167 90560
000400168 111520
000400169 96320
000400170 44592
000400171 92960
000400172 99200
000400173 114880
000400174 87680
000400176 89472
000400177 60720
000400178 72160
000400179 65007
000400180 54816
000400182 46240
000400183 120000
000400184 91072
000400185 89552
000400186 103840
000400187 121312
000400188 95840
000400190 130112
000400191 132368
000400192 44640
000400193 79808
000400194 61664
000400195 76640
000400196 54720
000400197 103840
000400198 70384
000400199 102912
000400200 94880
000400201 94560
000400202 114240
000400203 77440
000400204 82720
000400205 76496
000400207 94032
000400208 77760
000400209 64384
000400210 101904
000400211 62400
000400212 47568
000400213 73600
000400214 80544
000400215 49584
000400217 42240
000400218 81280
000400219 64367
000400220 96160
000400221 98240
000400222 128960
000400223 134736
000400225 66080
000400226 136640
000400227 130400
000400228 112016
000400229 80000
000400230 59360
000400231 83152
000400232 89440
000400233 64959
000400234 128800
000400235 112160
000400236 111040
000400237 128639
000400238 91360
000400239 80800
000400240 99840
000400241 65760
000400242 102192
000400243 113760
000400244 47520
000400245 59040
000400246 120160
000400247 65760
000400248 99200
000400249 98064
000400250 82976
000400251 93664
000400252 140816
000400253 55360
000400254 117520
000400255 77280
000400256 102560
000400257 72640
000400258 76960
000400259 110720
000400260 62656
000400261 62064
000400262 78400
000400263 52640
000400264 83472
000400265 40816
000400266 85264
000400267 67056
000400268 64623
000400269 95360
000400270 66560
000400271 69760
000400272 82240
000400273 55248
000400274 90976
000400275 64640
000400276 66240
000400277 74960
000400278 116320
000400279 124000
000400280 94560
000400281 55200
000400282 61008
000400283 54080
000400284 73600
000400285 70480
000400286 71168
000400287 115488
000400288 90064
000400289 80336
000400290 74560
000400291 66560
000400292 97920
000400293 107040
000400294 76000
000400295 105776
000400296 59504
000400297 39040
000400298 54720
000400299 72992
000400300 115680
000400301 78784
000400302 63680
000400303 128479
000400304 84000
000400305 109120
000400306 59680
000400307 83536
000400308 125920
000400309 82720
000400310 109440
000400311 93600
000400312 106160
000400313 71792
000400314 89392
000400315 81920
000400316 40640
000400317 146560
000400318 146880
000400319 86080
000400320 55904
000400321 79200
000400322 114560
000400323 103200
000400324 76032
000400325 52480
000400327 48448
000400328 101120
000400329 119088
000400330 46992
000400331 62016
000400332 56000
000400333 80000
000400334 148000
000400335 75200
000400337 74704
000400338 114080
000400339 95040
000400340 71760
000400341 70592
000400343 122240
000400345 43360
000400346 69600
000400347 52800
000400348 73760
000400349 44320
000400350 47200
000400351 94720
000400352 101920
000400353 54720
000400354 120800
000400355 98768
000400356 65680
000400357 116480
000400358 123056
000400360 51536
000400361 60192
000400362 59568
000400363 90544
000400364 110976
000400366 58240
000400367 73280
000400368 75360
000400369 58560
000400370 95808
000400372 137280
000400373 80944
000400374 97600
000400375 89440
000400376 94784
000400377 64319
000400378 65440
000400379 52960
000400380 162080
000400381 103200
000400382 62560
000400383 85408
000400384 111840
000400385 92880
000400386 76480
000400387 50880
000400388 54720
000400389 114080
000400390 41584
000400391 112480
000400392 97776
000400394 83360
000400395 93920
000400396 43392
000400397 97440
000400398 96320
000400399 83200
000400400 68992
000401401 60800
000401402 77920
000401403 67200
000401404 80000
000401405 67040
000401406 53872
000401407 64000
000401408 69920
000401409 52640
000401411 77600
000401412 76160
000401413 40016
000401414 79840
000401415 56000
000401416 68640
000401417 100960
000401418 60160
000401419 55696
000401421 42480
000401422 55520
000401423 48032
000401424 65120
000401425 53440
000401427 73392
000401428 49440
000401429 49296
000401430 67200
000401431 45920
000401432 88480
000401433 84320
000401434 62560
000401435 52160
000401436 63360
000401438 59056
000401439 78720
000401440 43680
000401441 67520
000401442 71840
000401443 67904
000401444 78720
000401445 50720
000401446 73744
000401447 62080
000401448 58400
000401449 66240
000401450 63360
000401451 74496
000401453 74400
000401456 94336
000401457 66736
000401458 96320
000401459 51152
000401460 57760
000401463 73120
000401464 64959
000401465 56320
000401466 66560
000401467 54080
000401468 66912
000401470 75200
000401471 52640
000401473 46560
000401474 51104
000401475 77280
000401476 64000
000401477 68336
000401478 50880
000401479 65120
000401480 85280
000401482 60960
000401483 55120
000401484 51040
000401485 58880
000401487 71840
000401488 52592
000401489 78400
000401492 58144
000401494 53168
000401495 53920
000401496 63520
000401497 51840
000401498 58880
000401499 63520
000401500 58240
000401501 101952
000401503 92000
000401505 108160
000401506 124320
000401507 72688
000401508 45440
000401509 40224
000401510 62720
000401511 49760
000401512 87840
000401513 105440
000401514 88320
000401515 130080
000401516 47664
000401517 104800
000401518 77920
000401520 53120
000401522 153920
000401523 68800
000401524 139520
000401525 61760
000401528 74400
000401529 51040
000401530 58080
000401532 125424
000401533 75200
000401534 63424
000401535 60320
000401536 110720
000401537 69008
000401538 52272
000401539 54080
000401540 89280
000401541 104640
000401542 79520
000401543 57168
000401544 47040
000401545 56320
000401546 61600
000401547 67056
000401550 84000
000401551 55984
000401552 71312
000401553 56160
000401554 81280
000401555 91360
000401557 93216
000401558 69600
000401559 85760
000401560 85600
000401561 61360
000401562 66560
000401564 93600
000401565 64160
000401568 53456
000401569 79360
000401570 73504
000401571 67680
000401572 67776
000401573 97376
000401574 99584
000401575 72800
000401576 85440
000401577 74640
000401580 50720
000401581 52960
000401582 66816
000401583 56720
000401584 65440
000401585 60656
000401586 60640
000401587 141760
000401588 92944
000401589 57584
000401590 64400
000401591 75488
000401592 42944
000401593 83520
000401594 80208
000401595 198880
000401596 71488
000401597 47856
000401598 79072
000401599 126960
000401600 77760
000401601 54240
000401602 42240
000401605 76896
000401606 71040
000401607 54848
000401608 74560
000401609 66992
000401610 49920
000401612 48832
000401613 70512
000401614 110560
000401615 113600
000401616 52592
000401617 117440
000401618 81616
000401619 142880
000401620 43184
000401621 109600
000401622 76880
000401624 72640
000401628 114448
000401629 47008
000401630 87520
000401632 124800
000401634 120784
000401638 70912
000401639 44176
000401641 108640
000401644 128383
000401646 63840
000401647 89920
000401649 46992
000401653 116000
000401654 115360
000401655 59200
000401656 123664
000401658 79040
000401659 105760
000401660 81600
000401661 62880
000401662 66384
000401663 124960
000401664 55824
000401665 103744
000401666 108544
000401667 97584
000401668 75360
000401669 94352
000401672 62528
000401673 45168
000401675 122432
000401676 76768
000401677 73104
000401678 113280
000401679 61664
000401682 79040
000401683 83936
000401684 132320
000401685 94224
000401686 115008
000401687 74336
000401688 36704
000401689 79520
000401690 96560
000401691 62080
000401692 100000
000401693 57296
000401694 95520
000401697 86560
000401698 71552
000401699 63104
000401700 49280
000401702 78560
000401703 77600
000401704 71200
000401705 97280
000401706 61280
000401707 89760
000401708 96000
000401709 66720
000401710 93440
000401711 76896
000401712 96800
000401713 73520
000401714 95920
000401715 59792
000401716 87840
000401717 53792
000401721 144160
000401722 120416
000401723 67664
000401724 39200
000401725 46080
000401726 73280
000401728 47680
000401730 66496
000401731 50960
000401732 99808
000401733 39360
000401734 99152
000401735 90560
000401736 125920
000401737 104480
000401738 101856
000401739 109120
000401740 76160
000401742 57728
000401743 73760
000401744 77920
000401745 162240
000401746 71536
000401747 52816
000401748 93760
000401749 48144
000401750 105360
000401751 71440
000401752 92960
000401753 77472
000401754 125760
000401755 67792
000401756 68544
000401757 123360
000401758 115360
000401760 132448
000401761 77472
000401762 123664
000401764 100416
000401765 99360
000401766 120256
000401767 102592
000401768 148000
000401769 57680
000401770 85600
000401771 67520
000401773 123680
000401774 44688
000401775 98240
000401777 50880
000401778 101856
000401779 136752
000401780 59248
000401781 92672
000401782 105024
000401783 127776
000401784 48400
000401785 131648
000401786 105008
000401788 105120
000401789 63680
000401790 57264
000401791 105792
000401792 97184
000401793 84896
000401794 71520
000401795 122560
000401796 70992
000401797 84800
000401798 74080
000401799 117600
000401800 84784
000410001 56928
000410002 135040
000410003 70240
000410004 93440
000410005 108960
000410006 69360
000410007 80320
000410008 76160
000410009 62560
000410010 83200
000410011 60640
000410012 112640
000410013 72304
000410014 112320
000410015 87568
000410016 128800
000410017 68800
000410018 75680
000410019 115680
000410020 65600
000410021 41120
000410022 53440
000410024 54144
000410025 73280
000410026 49408
000410027 52800
000410028 46688
000410029 60640
000410030 57280
000410031 61600
000410032 57408
000410033 69280
000410034 81280
000410035 39744
000410036 55680
000410037 71040
000410038 54080
000410039 54880
000410040 60800
000410041 32192
000410042 38080
000410043 56320
000410044 39680
000410045 40464
000410046 41712
000410047 40672
000410049 47520
000410050 51360
000410052 68960
000410053 41920
000410055 52560
000410056 58400
000410057 60640
000410058 55520
000410059 53120
000410060 59040
000410061 52000
000410062 53280
000410063 67680
000410064 57920
000410065 53280
000410066 48160
000410067 52160
000410068 67936
000410069 59040
000410070 52304
000410071 49600
000410072 59040
000410073 59680
000410074 64160
000410075 55200
000410076 81280
000410077 49440
000410078 80320
000410079 60320
000410080 46512
000410081 51168
000410082 72960
000410083 57920
000410084 59520
000410085 59520
000410086 58080
000410087 59248
000410088 65120
000410089 90560
000410090 70080
000410091 67040
000410092 100000
000410093 70080
000410094 58400
000410095 55840
000410096 61280
000410097 55520
000410098 80960
000410099 62160
000410100 69792
000410101 61792
000410102 94880
000410103 117600
000410104 66240
000410105 97920
000410106 76960
000410107 108160
000410109 103200
000410110 65120
000410111 78880
000410112 97280
000410113 76960
000410114 60960
000410115 52960
000410116 64319
000410117 68080
000410118 98240
000410119 111040
000410120 64160
000410121 83520
000410122 97440
000410123 101712
000410124 46080
000410127 127680
000410128 59200
000410129 79520
000410130 58656
000410131 93920
000410132 51840
000410134 68464
000410135 79520
000410136 100640
000410137 66240
000410138 92960
000410139 52480
000410140 67360
000410141 71200
000410142 104000
000410143 53344
000410144 85760
000410145 67200
000410146 73280
000410147 77920
000410148 98080
000410150 106528
000410151 88320
000410152 90416
000410153 102560
000410154 53072
000410155 78400
000410156 46656
000410157 140960
000410158 50240
000410159 52960
000410160 88000
000410161 96160
000410162 106400
000410163 73280
000410164 79520
000410165 76000
000410166 58080
000410167 75840
000410168 76320
000410170 66240
000410171 94560
000410172 52960
000410173 100640
000410174 107200
000410176 52720
000410177 102080
000410178 88480
000410179 101440
000410180 40272
000410181 88000
000410182 63680
000410183 55360
000410184 109440
000410185 126560
000410186 70880
000410187 135392
000410188 68000
000410189 124960
000410190 104960
000410191 53280
000410193 78720
000410194 68480
000410195 72480
000410196 98400
000410197 69744
000410198 51520
000410199 109440
000410200 99840
000410201 40640
000410202 93440
000410203 56096
000410204 62432
000410205 105856
000410207 48000
000410208 46720
000410210 87296
000410211 113280
000410212 88608
000410213 103840
000410214 66080
000410215 62240
000410216 92800
000410217 48480
000410218 54560
000410219 67840
000410220 77920
000410221 104480
000410222 63840
000410223 60704
000410224 90720
000410225 46464
000410226 105600
000410227 69648
000410228 86832
000410229 54080
000410230 101280
000410232 98880
000410233 95840
000410234 91680
000410235 100480
000410236 72640
000410237 79728
000410238 76480
000410239 100800
000410240 121920
000410241 98560
000410242 61920
000410244 127200
000410245 67504
000410246 131840
000410248 95040
000410249 48800
000410250 134560
000410251 82880
000410253 47680
000410254 107840
000410255 140160
000410256 47536
000410257 84320
000410258 71280
000410259 83088
000410260 60320
000410261 133104
000410262 95792
000410263 64640
000410264 78720
000410265 85600
000410266 93120
000410267 68160
000410268 87360
000410269 110080
000410271 73440
000410272 70560
000410273 52320
000410274 77120
000410275 63840
000410276 96000
000410277 62912
000410278 82560
000410279 88960
000410280 164800
000410281 84320
000410282 80960
000410283 43792
000410284 66368
000410285 72160
000410286 51200
000410287 77760
000410288 54896
000410289 93440
000410290 47040
000410291 43520
000410292 50400
000410293 103200
000410294 81760
000410295 58880
000410296 55520
000410297 74400
000410298 58272
000410299 74560
000410300 57024
000410301 83040
000410302 76160
000410303 77120
000410304 109280
000410305 82560
000410306 69872
000410307 56000
000410308 70400
000410309 73488
000410310 50528
000410311 51200
000410312 46576
000410313 98720
000410314 48864
000410315 67840
000410316 48624
000410317 89440
000410318 107360
000410319 61600
000410321 84160
000410322 77408
000410323 117280
000410324 62400
000410325 43952
000410326 58240
000410327 65391
000410328 73600
000410329 78272
000410330 55120
000410331 66224
000410332 55680
000410333 46400
000410334 44624
000410335 39200
000410336 72000
000410337 57760
000410338 44816
000410339 83840
000410340 60848
000410341 108160
000410342 102448
000410343 116800
000410344 80640
000410345 63360
000410346 60000
000410347 39520
000410349 101024
000410350 102864
000410351 55440
000410352 93280
000410353 88192
000410354 62112
000410355 66720
000410356 94880
000410357 61824
000410358 108960
000410359 83728
000410360 58624
000410362 86560
000410363 54880
000410364 44624
000410365 92720
000410366 93920
000410367 61344
000410368 60960
000410369 85920
000410370 41104
000410371 58880
000410372 68320
000410373 113280
000410374 59200
000410375 94880
000410377 78720
000410378 105424
000410379 79360
000410380 48640
000410381 58672
000410382 88800
000410383 56000
000410384 94064
000410385 55680
000410387 108320
000410388 138560
000410389 57600
000410391 53760
000410393 69280
000410394 81600
000410395 71184
000410396 76320
000410397 47360
000410398 71360
000410399 108784
000410400 81168
000411402 66560
000411403 60160
000411404 77600
000411405 57920
000411406 54560
000411407 55840
000411408 65440
000411409 46560
000411410 48320
000411411 63520
000411412 66560
000411413 36848
000411414 69280
000411415 51680
000411416 57920
000411417 76288
000411418 53280
000411419 47904
000411420 41472
000411421 39152
000411422 48800
000411423 45760
000411424 52960
000411425 50720
000411426 52800
000411427 67040
000411428 47360
000411429 44768
000411430 60160
000411431 41440
000411432 76160
000411433 68480
000411434 54560
000411435 51296
000411436 66240
000411437 47488
000411438 53168
000411439 72368
000411440 37712
000411441 56480
000411442 59072
000411443 61760
000411444 67200
000411445 48160
000411446 60160
000411448 50720
000411449 54560
000411450 54400
000411451 62560
000411452 61440
000411453 67360
000411455 64111
000411456 55360
000411457 58240
000411458 73280
000411459 44608
000411460 52000
000411461 58752
000411463 61280
000411464 58384
000411465 52160
000411466 61760
000411467 49120
000411468 59424
000411469 57328
000411470 56960
000411471 52320
000411472 58432
000411473 45808
000411474 43680
000411475 57120
000411476 53920
000411477 61120
000411478 46880
000411479 58240
000411480 76000
000411481 73600
000411482 55200
000411483 52160
000411487 64800
000411488 51184
000411489 72800
000411491 44640
000411492 53120
000411494 48896
000411495 47696
000411496 55040
000411497 46560
000411498 52480
000411499 54736
000411500 53920
000411501 64080
000411502 77440
000411503 44800
000411504 54400
000411505 61152
000411506 82080
000411507 50720
000411508 133120
000411509 64319
000411510 76752
000411511 104864
000411512 66880
000411513 86400
000411514 69056
000411515 48160
000411516 85920
000411517 42912
000411518 74240
000411519 60192
000411520 57920
000411521 85760
000411522 69824
000411523 48640
000411525 85600
000411526 130080
000411527 49600
000411528 60640
000411529 46720
000411530 90720
000411531 46240
000411532 60128
000411533 82560
000411534 103200
000411535 85600
000411536 57072
000411537 60160
000411538 85280
000411539 86016
000411540 50592
000411541 57920
000411542 52160
000411543 76000
000411544 60912
000411545 84800
000411546 100000
000411547 95376
000411548 77600
000411550 85936
000411551 76160
000411552 35520
000411553 44480
000411554 46080
000411555 83680
000411556 76320
000411557 108160
000411558 69088
000411559 73280
000411560 81216
000411561 55840
000411562 69280
000411563 103360
000411564 75520
000411565 46224
000411566 66240
000411567 57760
000411568 80320
000411569 82240
000411570 79040
000411571 66080
000411572 43680
000411573 98864
000411574 45120
000411575 64319
000411576 39200
000411577 92800
000411579 48480
000411581 111840
000411582 81104
000411583 124640
000411584 85440
000411585 93760
000411586 35728
000411588 75200
000411591 85760
000411592 81920
000411593 84960
000411595 91200
000411596 99040
000411598 89568
000411599 88160
000411600 78912
000411601 47984
000411602 105280
000411603 89280
000411604 59840
000411605 79360
000411606 91520
000411607 93760
000411608 106400
000411609 68640
000411610 41152
000411611 75360
000411612 72160
000411613 58880
000411614 74560
000411615 52944
000411616 69920
000411617 105440
000411618 33296
000411619 50000
000411620 131360
000411621 73920
000411622 59200
000411623 63200
000411624 63520
000411625 40000
000411626 116960
000411627 78080
000411628 47840
000411629 65920
000411630 69264
000411631 101120
000411632 57280
000411633 64111
000411635 87200
000411636 38720
000411637 83040
000411638 97120
000411639 55280
000411640 69440
000411641 83360
000411642 53600
000411643 55520
000411644 98080
000411645 56272
000411646 92960
000411647 63200
000411648 50560
000411649 112640
000411650 92800
000411651 107088
000411652 64672
000411653 68960
000411654 117920
000411655 70560
000411656 54400
000411657 44496
000411658 51520
000411659 98560
000411660 70400
000411661 47552
000411662 72800
000411664 99040
000411665 55744
000411666 62288
000411667 108800
000411668 55680
000411669 35904
000411670 100320
000411671 46528
000411672 84960
000411673 58240
000411675 91360
000411676 32479
000411677 83040
000411678 98976
000411679 74560
000411680 62400
000411681 81456
000411682 61760
000411683 106720
000411684 102720
000411685 58560
000411688 73440
000411689 95360
000411690 73440
000411691 81440
000411692 85600
000411693 89120
000411694 94400
000411695 69760
000411696 63024
000411697 62720
000411698 65280
000411700 75520
000411701 43680
000411702 55520
000411703 61760
000411704 102560
000411705 50720
000411707 75680
000411708 44064
000411709 55680
000411710 108000
000411711 59520
000411712 94400
000411714 48960
000411715 103200
000411716 95680
000411717 60640
000411718 50560
000411719 79840
000411720 71856
000411721 44320
000411722 43360
000411723 42976
000411724 80960
000411725 73600
000411726 90880
000411727 73920
000411728 69280
000411729 44800
000411730 95520
000411731 100480
000411732 71040
000411733 66912
000411735 58416
000411736 70880
000411737 59104
000411738 92160
000411739 43808
000411740 50240
000411741 75840
000411742 43312
000411743 60960
000411744 46624
000411745 66720
000411746 90400
000411747 69440
000411748 53440
000411749 76640
000411750 62080
000411751 42176
000411752 64111
000411753 50080
000411754 65600
000411755 56784
000411756 78240
000411757 59680
000411758 65424
000411759 92800
000411760 69920
000411761 71168
000411762 101920
000411763 49440
000411764 72800
000411765 78560
000411766 49760
000411767 39504
000411768 100000
000411769 98240
000411770 56160
000411771 76960
000411772 48000
000411773 104800
000411775 49120
000411776 69600
000411777 69280
000411778 61856
000411779 63056
000411780 66080
000411783 41376
000411784 48064
000411785 53760
000411786 63536
000411787 60160
000411788 63200
000411789 66368
000411790 68320
000411791 103040
000411792 77440
000411793 57920
000411794 53920
000411795 98720
000411796 109600
000411797 80544
000411798 78400
000411799 91840
000411800 75488
000420001 71200
000420003 112480
000420004 135472
000420005 174080
000420006 112960
000420007 150080
000420008 113984
000420015 138864
000420017 125088
000420018 135040
000420019 233584
000420020 114880
000420021 50240
000420022 85648
000420023 81120
000420024 79536
000420025 138816
000420026 73136
000420027 75200
000420028 53792
000420029 85664
000420030 90032
000420031 110688
000420032 85504
000420035 58192
000420038 78640
000420041 37952
000420043 80112
000420045 44800
000420047 56816
000420048 99296
000420052 97120
000420053 52352
000420056 98880
000420059 69552
000420060 87088
000420061 76224
000420071 62400
000420077 61504
000420080 56880
000420081 71520
000420082 133696
000420085 71488
000420086 77120
000420087 94928
000420088 96208
000420089 131039
000420093 116960
000420094 91008
000420095 80160
000420096 93904
000420099 92512
000420100 88416
000420102 151632
000420103 124432
000420104 126240
000420105 86400
000420106 53280
000420107 162240
000420109 134400
000420110 46560
000420111 190560
000420115 117280
000420116 97920
000420117 131408
000420119 77280
000420120 51360
000420121 158208
000420126 113296
000420128 132320
000420130 152224
000420134 56480
000420135 61600
000420138 131840
000420139 147360
000420143 153120
000420144 97440
000420145 112000
000420147 102720
000420149 173440
000420150 133856
000420152 147840
000420154 53920
000420155 135408
000420158 74976
000420159 126128
000420161 83200
000420163 137840
000420164 67472
000420170 72160
000420172 72000
000420175 119680
000420176 76480
000420178 94720
000420179 86400
000420181 87040
000420183 94176
000420185 123520
000420186 135680
000420188 61408
000420191 116320
000420192 138816
000420194 105424
000420195 119360
000420196 107040
000420197 80160
000420199 156960
000420201 147424
000420205 69824
000420209 84160
000420210 48480
000420211 141648
000420213 133120
000420214 158560
000420216 76960
000420218 125440
000420219 104960
000420220 62448
000420221 128800
000420222 64160
000420223 99200
000420224 52640
000420228 125440
000420229 130752
000420230 116192
000420233 77440
000420236 72224
000420237 73312
000420238 151456
000420239 83680
000420241 99360
000420244 98288
000420245 73648
000420249 157984
000420250 137488
000420255 213648
000420256 87040
000420258 166832
000420259 98768
000420261 67968
000420266 91216
000420267 171040
000420268 71840
000420271 144752
000420274 170240
000420277 105280
000420279 121760
000420280 56960
000420282 130383
000420283 106880
000420284 121760
000420286 114560
000420288 165440
000420289 90000
000420290 116240
000420292 77488
000420293 62080
000420295 134240
000420296 154720
000420299 75520
000420302 165120
000420304 128320
000420306 154720
000420307 114720
000420308 120960
000420309 125760
000420310 145584
000420311 70240
000420312 114560
000420314 76496
000420315 152000
000420316 130400
000420318 65904
000420320 55872
000420322 114720
000420326 113600
000420328 52480
000420331 183360
000420332 109904
000420334 60928
000420337 86080
000420339 81312
000420340 75392
000420341 48352
000420342 56224
000420344 93056
000420345 124896
000420346 122192
000420347 116800
000420350 106960
000420351 112320
000420352 121408
000420353 59552
000420354 113600
000420355 66656
000420356 120000
000420358 126720
000420359 59760
000420360 151840
000420361 78400
000420362 68992
000420363 65120
000420364 117968
000420365 79040
000420366 55808
000420369 41424
000420370 77120
000420371 68160
000420372 58400
000420373 74192
000420374 57488
000420376 100112
000420377 45456
000420378 70544
000420381 86560
000420382 101120
000420383 80064
000420384 57952
000420385 82576
000420386 103520
000420387 59312
000420388 92272
000420389 61280
000420392 72016
000420393 111680
000420394 78880
000420395 131216
000420397 144480
000420398 71680
000420399 104272
000420400 72912
000421404 82592
000421405 61696
000421406 53568
000421408 83440
000421409 49792
000421410 72320
000421425 61328
000421428 51680
000421435 58560
000421443 70480
000421448 67600
000421450 104256
000421455 75680
000421456 108000
000421460 67584
000421465 57440
000421477 65120
000421480 131360
000421487 91248
000421495 65440
000421498 77280
000421499 65440
000421507 136368
000421508 91200
000421509 148608
000421513 63296
000421516 54176
000421519 92000
000421520 148272
000421539 87680
000421540 110656
000421542 86048
000421552 164624
000421554 79360
000421557 205040
000421558 111520
000421560 129520
000421570 98432
000421571 129280
000421572 122400
000421577 117600
000421579 135360
000421582 82080
000421584 123680
000421588 76880
000421589 139680
000421593 110880
000421603 187840
000421608 117312
000421609 57600
000421610 65920
000421611 77760
000421614 88000
000421629 109440
000421636 117760
000421637 48640
000421638 137280
000421642 64816
000421643 138240
000421650 97376
000421658 90752
000421664 94528
000421666 58096
000421672 151520
000421683 97920
000421687 135840
000421689 53440
000421696 132512
000421701 61056
000421704 122624
000421705 63728
000421707 43808
000421712 113280
000421714 147296
000421716 105696
000421733 88784
000421734 48160
000421750 109888
000421751 162240
000421759 124480
000421764 53712
000421783 97120
000421788 45056
000421796 84320
000430001 52464
000430002 169120
000430003 81056
000430004 122512
000430005 129440
000430006 88480
000430007 104640
000430008 94080
000430009 65664
000430010 94720
000430011 76752
000430012 137280
000430013 89920
000430014 164160
000430015 122880
000430016 161920
000430017 74736
000430018 79392
000430019 133120
000430020 89280
000430021 49824
000430022 56960
000430023 59920
000430024 62256
000430025 87040
000430026 60160
000430027 53120
000430028 42688
000430029 57216
000430030 62448
000430031 85856
000430032 62560
000430033 95200
000430034 90560
000430035 41552
000430036 61440
000430037 81120
000430038 48000
000430039 55840
000430040 65920
000430041 26496
000430042 34592
000430043 57600
000430044 39200
000430045 38848
000430046 64160
000430047 39520
000430048 74240
000430049 47200
000430050 54240
000430051 40944
000430052 72320
000430053 39712
000430054 33440
000430055 51840
000430056 70080
000430057 76960
000430058 54880
000430059 49120
000430060 64640
000430061 51360
000430062 45456
000430063 72160
000430064 63520
000430065 53280
000430066 46240
000430067 50880
000430068 77920
000430069 55680
000430070 51520
000430071 52960
000430072 52992
000430073 65760
000430074 76480
000430075 58400
000430076 117472
000430077 50096
000430078 108800
000430079 70240
000430080 53744
000430081 72912
000430082 75360
000430083 54880
000430084 51520
000430085 69440
000430086 71040
000430087 64160
000430088 62400
000430089 93760
000430090 71520
000430091 75680
000430092 102576
000430093 85344
000430094 61440
000430095 84000
000430096 70880
000430097 62064
000430098 66240
000430099 60944
000430100 80112
000430101 120480
000430102 108976
000430103 45232
000430104 136336
000430105 56640
000430106 71840
000430107 137296
000430108 135824
000430109 101120
000430110 96528
000430111 77760
000430112 118400
000430113 38448
000430115 107680
000430116 89600
000430117 42544
000430118 37808
000430119 47200
000430120 129759
000430121 97600
000430122 92288
000430123 126800
000430124 82080
000430125 66208
000430126 73600
000430127 122880
000430128 57760
000430129 91360
000430130 38560
000430131 119200
000430132 107040
000430133 72144
000430134 51360
000430135 57024
000430136 101904
000430137 47152
000430138 49600
000430139 112000
000430140 35904
000430141 81920
000430142 130880
000430143 102560
000430144 39728
000430145 58240
000430146 89568
000430147 120960
000430148 62720
000430149 56752
000430150 35648
000430151 104480
000430152 73904
000430153 96480
000430154 72000
000430155 109712
000430156 99200
000430157 70240
000430158 49312
000430159 112160
000430160 77440
000430161 62880
000430162 75424
000430163 58240
000430164 120960
000430165 143760
000430166 62720
000430167 104960
000430168 70080
000430169 105280
000430170 111040
000430171 140480
000430172 99840
000430173 117488
000430174 110800
000430175 59952
000430176 155360
000430177 60208
000430178 80064
000430179 115520
000430180 40000
000430181 96880
000430182 122464
000430183 95680
000430184 78192
000430185 88160
000430186 48064
000430187 90400
000430188 118880
000430189 96064
000430190 63152
000430191 100320
000430192 67200
000430193 101216
000430194 57872
000430195 125600
000430196 54976
000430197 64480
000430198 88416
000430199 74240
000430200 39216
000430201 69440
000430202 102784
000430203 89600
000430204 58400
000430205 112080
000430206 139360
000430207 93664
000430208 54240
000430209 41600
000430210 140320
000430211 57920
000430212 79040
000430213 52800
000430214 140160
000430215 103360
000430216 114080
000430217 52368
000430218 112160
000430219 140288
000430220 51040
000430221 84288
000430222 77280
000430223 66560
000430224 55680
000430225 102560
000430226 80480
000430227 95840
000430228 57600
000430229 108336
000430230 90880
000430231 93424
000430232 127040
000430233 65280
000430234 52480
000430235 72160
000430236 54416
000430237 116800
000430238 106928
000430239 100320
000430240 130240
000430241 112160
000430242 99520
000430243 72640
000430244 49920
000430245 115008
000430246 81280
000430247 61696
000430248 116080
000430249 51520
000430250 138080
000430251 68000
000430252 93280
000430253 73280
000430254 60000
000430255 91200
000430256 128639
000430257 142160
000430258 100000
000430259 75040
000430260 49024
000430261 128960
000430262 52320
000430263 71312
000430264 89760
000430265 85120
000430266 102080
000430267 53920
000430268 73280
000430269 80640
000430270 71840
000430271 71632
000430272 106720
000430273 181856
000430274 98560
000430275 109920
000430276 77088
000430277 109920
000430278 53280
000430279 111616
000430280 43344
000430281 76480
000430282 83680
000430283 104160
000430284 77360
000430285 152160
000430286 161120
000430287 138240
000430288 124800
000430289 61312
000430290 115776
000430291 86240
000430292 46720
000430293 45632
000430294 91520
000430295 64208
000430296 51360
000430297 60320
000430298 62672
000430299 95840
000430300 90720
000430301 120960
000430302 122240
000430303 97424
000430304 112944
000430305 52912
000430306 72160
000430307 65440
000430308 117936
000430309 62880
000430310 136960
000430311 108400
000430312 121120
000430313 52640
000430314 102720
000430315 50880
000430316 47216
000430317 57616
000430318 179520
000430319 92416
000430320 113760
000430321 170704
000430322 37520
000430323 86080
000430324 94880
000430326 74608
000430327 71520
000430328 105680
000430329 99200
000430330 84048
000430331 117120
000430332 103664
000430333 153280
000430334 121536
000430335 100800
000430336 76000
000430337 111920
000430338 48448
000430339 129919
000430340 87952
000430341 134880
000430342 57440
000430343 87360
000430344 68704
000430345 53440
000430346 102080
000430347 84160
000430348 123360
000430349 61840
000430350 78720
000430351 51792
000430352 82992
000430353 134400
000430354 71200
000430355 42688
000430356 113280
000430357 99952
000430358 58848
000430359 96800
000430360 68000
000430361 50880
000430362 91200
000430363 65584
000430364 136640
000430365 65120
000430366 47680
000430367 54080
000430368 103024
000430369 50400
000430370 77792
000430371 56960
000430372 51232
000430373 82400
000430374 108752
000430375 93920
000430376 87840
000430377 41136
000430378 126256
000430379 116576
000430380 49824
000430381 91648
000430382 107968
000430383 84160
000430384 69728
000430385 125824
000430386 75680
000430387 76320
000430388 140480
000430389 93440
000430390 74304
000430391 74080
000430392 87040
000430393 95504
000430394 73760
000430395 100000
000430396 50720
000430397 110864
000430398 60720
000430399 92960
000430400 71856
000431401 50592
000431402 71040
000431403 76800
000431404 75152
000431405 66592
000431406 54032
000431407 65184
000431408 79200
000431409 46256
000431411 72160
000431412 74240
000431413 39360
000431414 84160
000431415 62240
000431416 78624
000431417 115520
000431418 64000
000431419 51840
000431421 35824
000431422 55680
000431423 46560
000431424 52320
000431425 68320
000431426 49072
000431427 73152
000431428 54080
000431429 47552
000431430 72640
000431431 37616
000431432 75680
000431433 92800
000431434 63840
000431435 54080
000431436 60800
000431438 55504
000431439 97216
000431440 46752
000431441 65440
000431442 69440
000431443 69280
000431444 72480
000431445 53280
000431446 68912
000431447 56800
000431448 54560
000431449 62720
000431450 69920
000431451 62400
000431452 89920
000431453 67040
000431454 37840
000431455 74240
000431456 58560
000431457 62688
000431458 106400
000431459 49232
000431460 58080
000431461 66064
000431462 41888
000431463 78720
000431464 62080
000431465 49920
000431466 66400
000431467 47360
000431468 88320
000431469 50544
000431470 71680
000431471 51200
000431472 74384
000431473 43136
000431474 51360
000431475 70400
000431476 60640
000431477 77120
000431478 45440
000431479 65760
000431480 85280
000431482 63680
000431483 49248
000431484 51840
000431485 53920
000431486 59200
000431487 69280
000431488 62976
000431489 87680
000431490 51040
000431491 55360
000431492 51680
000431493 57456
000431494 54720
000431495 52160
000431496 67200
000431497 43616
000431498 51040
000431499 62864
000431500 72160
000431501 65280
000431502 70880
000431503 136736
000431504 74400
000431505 90080
000431506 36960
000431507 69920
000431508 46800
000431509 80640
000431510 81280
000431511 65920
000431512 39200
000431513 67840
000431514 132480
000431515 111840
000431516 52320
000431517 48000
000431518 75680
000431519 89232
000431520 99840
000431521 100160
000431522 98880
000431523 68736
000431524 76000
000431525 66400
000431526 123808
000431527 97920
000431528 129600
000431529 102560
000431530 39840
000431531 51680
000431532 42240
000431533 78560
000431534 45920
000431535 61600
000431536 72160
000431537 84800
000431538 68800
000431539 86448
000431540 74720
000431541 56960
000431542 64959
000431543 79040
000431544 59600
000431545 106400
000431546 72000
000431547 93088
000431548 78048
000431549 55200
000431550 83840
000431551 91840
000431552 53760
000431553 146240
000431554 52640
000431555 33440
000431556 94560
000431557 117440
000431558 99200
000431559 67680
000431560 66880
000431561 71040
000431562 53760
000431563 113600
000431564 116160
000431565 124320
000431566 100800
000431567 136000
000431568 80480
000431569 77280
000431570 59200
000431571 97600
000431572 89440
000431573 72576
000431574 83744
000431575 131360
000431576 107776
000431577 85424
000431578 67360
000431579 42720
000431580 105600
000431581 42560
000431582 56848
000431583 45760
000431584 46672
000431585 109664
000431586 65760
000431587 105760
000431588 103040
000431589 84160
000431590 104384
000431591 138720
000431592 92128
000431593 62240
000431594 59904
000431595 74864
000431596 105280
000431597 63552
000431598 52144
000431599 65408
000431600 94688
000431601 129600
000431602 79568
000431603 89760
000431604 151040
000431605 48000
000431606 67776
000431607 89440
000431608 98576
000431609 81504
000431610 66400
000431611 66400
000431612 118272
000431613 97200
000431614 64800
000431615 132640
000431616 57440
000431617 60944
000431618 65760
000431619 62896
000431620 120464
000431621 64000
000431622 52480
000431623 117280
000431624 137440
000431625 59040
000431626 107680
000431627 67360
000431628 75840
000431629 104640
000431630 141488
000431631 74720
000431632 94400
000431633 70288
000431634 69280
000431635 65600
000431636 60960
000431637 140480
000431638 93440
000431639 79040
000431640 145120
000431641 102240
000431642 48160
000431643 136000
000431644 51360
000431645 115360
000431646 140960
000431647 163680
000431648 104320
000431649 91040
000431650 45920
000431652 134560
000431653 39680
000431654 105760
000431655 66400
000431656 51680
000431657 81760
000431658 66560
000431659 86560
000431660 127680
000431661 82240
000431662 63008
000431663 58240
000431664 110464
000431665 67520
000431666 59040
000431667 88320
000431668 179840
000431669 99520
000431670 117760
000431671 97280
000431672 123200
000431673 82240
000431674 86112
000431675 154080
000431676 66560
000431677 69920
000431678 66240
000431679 101440
000431680 42400
000431681 102336
000431682 51520
000431683 96336
000431684 145120
000431685 144960
000431686 78080
000431687 72000
000431688 51664
000431689 59392
000431690 104960
000431691 108320
000431692 66080
000431693 89120
000431694 113120
000431695 80800
000431696 102080
000431697 77440
000431698 92480
000431699 33280
000431700 115360
000431701 98304
000431702 138720
000431703 53600
000431704 61664
000431705 84800
000431706 108160
000431707 85984
000431708 76480
000431709 131680
000431710 101120
000431711 93920
000431712 66720
000431713 34720
000431714 53920
000431715 90208
000431716 115840
000431717 48000
000431718 67520
000431719 140960
000431720 74880
000431721 100320
000431722 49920
000431723 93120
000431724 128160
000431725 40720
000431726 65263
000431727 68800
000431728 73760
000431729 72320
000431730 61120
000431731 129280
000431732 53120
000431733 46560
000431734 130400
000431735 155040
000431736 59520
000431737 61968
000431738 108752
000431739 45600
000431740 67360
000431741 50720
000431742 85728
000431743 74880
000431744 116320
000431745 105280
000431746 105120
000431747 92000
000431748 36400
000431749 79200
000431750 78688
000431751 58592
000431752 52400
000431753 100480
000431754 75680
000431755 68000
000431756 73120
000431757 116160
000431758 116960
000431759 124160
000431760 65424
000431761 97344
000431762 64319
000431763 80320
000431764 158400
000431765 65056
000431766 66080
000431767 45440
000431768 36064
000431769 104160
000431770 91200
000431771 60320
000431772 125920
000431773 86560
000431774 41280
000431775 84320
000431776 76320
000431777 57936
000431778 55600
000431779 107680
000431780 93600
000431781 42112
000431782 102704
000431783 87456
000431784 108800
000431785 36992
000431786 98080
000431787 55392
000431788 40640
000431789 100960
000431790 95040
000431791 87360
000431792 101120
000431793 72480
000431794 50240
000431795 73280
000431797 41760
000431798 81440
000431799 73760
000431800 47856
000440001 62240
000440002 145600
000440003 65600
000440004 86688
000440005 101728
000440006 68720
000440007 84000
000440008 76960
000440009 60320
000440011 56688
000440012 102240
000440013 78240
000440014 113920
000440015 94864
000440016 139360
000440017 63744
000440018 80800
000440019 111904
000440020 82096
000440021 34912
000440022 46944
000440023 53456
000440024 46848
000440025 72960
000440026 42032
000440027 43344
000440028 36832
000440029 49824
000440030 47760
000440031 64959
000440032 50080
000440033 69056
000440034 80320
000440035 32752
000440036 44688
000440037 61600
000440038 44800
000440039 45760
000440040 57968
000440041 24992
000440042 30144
000440043 43744
000440044 37840
000440045 32912
000440046 34096
000440047 36000
000440048 59280
000440049 40416
000440050 42656
000440052 57440
000440053 30560
000440054 30896
000440055 41744
000440056 50144
000440057 56800
000440058 49456
000440059 45936
000440060 54752
000440061 47216
000440062 44256
000440063 62080
000440064 46560
000440065 44160
000440066 42416
000440067 40160
000440068 60080
000440069 49696
000440070 48160
000440071 40560
000440072 51360
000440073 48640
000440074 55584
000440075 42080
000440076 82400
000440077 39808
000440078 66720
000440079 51408
000440080 33392
000440081 42720
000440082 68368
000440083 48512
000440084 47328
000440085 52000
000440086 55008
000440087 63472
000440088 46528
000440089 80320
000440090 56160
000440091 59840
000440092 80480
000440093 58720
000440094 45872
000440095 50720
000440096 56800
000440097 48160
000440098 62080
000440099 49856
000440100 59520
000440101 100480
000440102 101136
000440103 64959
000440104 79840
000440105 38720
000440107 75360
000440108 100992
000440109 60128
000440110 35808
000440111 84320
000440113 96640
000440114 97760
000440115 95520
000440116 55200
000440117 63840
000440118 51952
000440119 120640
000440120 26528
000440121 66720
000440122 88640
000440123 48112
000440124 53104
000440125 31200
000440126 97920
000440127 42160
000440128 52416
000440129 95840
000440130 41328
000440131 37264
000440132 60416
000440133 98720
000440134 64495
000440136 67696
000440137 46720
000440138 60464
000440139 28944
000440140 61920
000440141 49424
000440142 79360
000440143 55360
000440144 51040
000440145 94912
000440146 124720
000440147 124688
000440148 34400
000440149 91296
000440150 33680
000440151 28064
000440152 57440
000440153 41760
000440154 73200
000440155 114608
000440156 64160
000440157 76960
000440158 53984
000440159 90080
000440160 45280
000440161 56176
000440162 69440
000440163 67200
000440164 80480
000440165 50880
000440167 67840
000440168 104640
000440169 58896
000440170 32912
000440171 68672
000440172 92000
000440173 52752
000440175 106720
000440176 100320
000440177 40320
000440178 48384
000440179 46320
000440180 59472
000440181 71120
000440182 76320
000440183 51680
000440184 69280
000440185 99008
000440186 72320
000440187 54064
000440188 57440
000440189 52480
000440190 78624
000440191 60784
000440192 73616
000440193 90944
000440194 97008
000440195 37616
000440196 42224
000440197 43040
000440198 54080
000440199 41728
000440201 74880
000440202 45280
000440203 112096
000440204 40960
000440205 42480
000440206 54800
000440207 32944
000440208 66800
000440209 74288
000440210 74080
000440211 111520
000440212 48864
000440213 41040
000440214 64720
000440215 73760
000440216 46304
000440217 39520
000440218 33104
000440219 66320
000440220 67632
000440221 51456
000440222 111680
000440223 93920
000440224 45712
000440225 58032
000440226 59104
000440227 65600
000440228 108160
000440229 123712
000440230 104160
000440231 85600
000440232 94880
000440233 51536
000440235 52320
000440236 60240
000440237 63664
000440238 50080
000440239 65312
000440240 57008
000440241 43104
000440242 87040
000440243 80160
000440244 61648
000440245 53040
000440246 40144
000440247 56560
000440248 58880
000440249 103952
000440250 37968
000440251 131200
000440252 78736
000440253 50080
000440254 72912
000440255 45984
000440256 87936
000440257 78512
000440258 139184
000440259 92704
000440260 76976
000440261 85888
000440263 72352
000440264 72688
000440265 116512
000440266 32256
000440267 106512
000440268 34496
000440269 44224
000440270 82000
000440271 36432
000440272 98880
000440273 79840
000440274 85760
000440275 45120
000440276 80448
000440277 69824
000440278 57280
000440280 46384
000440281 115568
000440282 71488
000440283 48624
000440284 51520
000440285 46192
000440286 66800
000440287 81456
000440288 61520
000440289 59040
000440290 81440
000440292 47312
000440293 50592
000440294 75232
000440295 131664
000440296 70752
000440297 101696
000440298 62320
000440299 68960
000440300 74080
000440301 64000
000440302 141760
000440303 60784
000440304 71520
000440305 42816
000440306 52640
000440307 67200
000440308 61792
000440309 89440
000440310 60960
000440311 86560
000440312 50256
000440313 51440
000440314 82560
000440315 41936
000440316 83680
000440317 81440
000440318 46912
000440319 102704
000440320 80224
000440321 34976
000440322 74208
000440323 46560
000440324 63472
000440325 65440
000440326 58800
000440327 82912
000440328 35440
000440329 47232
000440330 45072
000440331 60304
000440332 90560
000440333 89744
000440334 101120
000440335 69920
000440336 66352
000440337 108960
000440339 125952
000440340 93840
000440341 63824
000440342 36544
000440343 72640
000440344 107568
000440345 74496
000440346 56368
000440347 63680
000440348 35584
000440349 126720
000440350 86400
000440351 97440
000440352 55840
000440353 58864
000440354 49680
000440355 119680
000440356 34400
000440357 79840
000440358 64512
000440359 39408
000440360 68000
000440361 61264
000440362 35024
000440363 68736
000440364 107248
000440367 34944
000440368 83968
000440369 64144
000440370 73280
000440371 102144
000440372 54080
000440373 42464
000440374 60800
000440375 124320
000440376 65120
000440377 91376
000440378 86400
000440379 68512
000440380 58000
000440381 31312
000440382 72000
000440383 49296
000440384 57536
000440385 142080
000440386 68320
000440387 89280
000440388 91024
000440389 42192
000440390 117696
000440391 71408
000440393 74080
000440394 79040
000440395 49008
000440396 83920
000440397 57760
000440398 74416
000440399 80960
000440400 65424
000441401 63728
000441402 63600
000441404 69504
000441407 51184
000441408 54736
000441409 38144
000441416 53120
000441417 90080
000441418 48640
000441420 36464
000441422 49760
000441423 39104
000441424 45600
000441425 52320
000441426 50288
000441427 65519
000441429 34128
000441431 55856
000441435 48320
000441437 39408
000441438 47840
000441439 68160
000441440 32415
000441443 75360
000441446 74288
000441447 51872
000441448 45280
000441449 41120
000441451 54432
000441452 68176
000441453 64831
000441454 33680
000441456 61088
000441457 55312
000441458 71776
000441460 61712
000441461 54048
000441462 48368
000441463 61280
000441464 59200
000441465 48000
000441466 56128
000441467 45280
000441469 48864
000441470 56160
000441471 44688
000441472 53312
000441473 41472
000441474 40960
000441475 56944
000441476 68160
000441477 55072
000441478 43520
000441479 54224
000441480 90880
000441481 49280
000441482 49120
000441483 54304
000441484 43200
000441485 47360
000441488 37760
000441489 82240
000441490 46368
000441491 40704
000441492 49920
000441493 40304
000441494 45056
000441496 49360
000441497 43472
000441498 52480
000441499 56480
000441500 51840
000441501 40320
000441502 94176
000441503 56480
000441504 65280
000441505 78560
000441506 75904
000441507 73120
000441508 144992
000441509 113280
000441510 97664
000441511 76656
000441512 60960
000441513 43200
000441514 91840
000441515 78672
000441516 71120
000441517 55984
000441518 75040
000441519 94800
000441520 77600
000441521 39360
000441522 83568
000441525 85024
000441527 50880
000441528 93264
000441529 40000
000441531 92320
000441532 118080
000441533 106400
000441534 62848
000441535 48704
000441536 39120
000441537 75664
000441538 53728
000441539 98064
000441540 55360
000441542 77360
000441543 53056
000441544 67104
000441545 28592
000441546 120000
000441547 32000
000441549 43200
000441550 73600
000441551 34400
000441552 62816
000441553 34784
000441554 73280
000441556 80800
000441558 42704
000441559 79360
000441561 90768
000441562 81040
000441566 87200
000441567 83520
000441568 85296
000441569 43952
000441570 102880
000441571 58560
000441572 52816
000441573 99360
000441575 35056
000441576 101440
000441577 96048
000441578 45936
000441579 71296
000441580 108640
000441582 81808
000441584 84784
000441585 86864
000441586 100480
000441588 98640
000441589 52960
000441590 99376
000441591 97744
000441593 65728
000441594 91040
000441595 56480
000441596 77392
000441599 67424
000441600 52560
000441601 84640
000441602 69760
000441604 95040
000441605 79840
000441606 65232
000441608 29264
000441609 31776
000441610 122080
000441611 61440
000441612 123040
000441614 51232
000441616 59680
000441617 55392
000441619 37136
000441620 103200
000441621 56848
000441622 57424
000441623 103776
000441624 46720
000441625 67360
000441626 64672
000441628 86400
000441629 66992
000441630 95200
000441631 56416
000441632 99776
000441633 71232
000441634 39472
000441635 67792
000441636 31600
000441637 79840
000441638 48640
000441639 46672
000441640 61920
000441641 100960
000441642 79168
000441644 54128
000441645 73312
000441646 44960
000441648 69360
000441649 37616
000441650 48608
000441651 46400
000441652 77312
000441653 57360
000441654 141552
000441655 72640
000441657 51200
000441658 57744
000441659 75360
000441661 41280
000441662 75040
000441663 103088
000441666 44624
000441667 90736
000441668 49504
000441670 76960
000441671 56800
000441673 39264
000441674 91184
000441676 80320
000441677 61408
000441678 55232
000441679 75520
000441680 31040
000441681 90080
000441682 68976
000441683 44096
000441684 131360
000441686 78272
000441687 54256
000441688 29888
000441689 88640
000441690 93488
000441692 62560
000441694 102400
000441695 52064
000441697 36528
000441700 152448
000441701 51040
000441702 137168
000441703 120592
000441704 92960
000441705 46080
000441706 36384
000441707 74048
000441708 78304
000441709 35872
000441713 29136
000441714 26992
000441715 98720
000441716 90064
000441717 63680
000441719 113920
000441720 65391
000441721 33408
000441723 76784
000441724 30224
000441725 99200
000441726 95744
000441728 112000
000441730 59040
000441731 53920
000441732 116640
000441733 65632
000441734 77600
000441735 182720
000441736 65280
000441737 49600
000441738 76736
000441739 69952
000441740 43520
000441741 47680
000441742 62240
000441743 31840
000441744 59200
000441745 105280
000441747 30880
000441748 61120
000441749 67680
000441750 127840
000441751 46080
000441755 107840
000441758 84160
000441759 69120
000441760 63200
000441761 60496
000441762 40960
000441763 114784
000441767 45280
000441768 49440
000441770 56000
000441771 43840
000441773 62880
000441774 95920
000441775 71328
000441776 55520
000441778 59520
000441779 81584
000441781 51520
000441784 36480
000441785 106368
000441786 65760
000441788 49424
000441789 69440
000441790 77600
000441791 34608
000441792 52960
000441793 73552
000441794 110864
000441795 42256
000441796 49280
000441797 102560
000441798 154320
000441799 100800
000441800 81008
000450001 57248
000450002 144320
000450003 90560
000450005 144400
000450006 81920
000450007 100400
000450009 72224
000450010 88640
000450011 64096
000450012 116640
000450013 79392
000450014 117440
000450015 100624
000450016 145248
000450017 79840
000450019 131520
000450020 70240
000450021 49360
000450023 68256
000450024 56784
000450025 72992
000450026 51040
000450027 52960
000450028 46336
000450029 60000
000450030 62480
000450031 62240
000450032 62160
000450033 72752
000450034 81920
000450036 53728
000450037 76320
000450038 55200
000450039 54720
000450040 58240
000450041 31040
000450042 35456
000450043 47680
000450044 45760
000450045 38432
000450048 71840
000450050 47424
000450054 35344
000450056 59648
000450057 60160
000450058 49712
000450059 46240
000450060 53232
000450061 51680
000450062 47840
000450063 67008
000450064 50880
000450065 50816
000450067 46560
000450068 59056
000450069 53504
000450070 53088
000450072 59280
000450073 59232
000450074 58960
000450075 50560
000450076 79200
000450077 47808
000450079 52480
000450081 45760
000450082 68624
000450083 53456
000450084 56832
000450085 50080
000450086 63200
000450087 55440
000450088 58560
000450089 88960
000450090 64063
000450091 66016
000450093 63840
000450094 54560
000450095 59360
000450096 62720
000450097 56640
000450098 77776
000450099 60976
000450100 59696
000450101 113312
000450102 50832
000450103 36224
000450105 60192
000450106 90864
000450107 54080
000450109 82208
000450110 82160
000450111 48752
000450112 77584
000450116 39744
000450117 37600
000450119 68144
000450120 70784
000450121 78400
000450122 36960
000450123 80912
000450124 89600
000450126 52496
000450128 93488
000450129 91008
000450130 52064
000450131 93600
000450132 36592
000450133 69888
000450134 63536
000450136 69120
000450137 58672
000450138 76800
000450140 56640
000450141 100912
000450142 82240
000450143 92944
000450144 62112
000450145 88960
000450146 86224
000450147 60288
000450148 65856
000450149 93040
000450150 79696
000450151 63168
000450152 65920
000450153 50960
000450154 79840
000450156 55264
000450157 58912
000450158 92800
000450160 49440
000450161 71760
000450162 59936
000450163 49600
000450164 68160
000450165 64784
000450166 72784
000450167 80640
000450168 57904
000450169 83024
000450170 32848
000450171 87632
000450172 75936
000450173 48320
000450174 44896
000450175 77776
000450176 44976
000450177 79392
000450178 70496
000450179 82080
000450181 91040
000450182 75520
000450183 51632
000450184 89328
000450185 67408
000450186 56144
000450187 54144
000450188 72160
000450189 67104
000450192 53600
000450193 100176
000450194 76800
000450196 94256
000450197 92960
000450198 70352
000450199 73280
000450200 73504
000450201 38560
000450202 44352
000450203 61120
000450204 51360
000450206 94912
000450207 76736
000450208 44320
000450209 63920
000450211 101920
000450212 54240
000450213 36352
000450214 95104
000450215 58784
000450216 40480
000450217 102560
000450218 58336
000450219 81248
000450220 62720
000450221 83520
000450222 77920
000450223 70880
000450224 41312
000450225 87104
000450226 75664
000450227 53696
000450228 49552
000450229 72000
000450230 55264
000450231 83072
000450232 61440
000450233 44240
000450234 66368
000450235 41408
000450237 70368
000450240 91696
000450241 73440
000450242 74000
000450243 36912
000450244 76336
000450247 64495
000450248 58560
000450249 51920
000450250 60368
000450251 50912
000450254 59552
000450255 47680
000450256 72000
000450257 35248
000450258 60544
000450259 102352
000450260 48432
000450262 73792
000450263 90048
000450265 85440
000450266 54976
000450267 38304
000450268 85936
000450269 64768
000450270 42768
000450273 77712
000450275 65424
000450276 103856
000450277 33744
000450278 76320
000450279 45312
000450280 81280
000450281 61136
000450283 67440
000450284 56512
000450285 95904
000450286 102608
000450288 66592
000450289 79184
000450291 61280
000450292 75264
000450293 59120
000450294 68624
000450299 62736
000450301 39968
000450302 91360
000450303 50224
000450309 69840
000450311 97088
000450312 57504
000450313 58608
000450314 43536
000450315 60864
000450316 95168
000450317 81584
000450318 90368
000450319 43584
000450322 71360
000450324 69728
000450326 61552
000450327 42832
000450328 107360
000450329 54064
000450330 51168
000450331 44080
000450332 69504
000450333 65440
000450334 41360
000450335 62496
000450337 73744
000450338 75104
000450339 63424
000450340 50096
000450341 63280
000450342 47072
000450343 69936
000450344 61200
000450345 130431
000450346 60064
000450347 69040
000450348 62896
000450349 59280
000450350 81232
000450352 87088
000450353 81632
000450354 67744
000450356 52736
000450357 58384
000450359 63136
000450360 73568
000450361 77600
000450362 62144
000450363 77888
000450364 77056
000450365 94960
000450367 71728
000450368 54800
000450369 78448
000450370 73152
000450371 94416
000450372 66912
000450373 42064
000450374 43024
000450375 64288
000450376 51216
000450377 101968
000450378 35536
000450379 56080
000450380 87104
000450381 77488
000450382 54128
000450383 54800
000450385 68960
000450386 84992
000450387 36672
000450388 54688
000450389 49472
000450392 55744
000450394 99744
000450395 87680
000450396 69072
000450397 84272
000450398 41440
000450399 50624
000451401 49328
000451402 55984
000451403 46560
000451404 57920
000451405 46720
000451406 44624
000451407 45104
000451408 48784
000451411 59136
000451412 57280
000451413 31792
000451414 65936
000451415 55888
000451416 50688
000451418 48224
000451422 40288
000451423 39456
000451424 45872
000451425 43504
000451428 39200
000451429 38544
000451430 51200
000451433 56752
000451434 49632
000451435 43728
000451436 49104
000451438 44288
000451439 74912
000451441 55920
000451443 50592
000451444 59232
000451445 42320
000451447 43184
000451448 39552
000451449 45936
000451450 50608
000451451 52240
000451452 64575
000451453 56464
000451454 34176
000451457 51008
000451458 58624
000451459 40592
000451460 47280
000451463 56320
000451464 45536
000451465 43088
000451466 48480
000451467 41472
000451470 45600
000451471 40880
000451473 36064
000451474 40512
000451475 48176
000451476 46512
000451478 42048
000451479 46624
000451480 63312
000451482 48800
000451483 42400
000451485 48800
000451487 53584
000451488 42288
000451489 59264
000451490 40144
000451491 39984
000451492 48480
000451493 39504
000451494 46896
000451495 45728
000451496 49200
000451498 47232
000451499 48240
000451500 51648
000451501 82560
000451502 69744
000451503 73008
000451504 80320
000451505 49440
000451506 83728
000451507 76048
000451508 47728
000451509 50640
000451510 53248
000451511 56704
000451512 41776
000451513 33872
000451514 88720
000451515 99568
000451517 50144
000451518 55488
000451519 67264
000451520 52064
000451521 85344
000451522 70080
000451523 91360
000451524 99872
000451525 59536
000451526 48800
000451527 92576
000451530 46576
000451531 66352
000451532 61504
000451533 50608
000451534 116896
000451535 42896
000451536 66080
000451537 63344
000451538 48912
000451539 76368
000451540 112144
000451541 65984
000451542 89792
000451543 43392
000451544 47520
000451545 65408
000451546 73008
000451547 85296
000451548 47296
000451549 56560
000451550 72928
000451551 95216
000451552 104704
000451553 42704
000451554 56960
000451555 47552
000451557 74656
000451558 65712
000451560 55824
000451561 91776
000451562 68144
000451563 40640
000451564 43536
000451565 57952
000451567 42784
000451568 77392
000451569 60928
000451570 84256
000451571 79600
000451572 40240
000451573 59424
000451574 59056
000451575 74976
000451578 38320
000451579 46064
000451581 35616
000451582 53760
000451583 71568
000451584 73360
000451585 42624
000451586 83216
000451588 56000
000451590 57664
000451591 41344
000451592 93808
000451593 81280
000451594 92256
000451595 38048
000451596 68720
000451597 71408
000451598 43504
000451599 73872
000451600 48496
000451601 43792
000451602 51872
000451604 64032
000451605 72944
000451607 70352
000451609 59856
000451610 65952
000451613 44048
000451614 61920
000451615 42896
000451616 72544
000451617 50704
000451618 63824
000451619 50656
000451620 102976
000451621 75440
000451622 70176
000451623 57328
000451626 56848
000451627 82608
000451628 84128
000451629 37552
000451630 62064
000451631 70816
000451632 50720
000451633 67440
000451636 56352
000451637 77408
000451639 84672
000451640 71424
000451641 81888
000451642 45264
000451644 50544
000451645 58672
000451646 65504
000451647 58880
000451648 66080
000451649 52592
000451650 83552
000451651 108480
000451652 94288
000451653 42416
000451654 43648
000451656 68160
000451657 36432
000451658 60832
000451659 36720
000451661 60720
000451662 86880
000451663 78768
000451664 46544
000451665 83248
000451667 81920
000451668 84064
000451670 67008
000451671 33248
000451672 43968
000451674 54256
000451675 44384
000451676 28960
000451678 70752
000451679 83632
000451680 35456
000451681 89200
000451682 67136
000451683 45120
000451684 41328
000451685 61728
000451686 69536
000451687 44032
000451688 65120
000451690 64160
000451691 70240
000451692 55760
000451694 40944
000451695 85920
000451696 48096
000451697 39808
000451698 49792
000451699 54544
000451700 67856
000451701 73760
000451703 82096
000451704 66256
000451705 54016
000451707 50240
000451708 64447
000451709 38656
000451710 45616
000451712 74704
000451713 74528
000451716 70112
000451717 43552
000451720 71168
000451722 35264
000451728 46432
000451729 31056
000451731 32400
000451732 61680
000451733 72464
000451734 52608
000451739 58608
000451742 54528
000451744 62736
000451747 37056
000451749 55824
000451752 47744
000451755 35680
000451757 62528
000451767 66560
000451771 57504
000451772 42208
000451781 55808
000451789 39536
000451792 35648
000451796 51536
000451798 48000
000451799 46528
000460001 72480
000460002 173040
000460003 97600
000460004 129600
000460005 187840
000460006 101920
000460007 124960
000460008 102560
000460009 89760
000460010 108480
000460011 83040
000460012 133120
000460013 106400
000460014 165920
000460015 119200
000460016 169280
000460017 94720
000460018 107936
000460019 155200
000460020 93920
000460021 56480
000460022 71504
000460024 90688
000460025 109920
000460026 70240
000460027 68960
000460028 56000
000460029 74096
000460030 83040
000460031 87680
000460032 79520
000460033 96320
000460034 112480
000460036 65440
000460037 96800
000460038 62544
000460039 71520
000460040 78672
000460041 37760
000460042 43568
000460043 77280
000460044 51872
000460045 53440
000460046 53456
000460048 96320
000460049 59200
000460050 64959
000460052 90240
000460053 46352
000460054 44000
000460055 60400
000460056 80704
000460057 92960
000460058 74880
000460059 72800
000460060 75040
000460061 75616
000460062 62048
000460063 95680
000460064 72480
000460065 69120
000460066 65600
000460067 65760
000460068 90080
000460069 82768
000460070 74400
000460071 70240
000460072 80320
000460073 76960
000460074 91040
000460075 69040
000460076 121040
000460077 63680
000460078 100224
000460079 74080
000460080 51312
000460081 69280
000460082 103520
000460083 88992
000460084 79360
000460085 70880
000460086 75840
000460087 88160
000460088 86864
000460089 115680
000460090 81984
000460091 98720
000460092 130720
000460093 83840
000460094 70240
000460095 77280
000460096 79680
000460097 77920
000460098 109600
000460099 77648
000460100 85600
000460101 76928
000460102 75200
000460103 63680
000460104 144640
000460105 116320
000460106 84320
000460107 57584
000460108 124800
000460109 75680
000460110 152800
000460111 121120
000460112 71680
000460113 119200
000460114 121600
000460115 138240
000460116 85600
000460117 99520
000460118 56800
000460119 61760
000460120 99520
000460121 99424
000460122 63200
000460123 58560
000460124 142464
000460125 136800
000460126 58880
000460127 67888
000460128 114064
000460129 85760
000460130 138496
000460131 124480
000460132 93408
000460133 143200
000460134 49600
000460135 139520
000460136 143504
000460137 137760
000460138 128320
000460139 140304
000460140 101552
000460142 58240
000460144 54240
000460146 73040
000460147 96688
000460148 81440
000460150 121376
000460151 134224
000460152 63072
000460153 98560
000460154 96288
000460155 142112
000460156 95360
000460157 118080
000460158 89968
000460159 119040
000460160 108320
000460161 101072
000460162 143680
000460163 66720
000460164 79360
000460165 69760
000460166 63200
000460167 46080
000460168 94720
000460169 49280
000460170 117088
000460171 107680
000460172 155200
000460173 118688
000460174 56624
000460175 104960
000460176 78448
000460177 93760
000460178 59840
000460179 62400
000460180 125104
000460181 118400
000460182 121600
000460183 61856
000460184 160320
000460185 64736
000460186 141760
000460187 88000
000460188 139840
000460189 91616
000460190 82672
000460191 162240
000460192 80320
000460193 80480
000460194 89280
000460195 113120
000460196 62400
000460197 61120
000460198 90240
000460199 210560
000460200 133920
000460202 76000
000460203 121264
000460204 83360
000460205 86080
000460206 103680
000460208 63040
000460209 71840
000460210 79072
000460211 52384
000460212 108176
000460213 102080
000460214 77008
000460215 122240
000460216 76848
000460218 186064
000460219 74080
000460220 138240
000460221 102880
000460222 98880
000460223 120320
000460224 173600
000460225 65519
000460226 59200
000460227 79024
000460228 135920
000460229 111040
000460230 102560
000460231 81440
000460232 73312
000460233 63680
000460234 126560
000460235 56384
000460236 128160
000460237 44416
000460238 164640
000460239 71680
000460240 114240
000460241 80480
000460242 74544
000460243 65280
000460244 76656
000460245 74400
000460246 116000
000460247 76960
000460248 92064
000460249 190720
000460250 102880
000460251 57280
000460252 74512
000460253 67296
000460254 113136
000460255 165600
000460256 73440
000460257 125280
000460258 73840
000460259 52048
000460260 55408
000460261 87232
000460262 71984
000460263 76000
000460264 47360
000460265 99936
000460266 205920
000460267 65280
000460268 61760
000460269 151200
000460270 158992
000460271 95568
000460272 62720
000460273 44656
000460274 96000
000460275 44480
000460276 55888
000460277 83680
000460278 113120
000460279 73280
000460280 64239
000460281 103200
000460282 130560
000460283 75680
000460284 94720
000460285 178880
000460286 81232
000460287 125120
000460288 140464
000460289 87920
000460290 81728
000460291 101776
000460292 44912
000460293 222080
000460294 137616
000460295 120960
000460296 79520
000460297 86080
000460298 79568
000460299 59200
000460300 127840
000460301 102240
000460302 127392
000460303 40640
000460304 91424
000460305 86880
000460306 92800
000460307 91328
000460308 56384
000460309 99840
000460310 85392
000460311 117280
000460312 105920
000460313 177440
000460314 139360
000460315 136960
000460316 77744
000460317 153280
000460318 64080
000460319 94720
000460320 121600
000460321 93744
000460322 72160
000460323 101920
000460324 50240
000460325 99360
000460326 134720
000460327 108000
000460328 108800
000460329 57280
000460330 73280
000460331 75808
000460332 64256
000460333 55968
000460334 105920
000460335 49920
000460336 90832
000460337 107680
000460338 112960
000460339 51040
000460340 106880
000460341 77280
000460342 48016
000460343 157104
000460344 61120
000460345 60000
000460346 65616
000460347 114240
000460348 109280
000460349 87040
000460350 65792
000460351 55360
000460352 87680
000460353 92640
000460354 57600
000460355 59200
000460356 93760
000460357 142864
000460358 104384
000460359 67520
000460360 131200
000460361 122992
000460362 44784
000460363 98560
000460364 49280
000460365 125120
000460366 44512
000460367 166400
000460368 93600
000460369 83264
000460370 106192
000460371 99040
000460372 68800
000460373 110880
000460374 128687
000460375 75968
000460376 71200
000460377 134608
000460378 116480
000460379 62720
000460380 83824
000460381 72960
000460382 177120
000460383 85760
000460384 129919
000460385 101776
000460386 120640
000460387 99360
000460388 170240
000460389 122560
000460390 113280
000460391 101376
000460392 77856
000460393 65408
000460394 66992
000460395 83520
000460396 133968
000460397 58880
000460398 119040
000460399 57920
000460400 57312
000461401 68736
000461402 88960
000461403 82432
000461404 85280
000461405 71680
000461406 58720
000461407 67840
000461408 78720
000461409 51280
000461410 68928
000461411 83680
000461412 82240
000461413 43840
000461414 91360
000461415 60288
000461416 76000
000461418 70560
000461419 66368
000461421 43120
000461422 51520
000461423 49856
000461424 66080
000461425 57280
000461427 85984
000461428 57600
000461429 52208
000461430 69920
000461431 49440
000461432 78880
000461433 80960
000461434 61920
000461435 59360
000461436 68480
000461437 50192
000461438 60960
000461439 94080
000461440 44016
000461441 65760
000461442 72000
000461443 74592
000461444 97280
000461445 61280
000461446 83040
000461447 65408
000461448 64319
000461449 66560
000461450 77120
000461451 77600
000461452 87520
000461453 75520
000461454 44608
000461456 74512
000461457 70368
000461458 84800
000461459 55344
000461460 59520
000461461 69312
000461463 86560
000461464 68640
000461465 60000
000461466 71328
000461467 60320
000461468 64879
000461469 75888
000461470 70400
000461471 60112
000461472 76640
000461473 53920
000461474 55200
000461475 71680
000461476 65920
000461477 70240
000461478 55360
000461479 68000
000461480 95360
000461481 59504
000461482 62880
000461483 57120
000461485 62400
000461486 64224
000461487 75040
000461488 56160
000461489 89920
000461490 52960
000461491 56800
000461492 62896
000461493 57824
000461494 56640
000461495 58880
000461496 64000
000461497 59200
000461498 59808
000461499 60096
000461500 73600
000461501 91040
000461502 95920
000461503 111520
000461504 104480
000461506 60800
000461507 75040
000461508 61280
000461509 102816
000461510 83360
000461512 135200
000461513 126544
000461514 57600
000461515 71008
000461516 108640
000461517 102080
000461518 74080
000461519 72320
000461521 73344
000461523 66256
000461524 104960
000461525 101600
000461526 68000
000461527 87936
000461528 122240
000461529 117120
000461530 71040
000461531 94560
000461532 71200
000461533 130304
000461534 110560
000461535 88064
000461536 58768
000461537 128639
000461539 95984
000461540 133440
000461541 111040
000461542 77440
000461543 58400
000461544 51856
000461545 106448
000461546 63360
000461548 49680
000461549 56384
000461550 66944
000461551 109760
000461552 151040
000461553 61904
000461554 139040
000461555 51360
000461556 65104
000461557 90240
000461558 52000
000461559 38560
000461560 80160
000461561 77680
000461562 91568
000461563 108320
000461564 112800
000461565 72320
000461566 58512
000461567 54080
000461568 44320
000461569 77664
000461570 103200
000461571 95296
000461572 79344
000461573 88960
000461574 74720
000461575 100320
000461576 50272
000461577 73888
000461578 121744
000461579 69280
000461580 92000
000461581 112480
000461582 52336
000461583 91040
000461584 87200
000461585 136752
000461586 49536
000461587 95840
000461588 64000
000461589 136512
000461590 131039
000461591 104688
000461592 84496
000461593 67520
000461594 71520
000461595 129584
000461596 118400
000461597 115200
000461598 115520
000461599 77408
000461600 96800
000461601 130400
000461602 86400
000461603 106704
000461604 145600
000461605 110016
000461606 64640
000461607 98560
000461609 139520
000461610 63840
000461611 65120
000461612 46400
000461613 118880
000461614 109120
000461615 69440
000461616 68160
000461617 97920
000461618 95840
000461619 120480
000461620 76160
000461621 73280
000461622 105280
000461623 103040
000461624 67664
000461625 121440
000461626 79680
000461627 98720
000461628 88656
000461629 122880
000461630 102624
000461631 62400
000461632 50656
000461633 47200
000461634 74080
000461635 66400
000461636 111680
000461637 121120
000461638 110400
000461639 44656
000461640 84880
000461641 73760
000461642 89120
000461643 98512
000461644 102720
000461645 65440
000461646 90400
000461647 116000
000461648 74928
000461649 124208
000461651 144000
000461652 74368
000461653 78944
000461654 73920
000461655 104800
000461656 87040
000461658 43376
000461659 71200
000461661 137616
000461662 74400
000461666 98400
000461667 87600
000461668 68320
000461669 130400
000461670 53600
000461671 61152
000461672 97600
000461673 106560
000461674 67520
000461675 62880
000461676 78640
000461677 93920
000461678 125600
000461679 70880
000461680 48944
000461681 44000
000461682 48320
000461683 117600
000461684 69760
000461685 94080
000461686 50096
000461687 78400
000461688 59872
000461689 59520
000461690 88320
000461691 69760
000461692 148000
000461693 59280
000461694 52640
000461695 75360
000461696 117440
000461697 57600
000461698 59360
000461699 109600
000461700 70960
000461701 93280
000461702 51456
000461703 86560
000461704 126080
000461705 84480
000461706 76640
000461707 65552
000461708 86240
000461709 78560
000461710 38880
000461711 44480
000461712 68160
000461713 127200
000461714 80000
000461715 150720
000461716 98400
000461717 87200
000461718 81968
000461719 72000
000461720 56640
000461721 99040
000461722 122080
000461723 98240
000461724 98720
000461725 85328
000461726 79872
000461727 94080
000461728 143520
000461729 90704
000461730 50240
000461731 109280
000461732 100480
000461733 74080
000461734 64319
000461735 58560
000461736 55360
000461737 72960
000461738 101440
000461739 75680
000461740 53584
000461741 90240
000461742 114720
000461743 111040
000461744 73920
000461745 50560
000461746 122608
000461747 120960
000461748 78880
000461749 60960
000461750 92128
000461751 91360
000461752 127200
000461753 88480
000461754 69760
000461755 37440
000461756 93440
000461757 66240
000461758 66192
000461759 75200
000461760 100480
000461761 96624
000461763 104480
000461764 61712
000461765 41104
000461766 87200
000461767 73280
000461768 99552
000461769 89600
000461770 79360
000461771 106720
000461772 65280
000461773 114400
000461774 60560
000461775 88320
000461776 105888
000461777 106592
000461778 52752
000461779 122880
000461780 105280
000461781 97920
000461782 84160
000461783 96800
000461784 108000
000461785 51840
000461786 76800
000461787 55840
000461788 82080
000461789 44256
000461791 43360
000461792 109120
000461793 141760
000461794 71840
000461795 84960
000461796 74560
000461797 105280
000461798 85280
000461799 68000
000470001 55904
000470002 137440
000470003 94560
000470004 109200
000470005 124000
000470006 77120
000470007 86240
000470011 68656
000470016 149920
000470017 91520
000470018 97776
000470019 160960
000470021 51200
000470024 65584
000470028 52736
000470029 64768
000470030 70080
000470031 68960
000470033 80112
000470036 55616
000470038 65120
000470039 57120
000470040 64319
000470043 58192
000470045 50288
000470046 47840
000470048 80800
000470049 50224
000470052 66080
000470053 39200
000470055 62672
000470056 74400
000470057 74720
000470059 57280
000470061 57920
000470062 56272
000470063 77056
000470068 81728
000470069 59568
000470072 61120
000470074 84832
000470076 109120
000470081 56496
000470082 83776
000470083 60800
000470085 68800
000470087 65440
000470088 77440
000470089 92960
000470091 72800
000470093 69600
000470094 61760
000470095 78560
000470097 62720
000470098 87200
000470099 68112
000470100 71520
000470101 57024
000470102 53520
000470103 55072
000470104 104320
000470105 76320
000470106 71456
000470107 120800
000470108 90400
000470109 87360
000470110 97760
000470114 90560
000470115 93616
000470116 75808
000470117 63520
000470119 62560
000470123 62800
000470125 94240
000470126 113280
000470127 53120
000470128 107904
000470129 80768
000470130 68240
000470131 93344
000470132 71264
000470133 66528
000470139 104800
000470140 123520
000470141 88320
000470142 84480
000470143 45408
000470144 63152
000470145 40688
000470146 89760
000470147 53280
000470148 61120
000470149 57488
000470150 93504
000470151 64416
000470152 112848
000470154 38384
000470156 99520
000470157 78848
000470158 76800
000470159 91760
000470160 45504
000470161 95200
000470163 49760
000470164 58816
000470166 55184
000470168 48320
000470169 97120
000470170 122816
000470171 72160
000470172 51232
000470173 83632
000470174 45136
000470175 58720
000470176 80000
000470177 87280
000470178 72656
000470179 78064
000470180 51408
000470182 56336
000470183 110864
000470184 58208
000470186 46704
000470187 90944
000470189 66256
000470190 78720
000470193 72112
000470194 81280
000470195 76960
000470196 103696
000470197 51568
000470202 101120
000470203 68736
000470204 85120
000470205 61120
000470206 120160
000470207 96480
000470208 89952
000470209 84640
000470210 50560
000470211 37600
000470213 79840
000470214 93440
000470215 88960
000470216 88480
000470217 56352
000470218 72464
000470219 50672
000470220 94560
000470221 59968
000470222 69120
000470223 112112
000470224 42400
000470225 62336
000470226 78592
000470227 54032
000470228 55680
000470229 64160
000470230 71360
000470231 76160
000470232 45120
000470233 42720
000470234 89792
000470235 98400
000470236 46560
000470237 79536
000470239 44752
000470241 39840
000470242 48144
000470243 97120
000470244 73248
000470245 43024
000470246 38880
000470247 54720
000470248 73760
000470249 46992
000470250 103360
000470251 72640
000470252 74880
000470253 99520
000470254 64000
000470256 89760
000470257 80640
000470259 91200
000470260 91680
000470261 80320
000470264 67200
000470265 103520
000470266 100928
000470268 52320
000470269 56320
000470270 73600
000470271 71008
000470272 77120
000470277 67504
000470278 89216
000470279 62400
000470280 56592
000470285 91840
000470286 76640
000470287 66320
000470288 73840
000470289 62576
000470290 101440
000470292 88352
000470293 101120
000470294 104160
000470295 46160
000470296 102560
000470298 53728
000470299 75328
000470303 44800
000470304 125440
000470305 45920
000470306 86688
000470307 66672
000470308 90880
000470310 70864
000470311 70592
000470313 57440
000470314 47408
000470315 63200
000470316 57120
000470317 33024
000470318 34080
000470320 45392
000470323 95568
000470325 74240
000470326 106480
000470327 98880
000470328 52144
000470329 100832
000470330 78400
000470331 59040
000470332 50400
000470333 68640
000470334 55136
000470335 69792
000470336 52000
000470337 86432
000470339 40640
000470340 76640
000470341 79360
000470342 63360
000470343 63520
000470344 65072
000470345 78080
000470346 75520
000470347 61440
000470348 76960
000470349 58880
000470350 90560
000470352 82400
000470353 68960
000470354 95360
000470355 48960
000470356 65920
000470358 67680
000470360 78528
000470363 90992
000470364 63376
000470366 41072
000470370 40640
000470371 87200
000470372 45920
000470377 51824
000470378 83360
000470379 103680
000470380 97120
000470381 52640
000470382 77920
000470383 77440
000470384 45120
000470385 93600
000470386 83200
000470387 73088
000470389 66288
000470390 70400
000470391 74240
000470392 64160
000470393 40192
000470394 80976
000470395 86560
000470396 81264
000470397 92960
000470398 39840
000470399 97280
000470400 62208
000471402 58384
000471403 55040
000471405 56368
000471406 49440
000471407 51360
000471409 40928
000471411 61280
000471412 64000
000471414 66240
000471415 50720
000471416 53360
000471418 50880
000471419 47200
000471421 36368
000471422 43360
000471423 39440
000471424 46720
000471427 55552
000471430 53760
000471431 37840
000471432 69920
000471433 61632
000471435 41440
000471436 48032
000471438 47520
000471439 61440
000471440 35520
000471441 51840
000471442 52160
000471443 56032
000471444 62880
000471445 45280
000471448 44320
000471449 47200
000471451 56112
000471452 55360
000471453 56960
000471454 37696
000471456 57312
000471458 67888
000471459 43840
000471460 47184
000471461 53136
000471463 64800
000471465 45920
000471466 53760
000471467 45280
000471468 54208
000471471 46224
000471474 47840
000471475 58400
000471476 48944
000471478 42128
000471480 72320
000471482 51216
000471483 46752
000471485 50864
000471487 59840
000471490 44000
000471491 44800
000471494 47520
000471495 47680
000471497 49760
000471498 50560
000471499 53920
000471500 56480
000471501 62544
000471502 44640
000471503 61920
000471504 50080
000471505 58880
000471506 49760
000471508 88800
000471509 50096
000471510 55744
000471511 55200
000471513 59040
000471515 59056
000471516 51680
000471517 61760
000471518 69664
000471519 32944
000471520 58080
000471521 42240
000471522 73488
000471523 67680
000471524 55248
000471525 45936
000471526 64160
000471527 76800
000471529 63200
000471530 85120
000471531 57600
000471532 88800
000471533 58064
000471535 60720
000471537 63328
000471538 73008
000471539 76960
000471540 41280
000471542 103200
000471543 71680
000471545 53920
000471546 66720
000471547 66080
000471548 77184
000471549 72320
000471550 62880
000471551 55456
000471552 56400
000471553 38992
000471554 54336
000471556 52320
000471557 60960
000471558 57920
000471559 64959
000471560 63008
000471561 71504
000471562 85920
000471563 99920
000471564 54240
000471566 84992
000471567 48640
000471568 82560
000471569 84608
000471570 65600
000471571 75200
000471572 68816
000471573 53904
000471574 78720
000471575 87296
000471576 84832
000471577 80960
000471578 45616
000471579 77920
000471580 53440
000471581 58640
000471582 62560
000471584 60160
000471585 85840
000471586 65120
000471587 50848
000471588 52208
000471589 61920
000471590 75040
000471591 58656
000471592 53968
000471593 44320
000471594 54240
000471595 79648
000471596 76224
000471597 65056
000471599 91200
000471600 56640
000471601 79200
000471602 77440
000471604 40800
000471605 88320
000471607 49920
000471608 85600
000471609 56160
000471610 68480
000471611 57568
000471612 65135
000471613 68000
000471614 50560
000471616 51360
000471617 79040
000471618 36160
000471619 53280
000471620 50560
000471621 51072
000471622 51360
000471624 58560
000471625 47296
000471626 43520
000471627 63968
000471630 67360
000471631 52800
000471633 50560
000471635 79136
000471636 41584
000471637 84000
000471638 69920
000471639 58928
000471640 38240
000471641 52960
000471642 35680
000471643 68480
000471644 45488
000471645 77600
000471646 61760
000471650 53776
000471651 73664
000471652 68800
000471653 56960
000471654 36832
000471655 74496
000471656 65376
000471657 51680
000471658 35840
000471659 65120
000471660 37104
000471661 63344
000471662 75520
000471663 57952
000471664 86560
000471665 46400
000471667 35200
000471669 81760
000471670 56480
000471672 82240
000471676 60384
000471678 69888
000471679 66624
000471681 74720
000471682 40800
000471683 87680
000471685 59360
000471689 101968
000471690 63744
000471691 52608
000471693 71408
000471694 59840
000471696 53200
000471697 50240
000471698 100960
000471699 93920
000471700 44688
000471701 89600
000471703 51520
000471704 61280
000471705 67808
000471706 98224
000471707 55520
000471708 84160
000471709 63040
000471710 46720
000471711 47712
000471712 53856
000471713 58240
000471714 90400
000471715 71680
000471716 77760
000471717 91840
000471718 50080
000471719 82080
000471720 59520
000471721 61904
000471722 111360
000471723 42720
000471724 70448
000471725 74720
000471726 99360
000471728 76464
000471729 51520
000471730 47680
000471731 80960
000471732 58560
000471734 71680
000471735 91040
000471737 45056
000471738 60320
000471739 90880
000471740 42944
000471741 99040
000471742 70400
000471743 52480
000471744 51040
000471745 54720
000471747 68160
000471749 45760
000471751 89120
000471752 57856
000471753 64000
000471754 95792
000471755 78080
000471756 53584
000471757 44832
000471758 77920
000471759 44640
000471760 62560
000471761 76000
000471762 71200
000471763 54192
000471764 68384
000471765 68480
000471766 43840
000471767 50448
000471768 68160
000471771 85920
000471772 80016
000471773 76160
000471774 82240
000471776 49472
000471778 79200
000471779 42800
000471780 103840
000471782 117248
000471783 67600
000471784 68352
000471786 71200
000471787 69280
000471788 52640
000471790 78560
000471791 63520
000471792 112928
000471793 91520
000471794 97024
000471795 55488
000471796 83200
000471797 49632
000471798 89120
000471800 79152
000480001 62400
000480002 140256
000480003 79200
000480004 101568
000480005 116000
000480006 80000
000480007 85920
000480008 81600
000480009 68480
000480010 88640
000480012 107040
000480013 80400
000480014 119200
000480015 93280
000480016 128431
000480017 76704
000480018 88272
000480019 127360
000480020 81520
000480021 47200
000480024 59616
000480025 81920
000480026 59360
000480027 54880
000480028 49904
000480029 63184
000480030 65263
000480031 67360
000480032 68000
000480033 82080
000480034 93120
000480036 57600
000480037 82240
000480038 58240
000480039 60640
000480040 71040
000480041 34816
000480042 38720
000480043 60000
000480044 44480
000480045 40160
000480046 43760
