000381650 13
000381651 16
000381652 16
000381653 26
000381657 9
000381658 12
000381659 25
000381661 5
000381662 20
000381663 11
000381665 10
000381666 26
000381667 22
000381668 6
000381669 20
000381670 11
000381673 9
000381674 13
000381675 13
000381676 14
000381680 17
000381682 13
000381683 13
000381684 11
000381685 10
000381688 15
000381689 24
000381690 10
000381691 16
000381692 14
000381693 8
000381694 22
000381695 12
000381697 13
000381699 19
000381700 13
000381701 21
000381702 41
000381703 13
000381704 25
000381705 13
000381706 18
000381707 26
000381708 23
000381709 33
000381710 17
000381712 26
000381713 27
000381714 24
000381715 21
000381718 9
000381721 27
000381722 31
000381723 23
000381726 7
000381728 17
000381729 16
000381730 15
000381731 27
000381732 15
000381734 14
000381735 17
000381736 29
000381739 21
000381740 14
000381741 34
000381742 9
000381744 10
000381745 26
000381747 15
000381748 29
000381749 11
000381750 21
000381751 23
000381752 21
000381753 26
000381754 16
000381755 15
000381756 29
000381758 23
000381759 8
000381762 13
000381763 12
000381764 28
000381765 16
000381767 18
000381769 22
000381770 12
000381771 38
000381772 32
000381773 25
000381777 16
000381780 11
000381783 19
000381785 12
000381786 12
000381787 11
000381788 9
000381789 23
000381791 24
000381792 7
000381793 11
000381794 25
000381795 34
000381796 38
000381797 17
000381798 29
000381799 27
000390001 10
000390002 41
000390003 16
000390004 33
000390005 35
000390006 21
000390007 30
000390008 24
000390009 14
000390010 27
000390011 20
000390012 33
000390013 20
000390014 37
000390015 27
000390016 46
000390017 18
000390018 25
000390019 42
000390020 23
000390021 7
000390022 11
000390023 14
000390024 13
000390025 20
000390026 8
000390027 12
000390029 11
000390030 15
000390031 15
000390032 19
000390033 20
000390034 19
000390035 7
000390036 8
000390037 17
000390038 9
000390039 11
000390040 14
000390041 4
000390042 4
000390043 14
000390044 10
000390045 6
000390046 8
000390047 10
000390048 15
000390049 7
000390050 14
000390052 17
000390054 7
000390055 12
000390057 16
000390058 14
000390059 9
000390060 14
000390061 17
000390062 11
000390063 20
000390064 13
000390065 18
000390066 8
000390067 11
000390068 13
000390069 20
000390070 19
000390071 14
000390072 12
000390073 15
000390074 11
000390075 13
000390076 18
000390077 7
000390078 21
000390079 14
000390080 10
000390081 13
000390082 17
000390083 14
000390084 13
000390085 10
000390087 15
000390088 15
000390089 21
000390090 22
000390091 15
000390092 35
000390093 16
000390094 13
000390095 14
000390096 14
000390097 13
000390098 19
000390099 17
000390100 16
000390102 22
000390103 10
000390104 27
000390105 25
000390106 13
000390107 21
000390108 17
000390109 18
000390110 29
000390111 13
000390112 24
000390114 34
000390115 19
000390116 15
000390117 17
000390118 6
000390119 9
000390120 19
000390121 14
000390122 20
000390123 15
000390124 21
000390125 18
000390126 40
000390127 16
000390128 29
000390129 11
000390130 17
000390131 22
000390132 25
000390133 21
000390134 14
000390135 20
000390136 16
000390137 8
000390138 14
000390139 8
000390140 16
000390141 18
000390142 9
000390143 14
000390144 25
000390145 24
000390146 22
000390147 23
000390148 13
000390149 11
000390150 9
000390151 14
000390152 21
000390153 16
000390154 26
000390155 30
000390156 18
000390157 20
000390158 15
000390159 23
000390160 11
000390161 17
000390162 13
000390163 20
000390164 15
000390165 17
000390166 13
000390167 26
000390168 23
000390169 7
000390170 17
000390171 20
000390172 22
000390173 21
000390174 20
000390175 26
000390176 16
000390177 11
000390178 20
000390179 23
000390180 12
000390181 19
000390182 8
000390183 11
000390184 22
000390185 17
000390186 19
000390187 15
000390188 23
000390189 22
000390190 25
000390191 30
000390192 27
000390193 16
000390194 26
000390195 17
000390196 30
000390197 16
000390198 31
000390199 10
000390200 29
000390201 18
000390202 19
000390203 11
000390204 12
000390205 18
000390206 19
000390207 19
000390208 13
000390210 13
000390211 13
000390212 24
000390213 15
000390214 10
000390215 35
000390216 39
000390217 15
000390218 16
000390220 25
000390221 24
000390222 17
000390223 10
000390224 28
000390225 31
000390226 12
000390227 21
000390228 26
000390229 11
000390230 20
000390231 15
000390232 31
000390233 17
000390234 11
000390235 18
000390236 16
000390237 25
000390238 13
000390239 10
000390240 15
000390241 20
000390242 19
000390243 8
000390244 27
000390245 20
000390246 17
000390247 10
000390248 23
000390249 6
000390250 20
000390252 18
000390253 19
000390254 15
000390255 15
000390256 29
000390257 14
000390259 14
000390260 13
000390261 13
000390262 14
000390263 11
000390264 21
000390265 18
000390266 27
000390267 18
000390268 10
000390269 32
000390270 6
000390271 38
000390272 19
000390273 23
000390274 18
000390275 23
000390276 13
000390277 37
000390278 17
000390279 17
000390280 26
000390282 25
000390283 15
000390284 20
000390285 33
000390286 10
000390287 32
000390288 6
000390289 34
000390290 9
000390291 15
000390292 26
000390293 27
000390294 30
000390296 25
000390297 24
000390298 20
000390299 19
000390300 25
000390301 17
000390302 17
000390303 37
000390305 9
000390306 18
000390307 5
000390308 10
000390309 29
000390310 15
000390311 17
000390312 23
000390313 24
000390314 24
000390315 10
000390316 34
000390317 21
000390318 16
000390319 10
000390320 29
000390321 22
000390322 15
000390323 10
000390324 12
000390325 32
000390326 6
000390327 13
000390328 22
000390329 17
000390330 12
000390331 20
000390332 13
000390333 14
000390334 19
000390335 32
000390336 28
000390337 20
000390338 27
000390339 16
000390340 16
000390341 16
000390342 19
000390343 14
000390344 8
000390345 31
000390346 28
000390347 23
000390348 8
000390349 38
000390350 23
000390351 28
000390352 36
000390353 15
000390354 22
000390355 21
000390356 25
000390358 21
000390359 21
000390360 23
000390361 9
000390362 16
000390363 13
000390364 14
000390365 9
000390366 18
000390367 7
000390368 20
000390369 14
000390370 18
000390371 37
000390372 11
000390373 16
000390374 10
000390377 19
000390378 24
000390379 22
000390380 26
000390381 22
000390382 18
000390383 9
000390384 31
000390385 18
000390386 22
000390387 9
000390388 16
000390389 12
000390390 19
000390391 8
000390392 16
000390393 20
000390394 23
000390395 20
000390396 18
000390397 12
000390398 23
000390399 17
000390400 8
000391401 12
000391402 18
000391403 13
000391404 21
000391405 13
000391406 15
000391407 17
000391408 16
000391409 10
000391410 18
000391411 8
000391412 21
000391413 6
000391414 20
000391415 11
000391416 13
000391417 27
000391418 12
000391419 16
000391420 14
000391422 13
000391423 10
000391424 15
000391425 10
000391426 12
000391427 22
000391428 10
000391429 15
000391430 17
000391431 14
000391432 19
000391433 19
000391434 14
000391435 10
000391436 12
000391437 12
000391438 16
000391439 20
000391440 8
000391441 17
000391442 18
000391443 17
000391444 18
000391445 15
000391446 21
000391447 11
000391448 16
000391449 12
000391450 16
000391451 21
000391452 25
000391453 15
000391454 6
000391455 20
000391456 20
000391457 13
000391458 23
000391459 15
000391460 15
000391461 16
000391463 21
000391464 16
000391465 13
000391466 19
000391467 9
000391468 15
000391469 18
000391470 18
000391471 14
000391472 20
000391473 12
000391474 8
000391475 20
000391476 12
000391477 13
000391478 14
000391479 17
000391480 33
000391481 12
000391482 14
000391483 17
000391484 15
000391485 12
000391487 18
000391488 15
000391489 25
000391490 13
000391491 14
000391492 17
000391493 11
000391494 13
000391495 12
000391496 21
000391497 16
000391498 15
000391499 14
000391501 29
000391503 18
000391504 12
000391505 36
000391506 20
000391507 21
000391508 19
000391509 14
000391510 27
000391511 26
000391512 6
000391513 28
000391514 17
000391515 31
000391516 33
000391517 7
000391518 26
000391519 13
000391520 19
000391521 24
000391522 22
000391523 28
000391524 16
000391525 21
000391526 11
000391527 25
000391529 24
000391530 14
000391531 30
000391532 19
000391533 14
000391534 20
000391535 17
000391536 26
000391537 22
000391538 24
000391539 21
000391540 6
000391541 21
000391542 26
000391543 11
000391544 23
000391545 11
000391546 15
000391547 23
000391548 32
000391549 14
000391550 5
000391551 23
000391552 13
000391553 16
000391554 21
000391555 21
000391556 12
000391557 16
000391558 26
000391559 30
000391561 14
000391562 20
000391563 11
000391564 22
000391565 29
000391566 27
000391567 15
000391568 38
000391569 5
000391570 10
000391571 8
000391572 27
000391573 38
000391574 10
000391575 19
000391576 19
000391577 16
000391579 11
000391580 8
000391581 19
000391582 19
000391583 19
000391584 12
000391585 21
000391586 17
000391587 17
000391588 23
000391589 16
000391590 14
000391591 19
000391592 10
000391593 18
000391594 11
000391595 7
000391596 6
000391597 28
000391599 24
000391600 7
000391601 9
000391603 28
000391604 30
000391605 31
000391606 20
000391607 18
000391608 13
000391609 20
000391610 38
000391611 22
000391612 26
000391614 13
000391615 7
000391616 13
000391617 28
000391618 33
000391619 15
000391620 36
000391621 15
000391622 7
000391623 25
000391625 21
000391626 31
000391627 20
000391628 32
000391629 16
000391630 13
000391631 10
000391632 31
000391633 7
000391634 27
000391635 25
000391636 23
000391637 34
000391638 24
000391639 19
000391640 23
000391641 41
000391642 33
000391643 9
000391644 21
000391645 30
000391646 20
000391647 32
000391648 33
000391649 11
000391650 8
000391651 31
000391652 9
000391653 13
000391654 8
000391655 11
000391656 12
000391657 7
000391658 10
000391659 16
000391660 24
000391661 33
000391662 13
000391663 34
000391664 23
000391665 19
000391666 18
000391667 26
000391668 6
000391669 27
000391670 28
000391671 11
000391672 18
000391673 8
000391674 16
000391677 25
000391678 16
000391679 19
000391680 21
000391681 18
000391682 30
000391683 8
000391684 11
000391685 8
000391686 26
000391687 21
000391688 13
000391689 21
000391690 25
000391691 12
000391692 25
000391693 14
000391694 23
000391695 8
000391696 9
000391697 24
000391698 17
000391700 13
000391701 27
000391702 28
000391703 18
000391704 12
000391705 14
000391706 25
000391707 19
000391708 16
000391709 17
000391710 36
000391711 15
000391712 9
000391713 20
000391714 18
000391715 30
000391716 34
000391717 10
000391718 9
000391719 24
000391720 15
000391722 12
000391723 27
000391724 19
000391725 23
000391726 15
000391727 12
000391728 13
000391729 16
000391730 15
000391731 25
000391732 21
000391733 26
000391734 21
000391735 15
000391736 11
000391737 40
000391738 24
000391740 11
000391741 11
000391742 14
000391744 24
000391745 26
000391746 14
000391748 15
000391749 32
000391750 20
000391752 24
000391753 14
000391754 17
000391756 15
000391757 39
000391758 9
000391759 40
000391760 22
000391761 15
000391762 20
000391763 18
000391764 19
000391765 10
000391766 14
000391767 14
000391768 18
000391769 15
000391770 13
000391771 30
000391772 25
000391773 15
000391774 24
000391775 25
000391776 15
000391777 22
000391778 28
000391779 15
000391780 19
000391781 11
000391782 11
000391783 35
000391787 11
000391788 15
000391789 15
000391790 19
000391791 16
000391792 21
000391793 12
000391794 6
000391796 14
000391797 23
000391798 22
000391800 33
000400001 10
000400002 41
000400003 16
000400004 33
000400005 35
000400006 21
000400007 30
000400008 24
000400009 14
000400011 20
000400013 20
000400014 38
000400015 27
000400016 46
000400017 18
000400018 25
000400019 42
000400020 23
000400022 11
000400023 14
000400024 12
000400025 20
000400026 8
000400027 12
000400028 8
000400029 11
000400030 14
000400031 15
000400033 20
000400034 20
000400036 8
000400037 17
000400038 10
000400039 11
000400040 14
000400041 4
000400042 4
000400043 14
000400044 10
000400045 6
000400046 9
000400048 15
000400049 7
000400050 14
000400052 17
000400053 8
000400054 7
000400056 13
000400057 16
000400058 14
000400059 10
000400060 14
000400061 17
000400062 11
000400063 20
000400064 13
000400065 18
000400067 11
000400068 13
000400069 20
000400070 19
000400071 14
000400072 12
000400073 16
000400074 14
000400075 13
000400076 18
000400077 7
000400078 20
000400079 14
000400080 10
000400081 13
000400082 17
000400083 12
000400084 13
000400085 11
000400086 14
000400087 15
000400088 15
000400089 21
000400090 22
000400091 15
000400092 35
000400093 16
000400094 13
000400095 14
000400096 14
000400098 19
000400099 17
000400100 17
000400101 34
000400102 26
000400103 12
000400104 16
000400105 7
000400107 30
000400108 25
000400109 35
000400110 20
000400111 14
000400112 19
000400113 33
000400114 21
000400115 6
000400116 30
000400117 20
000400118 19
000400119 8
000400120 14
000400121 24
000400122 18
000400123 22
000400124 30
000400125 13
000400126 46
000400127 21
000400129 27
000400130 27
000400131 18
000400133 26
000400135 17
000400136 12
000400137 8
000400138 15
000400139 9
000400140 8
000400141 11
000400142 31
000400143 12
000400144 28
000400145 10
000400146 17
000400147 7
000400148 13
000400150 23
000400151 15
000400152 28
000400153 22
000400154 17
000400155 10
000400156 29
000400158 17
000400159 27
000400160 26
000400161 22
000400163 14
000400164 13
000400165 22
000400166 19
000400167 21
000400168 29
000400169 25
000400170 7
000400171 18
000400172 20
000400173 33
000400174 23
000400176 22
000400177 12
000400178 11
000400179 17
000400180 11
000400182 9
000400183 23
000400184 18
000400185 25
000400186 22
000400187 28
000400188 26
000400190 24
000400191 35
000400192 6
000400193 16
000400194 12
000400195 15
000400196 11
000400197 19
000400198 15
000400199 19
000400200 24
000400201 22
000400202 25
000400203 21
000400204 17
000400205 13
000400207 21
000400208 15
000400209 17
000400210 17
000400211 13
000400212 11
000400213 18
000400214 17
000400215 7
000400217 6
000400218 18
000400219 16
000400220 21
000400221 17
000400222 31
000400223 38
000400225 13
000400226 31
000400227 24
000400228 29
000400229 19
000400230 9
000400231 19
000400232 18
000400233 12
000400234 34
000400235 29
000400236 26
000400237 37
000400238 13
000400239 20
000400240 22
000400241 6
000400242 23
000400243 24
000400244 8
000400245 11
000400246 44
000400247 19
000400248 24
000400249 29
000400250 17
000400251 18
000400252 21
000400253 10
000400254 30
000400255 11
000400256 26
000400257 16
000400258 14
000400259 29
000400260 6
000400261 12
000400262 9
000400263 11
000400264 18
000400265 5
000400266 21
000400267 14
000400268 8
000400269 22
000400270 13
000400271 15
000400272 20
000400273 15
000400274 24
000400275 17
000400276 13
000400277 18
000400278 29
000400279 38
000400280 29
000400281 11
000400282 12
000400283 11
000400284 9
000400285 10
000400286 17
000400287 34
000400288 20
000400289 17
000400290 20
000400291 14
000400292 25
000400293 20
000400294 10
000400295 22
000400296 11
000400297 5
000400298 11
000400299 15
000400300 24
000400301 27
000400302 14
000400303 35
000400304 19
000400305 33
000400306 11
000400307 26
000400308 35
000400309 16
000400310 29
000400311 19
000400312 20
000400313 18
000400314 28
000400315 14
000400316 6
000400317 38
000400318 39
000400319 14
000400320 9
000400321 21
000400322 23
000400323 19
000400324 15
000400325 11
000400327 8
000400328 22
000400329 33
000400330 9
000400331 10
000400332 10
000400333 21
000400334 34
000400335 15
000400337 18
000400338 33
000400339 17
000400340 12
000400341 14
000400343 35
000400345 8
000400346 13
000400347 11
000400348 15
000400349 11
000400350 8
000400351 25
000400352 30
000400353 17
000400354 27
000400355 31
000400356 15
000400357 18
000400358 29
000400360 9
000400361 11
000400362 14
000400363 17
000400364 37
000400366 14
000400367 15
000400368 13
000400369 11
000400370 25
000400372 37
000400373 15
000400374 20
000400375 16
000400376 19
000400377 12
000400378 18
000400379 8
000400380 32
000400381 17
000400382 14
000400383 20
000400384 27
000400385 17
000400386 26
000400387 8
000400388 8
000400389 30
000400390 9
000400391 20
000400392 19
000400394 14
000400395 22
000400396 7
000400397 25
000400398 29
000400399 21
000400400 11
000401401 12
000401402 18
000401403 13
000401404 21
000401405 13
000401406 15
000401407 17
000401408 16
000401409 10
000401411 19
000401412 21
000401413 6
000401414 19
000401415 11
000401416 13
000401417 29
000401418 12
000401419 16
000401421 8
000401422 13
000401423 10
000401424 15
000401425 10
000401427 22
000401428 10
000401429 15
000401430 17
000401431 15
000401432 22
000401433 19
000401434 14
000401435 10
000401436 12
000401438 16
000401439 17
000401440 8
000401441 17
000401442 20
000401443 17
000401444 19
000401445 15
000401446 21
000401447 10
000401448 16
000401449 12
000401450 16
000401451 21
000401453 15
000401456 20
000401457 13
000401458 23
000401459 15
000401460 15
000401463 21
000401464 16
000401465 13
000401466 19
000401467 9
000401468 15
000401470 18
000401471 14
000401473 12
000401474 8
000401475 20
000401476 14
000401477 13
000401478 14
000401479 17
000401480 33
000401482 14
000401483 17
000401484 15
000401485 10
000401487 18
000401488 15
000401489 25
000401492 16
000401494 13
000401495 12
000401496 21
000401497 15
000401498 15
000401499 14
000401500 18
000401501 21
000401503 22
000401505 28
000401506 29
000401507 18
000401508 7
000401509 6
000401510 8
000401511 12
000401512 18
000401513 22
000401514 24
000401515 34
000401516 9
000401517 18
000401518 21
000401520 9
000401522 26
000401523 11
000401524 27
000401525 12
000401528 16
000401529 12
000401530 9
000401532 30
000401533 24
000401534 14
000401535 13
000401536 22
000401537 14
000401538 10
000401539 9
000401540 19
000401541 21
000401542 20
000401543 9
000401544 8
000401545 7
000401546 16
000401547 9
000401550 19
000401551 7
000401552 18
000401553 12
000401554 24
000401555 13
000401557 25
000401558 16
000401559 20
000401560 21
000401561 11
000401562 14
000401564 27
000401565 15
000401568 8
000401569 16
000401570 11
000401571 11
000401572 13
000401573 27
000401574 19
000401575 14
000401576 18
000401577 18
000401580 11
000401581 13
000401582 19
000401583 11
000401584 17
000401585 7
000401586 10
000401587 39
000401588 21
000401589 10
000401590 15
000401591 20
000401592 8
000401593 18
000401594 19
000401595 44
000401596 15
000401597 10
000401598 16
000401599 21
000401600 13
000401601 9
000401602 5
000401605 18
000401606 14
000401607 13
000401608 18
000401609 15
000401610 11
000401612 9
000401613 13
000401614 20
000401615 28
000401616 10
000401617 33
000401618 14
000401619 40
000401620 6
000401621 24
000401622 17
000401624 11
000401628 21
000401629 9
000401630 17
000401632 28
000401634 28
000401638 14
000401639 6
000401641 25
000401644 31
000401646 14
000401647 25
000401649 8
000401653 28
000401654 34
000401655 15
000401656 24
000401658 18
000401659 19
000401660 23
000401661 21
000401662 9
000401663 29
000401664 12
000401665 33
000401666 35
000401667 24
000401668 19
000401669 23
000401672 10
000401673 6
000401675 27
000401676 16
000401677 18
000401678 27
000401679 15
000401682 17
000401683 16
000401684 33
000401685 25
000401686 28
000401687 14
000401688 5
000401689 15
000401690 27
000401691 13
000401692 27
000401693 9
000401694 30
000401697 14
000401698 16
000401699 13
000401700 10
000401702 20
000401703 10
000401704 16
000401705 17
000401706 12
000401707 18
000401708 25
000401709 20
000401710 28
000401711 17
000401712 29
000401713 14
000401714 21
000401715 12
000401716 24
000401717 9
000401721 40
000401722 34
000401723 14
000401724 5
000401725 8
000401726 18
000401728 8
000401730 12
000401731 8
000401732 25
000401733 5
000401734 23
000401735 19
000401736 31
000401737 23
000401738 19
000401739 21
000401740 24
000401742 19
000401743 15
000401744 18
000401745 44
000401746 14
000401747 9
000401748 28
000401749 8
000401750 21
000401751 17
000401752 18
000401753 19
000401754 28
000401755 19
000401756 13
000401757 28
000401758 29
000401760 41
000401761 14
000401762 35
000401764 31
000401765 22
000401766 36
000401767 23
000401768 45
000401769 13
000401770 15
000401771 14
000401773 33
000401774 6
000401775 22
000401777 8
000401778 27
000401779 35
000401780 8
000401781 21
000401782 27
000401783 26
000401784 7
000401785 30
000401786 24
000401788 20
000401789 10
000401790 7
000401791 25
000401792 26
000401793 19
000401794 19
000401795 26
000401796 18
000401797 23
000401798 14
000401799 26
000401800 25
000410001 10
000410002 41
000410003 16
000410004 33
000410005 35
000410006 21
000410007 30
000410008 24
000410009 14
000410010 27
000410011 20
000410012 34
000410013 20
000410014 37
000410015 27
000410016 46
000410017 18
000410018 25
000410019 42
000410020 23
000410021 7
000410022 11
000410024 12
000410025 20
000410026 8
000410027 12
000410028 8
000410029 11
000410030 14
000410031 15
000410032 19
000410033 20
000410034 20
000410035 7
000410036 8
000410037 17
000410038 10
000410039 11
000410040 14
000410041 4
000410042 4
000410043 14
000410044 10
000410045 6
000410046 9
000410047 10
000410049 7
000410050 14
000410052 17
000410053 8
000410055 12
000410056 13
000410057 16
000410058 14
000410059 9
000410060 14
000410061 17
000410062 11
000410063 20
000410064 13
000410065 18
000410066 8
000410067 11
000410068 13
000410069 19
000410070 19
000410071 14
000410072 12
000410073 15
000410074 14
000410075 13
000410076 18
000410077 7
000410078 20
000410079 14
000410080 10
000410081 13
000410082 17
000410083 14
000410084 13
000410085 11
000410086 14
000410087 15
000410088 15
000410089 21
000410090 22
000410091 15
000410092 35
000410093 16
000410094 13
000410095 14
000410096 14
000410097 13
000410098 19
000410099 17
000410100 17
000410101 12
000410102 28
000410103 34
000410104 20
000410105 21
000410106 29
000410107 25
000410109 23
000410110 12
000410111 16
000410112 24
000410113 18
000410114 18
000410115 7
000410116 12
000410117 15
000410118 29
000410119 30
000410120 12
000410121 27
000410122 27
000410123 33
000410124 11
000410127 34
000410128 10
000410129 17
000410130 9
000410131 20
000410132 9
000410134 14
000410135 17
000410136 27
000410137 16
000410138 33
000410139 8
000410140 9
000410141 16
000410142 26
000410143 11
000410144 19
000410145 16
000410146 16
000410147 15
000410148 23
000410150 31
000410151 30
000410152 31
000410153 26
000410154 9
000410155 18
000410156 12
000410157 28
000410158 11
000410159 17
000410160 25
000410161 33
000410162 30
000410163 17
000410164 25
000410165 18
000410166 11
000410167 24
000410168 20
000410170 20
000410171 21
000410172 10
000410173 23
000410174 37
000410176 12
000410177 32
000410178 22
000410179 27
000410180 7
000410181 20
000410182 15
000410183 10
000410184 21
000410185 32
000410186 15
000410187 45
000410188 16
000410189 38
000410190 24
000410191 16
000410193 14
000410194 14
000410195 16
000410196 30
000410197 25
000410198 9
000410199 34
000410200 24
000410201 10
000410202 29
000410203 16
000410204 16
000410205 29
000410207 8
000410208 10
000410210 31
000410211 32
000410212 27
000410213 26
000410214 15
000410215 19
000410216 24
000410217 8
000410218 14
000410219 20
000410220 18
000410221 28
000410222 19
000410223 12
000410224 23
000410225 9
000410226 31
000410227 15
000410228 23
000410229 11
000410230 22
000410232 25
000410233 28
000410234 23
000410235 26
000410236 16
000410237 25
000410238 20
000410239 23
000410240 23
000410241 24
000410242 12
000410244 34
000410245 11
000410246 32
000410248 17
000410249 12
000410250 27
000410251 24
000410253 7
000410254 24
000410255 35
000410256 8
000410257 20
000410258 15
000410259 22
000410260 14
000410261 29
000410262 25
000410263 20
000410264 21
000410265 21
000410266 25
000410267 19
000410268 27
000410269 34
000410271 11
000410272 18
000410273 8
000410274 20
000410275 16
000410276 23
000410277 13
000410278 27
000410279 25
000410280 50
000410281 22
000410282 19
000410283 7
000410284 16
000410285 19
000410286 11
000410287 22
000410288 12
000410289 22
000410290 7
000410291 5
000410292 9
000410293 31
000410294 18
000410295 10
000410296 14
000410297 20
000410298 12
000410299 14
000410300 12
000410301 20
000410302 23
000410303 18
000410304 34
000410305 12
000410306 11
000410307 10
000410308 17
000410309 21
000410310 11
000410311 14
000410312 13
000410313 28
000410314 13
000410315 13
000410316 13
000410317 23
000410318 28
000410319 14
000410321 21
000410322 23
000410323 33
000410324 12
000410325 9
000410326 16
000410327 16
000410328 22
000410329 23
000410330 12
000410331 17
000410332 12
000410333 10
000410334 8
000410335 6
000410336 20
000410337 11
000410338 8
000410339 22
000410340 19
000410341 22
000410342 29
000410343 27
000410344 23
000410345 18
000410346 13
000410347 6
000410349 25
000410350 28
000410351 14
000410352 21
000410353 26
000410354 17
000410355 16
000410356 29
000410357 8
000410358 22
000410359 26
000410360 11
000410362 21
000410363 18
000410364 7
000410365 30
000410366 28
000410367 12
000410368 17
000410369 18
000410370 13
000410371 19
000410372 17
000410373 36
000410374 14
000410375 26
000410377 26
000410378 46
000410379 22
000410380 11
000410381 17
000410382 19
000410383 15
000410384 27
000410385 15
000410387 35
000410388 46
000410389 13
000410391 13
000410393 17
000410394 29
000410395 20
000410396 29
000410397 9
000410398 19
000410399 28
000410400 25
000411402 18
000411403 13
000411404 21
000411405 13
000411406 15
000411407 17
000411408 17
000411409 10
000411410 19
000411411 19
000411412 21
000411413 6
000411414 19
000411415 11
000411416 13
000411417 27
000411418 12
000411419 16
000411420 14
000411421 8
000411422 13
000411423 10
000411424 15
000411425 11
000411426 12
000411427 22
000411428 10
000411429 15
000411430 17
000411431 14
000411432 20
000411433 19
000411434 14
000411435 10
000411436 13
000411437 12
000411438 16
000411439 19
000411440 8
000411441 17
000411442 20
000411443 17
000411444 19
000411445 15
000411446 21
000411448 16
000411449 12
000411450 16
000411451 21
000411452 25
000411453 15
000411455 20
000411456 20
000411457 13
000411458 23
000411459 15
000411460 15
000411461 16
000411463 21
000411464 16
000411465 13
000411466 19
000411467 9
000411468 15
000411469 19
000411470 18
000411471 14
000411472 20
000411473 12
000411474 8
000411475 20
000411476 13
000411477 13
000411478 14
000411479 17
000411480 33
000411481 14
000411482 14
000411483 17
000411487 18
000411488 15
000411489 25
000411491 15
000411492 16
000411494 13
000411495 12
000411496 21
000411497 15
000411498 15
000411499 14
000411500 18
000411501 19
000411502 21
000411503 10
000411504 14
000411505 18
000411506 31
000411507 11
000411508 36
000411509 17
000411510 20
000411511 25
000411512 14
000411513 23
000411514 18
000411515 8
000411516 26
000411517 7
000411518 31
000411519 15
000411520 13
000411521 27
000411522 22
000411523 8
000411525 22
000411526 36
000411527 14
000411528 16
000411529 11
000411530 22
000411531 8
000411532 13
000411533 21
000411534 27
000411535 28
000411536 10
000411537 14
000411538 21
000411539 30
000411540 11
000411541 15
000411542 15
000411543 20
000411544 17
000411545 28
000411546 24
000411547 29
000411548 21
000411550 28
000411551 22
000411552 5
000411553 7
000411554 9
000411555 25
000411556 23
000411557 25
000411558 23
000411559 18
000411560 19
000411561 12
000411562 13
000411563 28
000411564 19
000411565 9
000411566 17
000411567 11
000411568 22
000411569 19
000411570 21
000411571 19
000411572 8
000411573 30
000411574 11
000411575 20
000411576 6
000411577 30
000411579 10
000411581 30
000411582 22
000411583 34
000411584 24
000411585 27
000411586 9
000411588 13
000411591 20
000411592 27
000411593 21
000411595 22
000411596 24
000411598 25
000411599 24
000411600 22
000411601 10
000411602 33
000411603 23
000411604 21
000411605 23
000411606 29
000411607 29
000411608 31
000411609 16
000411610 6
000411611 23
000411612 18
000411613 13
000411614 17
000411615 10
000411616 18
000411617 33
000411618 5
000411619 12
000411620 34
000411621 19
000411622 11
000411623 17
000411624 15
000411625 9
000411626 36
000411627 25
000411628 9
000411629 18
000411630 10
000411631 33
000411632 9
000411633 13
000411635 28
000411636 5
000411637 19
000411638 32
000411639 12
000411640 17
000411641 34
000411642 10
000411643 11
000411644 30
000411645 13
000411646 24
000411647 13
000411648 11
000411649 24
000411650 17
000411651 26
000411652 20
000411653 17
000411654 47
000411655 19
000411656 18
000411657 7
000411658 12
000411659 30
000411660 19
000411661 10
000411662 15
000411664 28
000411665 14
000411666 13
000411667 25
000411668 11
000411669 5
000411670 32
000411671 12
000411672 23
000411673 14
000411675 31
000411676 5
000411677 27
000411678 40
000411679 23
000411680 14
000411681 21
000411682 19
000411683 30
000411684 27
000411685 15
000411688 21
000411689 22
000411690 25
000411691 24
000411692 23
000411693 16
000411694 27
000411695 21
000411696 17
000411697 18
000411698 13
000411700 18
000411701 10
000411702 12
000411703 22
000411704 24
000411705 10
000411707 18
000411708 10
000411709 13
000411710 36
000411711 13
000411712 28
000411714 8
000411715 35
000411716 27
000411717 11
000411718 8
000411719 22
000411720 19
000411721 8
000411722 9
000411723 8
000411724 17
000411725 15
000411726 21
000411727 20
000411728 18
000411729 8
000411730 24
000411731 31
000411732 18
000411733 21
000411735 13
000411736 17
000411737 16
000411738 35
000411739 14
000411740 15
000411741 20
000411742 6
000411743 19
000411744 9
000411745 20
000411746 24
000411747 19
000411748 12
000411749 19
000411750 14
000411751 8
000411752 19
000411753 13
000411754 14
000411755 15
000411756 23
000411757 18
000411758 18
000411759 22
000411760 18
000411761 16
000411762 36
000411763 8
000411764 15
000411765 30
000411766 13
000411767 7
000411768 26
000411769 26
000411770 14
000411771 17
000411772 11
000411773 27
000411775 12
000411776 21
000411777 18
000411778 11
000411779 20
000411780 17
000411783 7
000411784 12
000411785 15
000411786 19
000411787 15
000411788 14
000411789 13
000411790 25
000411791 40
000411792 17
000411793 19
000411794 17
000411795 29
000411796 36
000411797 20
000411798 26
000411799 20
000411800 23
000420001 10
000420003 16
000420004 32
000420005 36
000420006 23
000420007 31
000420008 24
000420015 27
000420017 18
000420018 25
000420019 42
000420020 23
000420021 7
000420022 11
000420023 14
000420024 12
000420025 24
000420026 8
000420027 12
000420028 8
000420029 11
000420030 14
000420031 15
000420032 19
000420035 7
000420038 10
000420041 4
000420043 14
000420045 6
000420047 8
000420048 15
000420052 21
000420053 8
000420056 13
000420059 9
000420060 14
000420061 17
000420071 14
000420077 7
000420080 10
000420081 14
000420082 17
000420085 11
000420086 15
000420087 15
000420088 15
000420089 21
000420093 16
000420094 14
000420095 14
000420096 14
000420099 17
000420100 17
000420102 23
000420103 20
000420104 25
000420105 15
000420106 10
000420107 25
000420109 19
000420110 7
000420111 33
000420115 17
000420116 14
000420117 23
000420119 11
000420120 6
000420121 25
000420126 19
000420128 29
000420130 25
000420134 10
000420135 6
000420138 19
000420139 26
000420143 30
000420144 18
000420145 24
000420147 18
000420149 28
000420150 18
000420152 22
000420154 8
000420155 23
000420158 18
000420159 27
000420161 15
000420163 25
000420164 13
000420170 10
000420172 20
000420175 24
000420176 16
000420178 16
000420179 17
000420181 14
000420183 15
000420185 22
000420186 34
000420188 6
000420191 24
000420192 20
000420194 23
000420195 28
000420196 17
000420197 12
000420199 38
000420201 17
000420205 11
000420209 14
000420210 7
000420211 27
000420213 33
000420214 31
000420216 14
000420218 17
000420219 23
000420220 7
000420221 21
000420222 10
000420223 19
000420224 15
000420228 31
000420229 25
000420230 30
000420233 17
000420236 13
000420237 11
000420238 25
000420239 18
000420241 20
000420244 24
000420245 10
000420249 35
000420250 29
000420255 33
000420256 14
000420258 23
000420259 13
000420261 11
000420266 16
000420267 37
000420268 14
000420271 24
000420274 27
000420277 23
000420279 24
000420280 9
000420282 25
000420283 31
000420284 23
000420286 24
000420288 35
000420289 18
000420290 18
000420292 14
000420293 14
000420295 25
000420296 24
000420299 15
000420302 27
000420304 21
000420306 26
000420307 19
000420308 27
000420309 21
000420310 30
000420311 9
000420312 18
000420314 17
000420315 28
000420316 23
000420318 17
000420320 10
000420322 26
000420326 33
000420328 11
000420331 33
000420332 21
000420334 14
000420337 18
000420339 14
000420340 15
000420341 11
000420342 7
000420344 18
000420345 22
000420346 28
000420347 22
000420350 18
000420351 21
000420352 18
000420353 8
000420354 21
000420355 17
000420356 23
000420358 23
000420359 11
000420360 29
000420361 23
000420362 13
000420363 16
000420364 26
000420365 16
000420366 12
000420369 7
000420370 19
000420371 12
000420372 15
000420373 20
000420374 11
000420376 26
000420377 6
000420378 13
000420381 13
000420382 18
000420383 20
000420384 12
000420385 13
000420386 21
000420387 10
000420388 17
000420389 13
000420392 16
000420393 25
000420394 13
000420395 28
000420397 27
000420398 15
000420399 28
000420400 12
000421404 21
000421405 14
000421406 15
000421408 14
000421409 10
000421410 15
000421425 10
000421428 10
000421435 10
000421443 16
000421448 17
000421450 18
000421455 20
000421456 20
000421460 15
000421465 14
000421477 13
000421480 37
000421487 18
000421495 12
000421498 16
000421499 14
000421507 30
000421508 15
000421509 34
000421513 10
000421516 12
000421519 16
000421520 27
000421539 15
000421540 13
000421542 13
000421552 30
000421554 11
000421557 41
000421558 23
000421560 21
000421570 15
000421571 24
000421572 21
000421577 25
000421579 27
000421582 19
000421584 24
000421588 16
000421589 24
000421593 17
000421603 33
000421608 23
000421609 12
000421610 10
000421611 15
000421614 13
000421629 19
000421636 26
000421637 7
000421638 33
000421642 12
000421643 32
000421650 17
000421658 17
000421664 26
000421666 11
000421672 34
000421683 25
000421687 25
000421689 6
000421696 30
000421701 11
000421704 19
000421705 10
000421707 6
000421712 24
000421714 32
000421716 27
000421733 17
000421734 10
000421750 28
000421751 39
000421759 22
000421764 13
000421783 15
000421788 6
000421796 21
000430001 10
000430002 41
000430003 16
000430004 29
000430005 35
000430006 19
000430007 28
000430008 21
000430009 14
000430010 27
000430011 20
000430012 37
000430013 19
000430014 36
000430015 28
000430016 42
000430017 17
000430018 22
000430019 38
000430020 24
000430021 7
000430022 11
000430023 14
000430024 11
000430025 20
000430026 8
000430027 12
000430028 8
000430029 11
000430030 14
000430031 18
000430032 18
000430033 22
000430034 22
000430035 8
000430036 8
000430037 17
000430038 10
000430039 10
000430040 14
000430041 4
000430042 4
000430043 14
000430044 10
000430045 6
000430046 10
000430047 10
000430048 15
000430049 7
000430050 14
000430051 10
000430052 13
000430053 9
000430054 7
000430055 12
000430056 12
000430057 16
000430058 12
000430059 9
000430060 14
000430061 16
000430062 11
000430063 20
000430064 18
000430065 18
000430066 6
000430067 7
000430068 12
000430069 19
000430070 18
000430071 14
000430072 12
000430073 15
000430074 13
000430075 13
000430076 16
000430077 7
000430078 17
000430079 14
000430080 10
000430081 14
000430082 17
000430083 13
000430084 12
000430085 13
000430086 14
000430087 15
000430088 15
000430089 21
000430090 22
000430091 15
000430092 35
000430093 14
000430094 13
000430095 13
000430096 14
000430097 14
000430098 17
000430099 17
000430100 17
000430101 26
000430102 17
000430103 12
000430104 18
000430105 8
000430106 24
000430107 26
000430108 32
000430109 20
000430110 24
000430111 15
000430112 23
000430113 6
000430115 26
000430116 17
000430117 6
000430118 12
000430119 7
000430120 31
000430121 20
000430122 24
000430123 22
000430124 15
000430125 13
000430126 18
000430127 19
000430128 15
000430129 20
000430130 8
000430131 24
000430132 16
000430133 14
000430134 8
000430135 10
000430136 25
000430137 8
000430138 9
000430139 23
000430140 7
000430141 23
000430142 30
000430143 19
000430144 7
000430145 11
000430146 28
000430147 30
000430148 11
000430149 12
000430150 6
000430151 23
000430152 19
000430153 24
000430154 14
000430155 24
000430156 21
000430157 7
000430158 11
000430159 22
000430160 19
000430161 14
000430162 13
000430163 9
000430164 30
000430165 35
000430166 9
000430167 20
000430168 18
000430169 25
000430170 25
000430171 25
000430172 18
000430173 25
000430174 20
000430175 13
000430176 27
000430177 13
000430178 22
000430179 19
000430180 5
000430181 29
000430182 26
000430183 21
000430184 15
000430185 18
000430186 8
000430187 19
000430188 24
000430189 21
000430190 13
000430191 25
000430192 13
000430193 21
000430194 14
000430195 26
000430196 13
000430197 13
000430198 23
000430199 13
000430200 6
000430201 12
000430202 28
000430203 16
000430204 9
000430205 27
000430206 34
000430207 26
000430208 8
000430209 8
000430210 34
000430211 9
000430212 13
000430213 9
000430214 30
000430215 20
000430216 26
000430217 11
000430218 27
000430219 24
000430220 10
000430221 15
000430222 21
000430223 14
000430224 14
000430225 28
000430226 22
000430227 21
000430228 16
000430229 18
000430230 17
000430231 13
000430232 27
000430233 24
000430234 9
000430235 10
000430236 9
000430237 26
000430238 22
000430239 21
000430240 42
000430241 18
000430242 19
000430243 13
000430244 7
000430245 17
000430246 18
000430247 10
000430248 31
000430249 10
000430250 19
000430251 18
000430252 15
000430253 17
000430254 9
000430255 14
000430256 26
000430257 25
000430258 21
000430259 12
000430260 7
000430261 27
000430262 11
000430263 19
000430264 23
000430265 16
000430266 19
000430267 10
000430268 15
000430269 12
000430270 13
000430271 12
000430272 27
000430273 34
000430274 21
000430275 18
000430276 17
000430277 21
000430278 12
000430279 28
000430280 7
000430281 18
000430282 13
000430283 17
000430284 11
000430285 33
000430286 38
000430287 29
000430288 30
000430289 14
000430290 30
000430291 14
000430292 7
000430293 7
000430294 19
000430295 9
000430296 12
000430297 14
000430298 17
000430299 15
000430300 20
000430301 29
000430302 20
000430303 21
000430304 23
000430305 8
000430306 17
000430307 10
000430308 41
000430309 8
000430310 30
000430311 20
000430312 28
000430313 12
000430314 21
000430315 14
000430316 9
000430317 9
000430318 36
000430319 16
000430320 19
000430321 34
000430322 5
000430323 15
000430324 30
000430326 21
000430327 16
000430328 14
000430329 13
000430330 24
000430331 20
000430332 14
000430333 32
000430334 28
000430335 22
000430336 14
000430337 25
000430338 8
000430339 18
000430340 20
000430341 24
000430342 10
000430343 16
000430344 13
000430345 14
000430346 25
000430347 20
000430348 21
000430349 11
000430350 12
000430351 12
000430352 19
000430353 27
000430354 10
000430355 9
000430356 25
000430357 22
000430358 17
000430359 18
000430360 12
000430361 8
000430362 19
000430363 11
000430364 23
000430365 13
000430366 13
000430367 12
000430368 20
000430369 9
000430370 23
000430371 10
000430372 13
000430373 19
000430374 20
000430375 17
000430376 21
000430377 11
000430378 31
000430379 29
000430380 10
000430381 24
000430382 27
000430383 18
000430384 16
000430385 24
000430386 22
000430387 19
000430388 25
000430389 19
000430390 15
000430391 16
000430392 22
000430393 15
000430394 12
000430395 17
000430396 9
000430397 22
000430398 12
000430399 20
000430400 14
000431401 12
000431402 18
000431403 15
000431404 20
000431405 12
000431406 15
000431407 17
000431408 16
000431409 10
000431411 19
000431412 21
000431413 5
000431414 20
000431415 11
000431416 13
000431417 26
000431418 11
000431419 13
000431421 8
000431422 15
000431423 9
000431424 15
000431425 10
000431426 12
000431427 21
000431428 10
000431429 16
000431430 17
000431431 14
000431432 20
000431433 18
000431434 16
000431435 9
000431436 12
000431438 16
000431439 19
000431440 9
000431441 16
000431442 18
000431443 17
000431444 19
000431445 21
000431446 21
000431447 11
000431448 16
000431449 12
000431450 16
000431451 17
000431452 29
000431453 15
000431454 6
000431455 21
000431456 20
000431457 13
000431458 23
000431459 15
000431460 15
000431461 16
000431462 14
000431463 21
000431464 13
000431465 13
000431466 19
000431467 9
000431468 15
000431469 19
000431470 18
000431471 14
000431472 20
000431473 12
000431474 8
000431475 20
000431476 13
000431477 12
000431478 14
000431479 17
000431480 33
000431482 16
000431483 17
000431484 15
000431485 10
000431486 7
000431487 18
000431488 14
000431489 25
000431490 13
000431491 14
000431492 16
000431493 15
000431494 13
000431495 12
000431496 21
000431497 15
000431498 15
000431499 14
000431500 25
000431501 13
000431502 17
000431503 23
000431504 10
000431505 26
000431506 7
000431507 17
000431508 8
000431509 16
000431510 22
000431511 12
000431512 7
000431513 15
000431514 34
000431515 27
000431516 12
000431517 14
000431518 16
000431519 17
000431520 24
000431521 18
000431522 28
000431523 13
000431524 12
000431525 20
000431526 34
000431527 26
000431528 35
000431529 18
000431530 6
000431531 11
000431532 7
000431533 19
000431534 15
000431535 13
000431536 17
000431537 19
000431538 20
000431539 22
000431540 17
000431541 10
000431542 16
000431543 17
000431544 14
000431545 26
000431546 15
000431547 23
000431548 16
000431549 8
000431550 16
000431551 21
000431552 13
000431553 31
000431554 10
000431555 5
000431556 15
000431557 37
000431558 25
000431559 17
000431560 21
000431561 14
000431562 13
000431563 21
000431564 20
000431565 26
000431566 24
000431567 38
000431568 19
000431569 17
000431570 13
000431571 26
000431572 20
000431573 29
000431574 18
000431575 37
000431576 24
000431577 17
000431578 10
000431579 7
000431580 25
000431581 5
000431582 8
000431583 7
000431584 15
000431585 28
000431586 19
000431587 18
000431588 22
000431589 16
000431590 31
000431591 36
000431592 23
000431593 10
000431594 18
000431595 9
000431596 29
000431597 14
000431598 12
000431599 12
000431600 23
000431601 22
000431602 19
000431603 24
000431604 30
000431605 8
000431606 17
000431607 22
000431608 33
000431609 12
000431610 16
000431611 21
000431612 26
000431613 18
000431614 16
000431615 31
000431616 13
000431617 14
000431618 14
000431619 13
000431620 33
000431621 15
000431622 10
000431623 29
000431624 19
000431625 13
000431626 21
000431627 17
000431628 19
000431629 20
000431630 22
000431631 19
000431632 26
000431633 16
000431634 14
000431635 15
000431636 17
000431637 41
000431638 15
000431639 20
000431640 35
000431641 23
000431642 7
000431643 27
000431644 12
000431645 25
000431646 32
000431647 30
000431648 26
000431649 16
000431650 7
000431652 28
000431653 7
000431654 20
000431655 18
000431656 11
000431657 18
000431658 18
000431659 17
000431660 29
000431661 15
000431662 16
000431663 9
000431664 23
000431665 13
000431666 17
000431667 24
000431668 36
000431669 27
000431670 36
000431671 19
000431672 32
000431673 11
000431674 17
000431675 42
000431676 14
000431677 23
000431678 20
000431679 23
000431680 12
000431681 21
000431682 11
000431683 22
000431684 35
000431685 35
000431686 22
000431687 20
000431688 14
000431689 12
000431690 19
000431691 21
000431692 20
000431693 24
000431694 28
000431695 24
000431696 21
000431697 19
000431698 20
000431699 10
000431700 23
000431701 24
000431702 27
000431703 12
000431704 13
000431705 17
000431706 21
000431707 26
000431708 16
000431709 23
000431710 29
000431711 25
000431712 23
000431713 7
000431714 13
000431715 14
000431716 31
000431717 14
000431718 15
000431719 31
000431720 20
000431721 29
000431722 13
000431723 22
000431724 42
000431725 6
000431726 10
000431727 20
000431728 15
000431729 23
000431730 24
000431731 22
000431732 18
000431733 6
000431734 26
000431735 40
000431736 17
000431737 20
000431738 22
000431739 11
000431740 22
000431741 10
000431742 22
000431743 14
000431744 25
000431745 23
000431746 28
000431747 25
000431748 6
000431749 27
000431750 14
000431751 15
000431752 11
000431753 31
000431754 14
000431755 11
000431756 12
000431757 24
000431758 18
000431759 33
000431760 11
000431761 29
000431762 15
000431763 16
000431764 35
000431765 17
000431766 11
000431767 8
000431768 8
000431769 30
000431770 23
000431771 16
000431772 20
000431773 27
000431774 5
000431775 23
000431776 21
000431777 12
000431778 11
000431779 27
000431780 24
000431781 7
000431782 26
000431783 19
000431784 34
000431785 8
000431786 34
000431787 15
000431788 11
000431789 22
000431790 24
000431791 23
000431792 24
000431793 19
000431794 12
000431795 14
000431797 6
000431798 26
000431799 11
000431800 9
000440001 10
000440002 41
000440003 16
000440004 33
000440005 35
000440006 21
000440007 30
000440008 24
000440009 14
000440011 20
000440012 34
000440013 25
000440014 37
000440015 27
000440016 46
000440017 17
000440018 25
000440019 42
000440020 23
000440021 7
000440022 11
000440023 14
000440024 12
000440025 20
000440026 8
000440027 12
000440028 8
000440029 11
000440030 14
000440031 16
000440032 19
000440033 20
000440034 20
000440035 7
000440036 8
000440037 17
000440038 10
000440039 11
000440040 14
000440041 4
000440042 4
000440043 14
000440044 10
000440045 6
000440046 9
000440047 10
000440048 15
000440049 7
000440050 14
000440052 17
000440053 8
000440054 7
000440055 12
000440056 13
000440057 16
000440058 14
000440059 9
000440060 14
000440061 17
000440062 11
000440063 20
000440064 13
000440065 18
000440066 8
000440067 11
000440068 13
000440069 19
000440070 19
000440071 14
000440072 12
000440073 15
000440074 19
000440075 13
000440076 18
000440077 7
000440078 20
000440079 14
000440080 10
000440081 13
000440082 17
000440083 14
000440084 13
000440085 11
000440086 14
000440087 15
000440088 15
000440089 21
000440090 22
000440091 15
000440092 35
000440093 21
000440094 13
000440095 14
000440096 14
000440097 13
000440098 19
000440099 17
000440100 17
000440101 25
000440102 42
000440103 13
000440104 23
000440105 9
000440107 16
000440108 21
000440109 13
000440110 7
000440111 25
000440113 36
000440114 33
000440115 35
000440116 13
000440117 18
000440118 12
000440119 39
000440120 6
000440121 21
000440122 32
000440123 12
000440124 10
000440125 7
000440126 35
000440127 11
000440128 18
000440129 31
000440130 9
000440131 13
000440132 15
000440133 23
000440134 16
000440136 15
000440137 12
000440138 21
000440139 6
000440140 19
000440141 14
000440142 25
000440143 13
000440144 14
000440145 37
000440146 34
000440147 39
000440148 9
000440149 28
000440150 7
000440151 7
000440152 22
000440153 9
000440154 18
000440155 38
000440156 20
000440157 24
000440158 21
000440159 28
000440160 10
000440161 19
000440162 27
000440163 17
000440164 22
000440165 18
000440167 25
000440168 24
000440169 21
000440170 9
000440171 21
000440172 23
000440173 17
000440175 35
000440176 27
000440177 10
000440178 16
000440179 16
000440180 22
000440181 24
000440182 20
000440183 14
000440184 23
000440185 30
000440186 20
000440187 18
000440188 19
000440189 16
000440190 22
000440191 20
000440192 19
000440193 28
000440194 31
000440195 8
000440196 9
000440197 8
000440198 18
000440199 12
000440201 21
000440202 9
000440203 22
000440204 12
000440205 9
000440206 12
000440207 9
000440208 13
000440209 21
000440210 21
000440211 25
000440212 16
000440213 8
000440214 19
000440215 20
000440216 14
000440217 8
000440218 7
000440219 27
000440220 18
000440221 11
000440222 31
000440223 32
000440224 8
000440225 13
000440226 15
000440227 16
000440228 34
000440229 28
000440230 34
000440231 27
000440232 31
000440233 13
000440235 12
000440236 16
000440237 12
000440238 13
000440239 24
000440240 15
000440241 12
000440242 34
000440243 29
000440244 18
000440245 11
000440246 8
000440247 17
000440248 16
000440249 26
000440250 8
000440251 36
000440252 23
000440253 12
000440254 15
000440255 11
000440256 25
000440257 16
000440258 33
000440259 29
000440260 23
000440261 32
000440263 22
000440264 23
000440265 33
000440266 9
000440267 31
000440268 7
000440269 6
000440270 26
000440271 8
000440272 33
000440273 23
000440274 26
000440275 11
000440276 20
000440277 15
000440278 13
000440280 18
000440281 36
000440282 30
000440283 14
000440284 13
000440285 15
000440286 19
000440287 28
000440288 16
000440289 10
000440290 22
000440292 14
000440293 15
000440294 17
000440295 26
000440296 26
000440297 23
000440298 16
000440299 17
000440300 21
000440301 14
000440302 32
000440303 21
000440304 17
000440305 10
000440306 10
000440307 18
000440308 19
000440309 26
000440310 15
000440311 25
000440312 17
000440313 20
000440314 26
000440315 13
000440316 23
000440317 18
000440318 15
000440319 30
000440320 20
000440321 10
000440322 26
000440323 9
000440324 21
000440325 16
000440326 13
000440327 23
000440328 8
000440329 15
000440330 20
000440331 13
000440332 20
000440333 28
000440334 38
000440335 23
000440336 15
000440337 36
000440339 28
000440340 27
000440341 20
000440342 5
000440343 21
000440344 25
000440345 21
000440346 10
000440347 20
000440348 8
000440349 25
000440350 17
000440351 24
000440352 13
000440353 16
000440354 15
000440355 34
000440356 9
000440357 21
000440358 18
000440359 16
000440360 21
000440361 21
000440362 7
000440363 22
000440364 43
000440367 6
000440368 22
000440369 23
000440370 24
000440371 28
000440372 11
000440373 12
000440374 13
000440375 34
000440376 15
000440377 30
000440378 24
000440379 24
000440380 15
000440381 6
000440382 27
000440383 20
000440384 14
000440385 33
000440386 20
000440387 35
000440388 29
000440389 15
000440390 35
000440391 24
000440393 25
000440394 18
000440395 12
000440396 33
000440397 12
000440398 20
000440399 18
000440400 18
000441401 17
000441402 18
000441404 21
000441407 23
000441408 13
000441409 10
000441416 13
000441417 28
000441418 12
000441420 14
000441422 13
000441423 10
000441424 15
000441425 10
000441426 18
000441427 19
000441429 15
000441431 26
000441435 16
000441437 12
000441438 16
000441439 19
000441440 8
000441443 24
000441446 21
000441447 11
000441448 21
000441449 12
000441451 20
000441452 25
000441453 21
000441454 6
000441456 20
000441457 13
000441458 23
000441460 17
000441461 16
000441462 17
000441463 20
000441464 16
000441465 13
000441466 19
000441467 9
000441469 19
000441470 17
000441471 14
000441472 20
000441473 12
000441474 8
000441475 20
000441476 13
000441477 12
000441478 14
000441479 16
000441480 30
000441481 12
000441482 14
000441483 17
000441484 15
000441485 9
000441488 15
000441489 26
000441490 13
000441491 15
000441492 16
000441493 11
000441494 13
000441496 21
000441497 15
000441498 15
000441499 14
000441500 17
000441501 8
000441502 31
000441503 14
000441504 23
000441505 23
000441506 23
000441507 24
000441508 34
000441509 36
000441510 28
000441511 19
000441512 16
000441513 7
000441514 27
000441515 19
000441516 30
000441517 13
000441518 19
000441519 31
000441520 21
000441521 10
000441522 21
000441525 22
000441527 16
000441528 38
000441529 12
000441531 25
000441532 36
000441533 39
000441534 22
000441535 9
000441536 10
000441537 29
000441538 13
000441539 20
000441540 18
000441542 15
000441543 17
000441544 19
000441545 6
000441546 31
000441547 8
000441549 6
000441550 16
000441551 9
000441552 16
000441553 7
000441554 18
000441556 26
000441558 13
000441559 20
000441561 27
000441562 20
000441566 19
000441567 22
000441568 24
000441569 9
000441570 39
000441571 16
000441572 13
000441573 30
000441575 7
000441576 20
000441577 26
000441578 8
000441579 22
000441580 33
000441582 30
000441584 28
000441585 21
000441586 21
000441588 26
000441589 13
000441590 36
000441591 23
000441593 22
000441594 20
000441595 13
000441596 18
000441599 20
000441600 12
000441601 28
000441602 21
000441604 34
000441605 21
000441606 18
000441608 7
000441609 5
000441610 31
000441611 16
000441612 33
000441614 15
000441616 14
000441617 16
000441619 6
000441620 34
000441621 13
000441622 13
000441623 31
000441624 9
000441625 17
000441626 15
000441628 22
000441629 16
000441630 27
000441631 11
000441632 22
000441633 16
000441634 8
000441635 23
000441636 8
000441637 19
000441638 10
000441639 13
000441640 14
000441641 25
000441642 27
000441644 17
000441645 19
000441646 7
000441648 19
000441649 10
000441650 13
000441651 13
000441652 27
000441653 21
000441654 42
000441655 19
000441657 12
000441658 19
000441659 16
000441661 10
000441662 27
000441663 33
000441666 14
000441667 25
000441668 11
000441670 18
000441671 10
000441673 11
000441674 31
000441676 23
000441677 19
000441678 12
000441679 22
000441680 5
000441681 23
000441682 17
000441683 12
000441684 40
000441686 25
000441687 18
000441688 7
000441689 23
000441690 31
000441692 18
000441694 23
000441695 14
000441697 9
000441700 53
000441701 12
000441702 29
000441703 46
000441704 31
000441705 9
000441706 7
000441707 17
000441708 37
000441709 8
000441713 6
000441714 5
000441715 38
000441716 30
000441717 18
000441719 32
000441720 13
000441721 7
000441723 15
000441724 6
000441725 35
000441726 33
000441728 25
000441730 12
000441731 13
000441732 35
000441733 18
000441734 29
000441735 55
000441736 26
000441737 13
000441738 30
000441739 13
000441740 16
000441741 9
000441742 17
000441743 9
000441744 18
000441745 30
000441747 6
000441748 24
000441749 15
000441750 31
000441751 14
000441755 31
000441758 26
000441759 18
000441760 15
000441761 19
000441762 8
000441763 28
000441767 9
000441768 15
000441770 12
000441771 11
000441773 21
000441774 21
000441775 18
000441776 10
000441778 26
000441779 28
000441781 13
000441784 11
000441785 34
000441786 22
000441788 11
000441789 19
000441790 28
000441791 9
000441792 18
000441793 22
000441794 31
000441795 10
000441796 9
000441797 25
000441798 31
000441799 23
000441800 20
000450001 10
000450002 41
000450003 16
000450005 34
000450006 20
000450007 32
000450009 14
000450010 26
000450011 20
000450012 34
000450013 20
000450014 37
000450015 27
000450016 48
000450017 18
000450019 42
000450020 23
000450021 7
000450023 14
000450024 12
000450025 20
000450026 8
000450027 12
000450028 8
000450029 11
000450030 14
000450031 15
000450032 19
000450033 20
000450034 20
000450036 8
000450037 17
000450038 10
000450039 11
000450040 14
000450041 4
000450042 4
000450043 14
000450044 10
000450045 6
000450048 15
000450050 14
000450054 7
000450056 13
000450057 15
000450058 14
000450059 9
000450060 14
000450061 17
000450062 11
000450063 20
000450064 13
000450065 18
000450067 11
000450068 14
000450069 20
000450070 18
000450072 12
000450073 15
000450074 14
000450075 13
000450076 18
000450077 7
000450079 13
000450081 13
000450082 16
000450083 13
000450084 12
000450085 11
000450086 14
000450087 15
000450088 15
000450089 21
000450090 22
000450091 15
000450093 16
000450094 13
000450095 14
000450096 14
000450097 13
000450098 19
000450099 17
000450100 17
000450101 21
000450102 12
000450103 7
000450105 12
000450106 24
000450107 14
000450109 31
000450110 27
000450111 19
000450112 21
000450116 9
000450117 9
000450119 25
000450120 23
000450121 27
000450122 9
000450123 26
000450124 27
000450126 12
000450128 30
000450129 23
000450130 14
000450131 30
000450132 10
000450133 18
000450134 15
000450136 18
000450137 14
000450138 25
000450140 14
000450141 35
000450142 18
000450143 26
000450144 23
000450145 25
000450146 23
000450147 14
000450148 27
000450149 28
000450150 19
000450151 12
000450152 18
000450153 14
000450154 28
000450156 19
000450157 13
000450158 34
000450160 13
000450161 19
000450162 15
000450163 12
000450164 24
000450165 17
000450166 23
000450167 27
000450168 20
000450169 25
000450170 4
000450171 23
000450172 28
000450173 10
000450174 13
000450175 24
000450176 9
000450177 17
000450178 24
000450179 30
000450181 35
000450182 21
000450183 15
000450184 39
000450185 25
000450186 14
000450187 24
000450188 20
000450189 20
000450192 18
000450193 33
000450194 36
000450196 28
000450197 35
000450198 16
000450199 20
000450200 24
000450201 5
000450202 9
000450203 22
000450204 19
000450206 23
000450207 28
000450208 12
000450209 17
000450211 29
000450212 18
000450213 6
000450214 32
000450215 16
000450216 14
000450217 30
000450218 14
000450219 25
000450220 28
000450221 31
000450222 21
000450223 27
000450224 6
000450225 32
000450226 24
000450227 16
000450228 11
000450229 26
000450230 15
000450231 28
000450232 17
000450233 13
000450234 19
000450235 10
000450237 22
000450240 23
000450241 24
000450242 24
000450243 7
000450244 26
000450247 21
000450248 26
000450249 22
000450250 24
000450251 14
000450254 17
000450255 15
000450256 18
000450257 8
000450258 18
000450259 32
000450260 9
000450262 23
000450263 37
000450265 31
000450266 14
000450267 6
000450268 22
000450269 25
000450270 15
000450273 34
000450275 17
000450276 31
000450277 6
000450278 29
000450279 13
000450280 27
000450281 26
000450283 20
000450284 14
000450285 31
000450286 33
000450288 22
000450289 24
000450291 18
000450292 25
000450293 23
000450294 28
000450299 18
000450301 16
000450302 28
000450303 17
000450309 22
000450311 26
000450312 15
000450313 19
000450314 11
000450315 16
000450316 33
000450317 29
000450318 35
000450319 7
000450322 19
000450324 20
000450326 24
000450327 9
000450328 39
000450329 15
000450330 11
000450331 9
000450332 28
000450333 22
000450334 12
000450335 29
000450337 29
000450338 18
000450339 16
000450340 14
000450341 13
000450342 14
000450343 16
000450344 19
000450345 35
000450346 9
000450347 15
000450348 17
000450349 20
000450350 31
000450352 32
000450353 27
000450354 25
000450356 14
000450357 14
000450359 23
000450360 21
000450361 28
000450362 24
000450363 24
000450364 29
000450365 36
000450367 30
000450368 16
000450369 32
000450370 25
000450371 35
000450372 22
000450373 5
000450374 8
000450375 16
000450376 22
000450377 41
000450378 7
000450379 20
000450380 43
000450381 26
000450382 24
000450383 11
000450385 26
000450386 29
000450387 12
000450388 18
000450389 20
000450392 17
000450394 29
000450395 19
000450396 26
000450397 32
000450398 10
000450399 17
000451401 12
000451402 18
000451403 13
000451404 21
000451405 13
000451406 15
000451407 17
000451408 16
000451411 19
000451412 21
000451413 6
000451414 19
000451415 11
000451416 13
000451418 12
000451422 13
000451423 10
000451424 15
000451425 10
000451428 10
000451429 15
000451430 17
000451433 19
000451434 14
000451435 10
000451436 12
000451438 16
000451439 19
000451441 17
000451443 17
000451444 19
000451445 17
000451447 10
000451448 16
000451449 12
000451450 16
000451451 21
000451452 25
000451453 15
000451454 6
000451457 13
000451458 22
000451459 15
000451460 15
000451463 21
000451464 16
000451465 13
000451466 19
000451467 9
000451470 18
000451471 14
000451473 12
000451474 8
000451475 20
000451476 13
000451478 14
000451479 17
000451480 33
000451482 14
000451483 17
000451485 10
000451487 18
000451488 15
000451489 25
000451490 13
000451491 15
000451492 16
000451493 11
000451494 13
000451495 12
000451496 21
000451498 15
000451499 14
000451500 18
000451501 22
000451502 21
000451503 25
000451504 23
000451505 14
000451506 25
000451507 25
000451508 16
000451509 17
000451510 14
000451511 20
000451512 13
000451513 5
000451514 25
000451515 30
000451517 15
000451518 21
000451519 19
000451520 17
000451521 30
000451522 34
000451523 23
000451524 31
000451525 14
000451526 9
000451527 36
000451530 12
000451531 25
000451532 20
000451533 18
000451534 43
000451535 9
000451536 26
000451537 15
000451538 14
000451539 14
000451540 43
000451541 17
000451542 30
000451543 10
000451544 13
000451545 18
000451546 20
000451547 26
000451548 8
000451549 14
000451550 20
000451551 31
000451552 40
000451553 13
000451554 18
000451555 12
000451557 19
000451558 21
000451560 24
000451561 32
000451562 17
000451563 10
000451564 10
000451565 17
000451567 10
000451568 28
000451569 27
000451570 24
000451571 32
000451572 10
000451573 24
000451574 18
000451575 28
000451578 8
000451579 12
000451581 7
000451582 13
000451583 17
000451584 22
000451585 11
000451586 28
000451588 17
000451590 13
000451591 8
000451592 38
000451593 30
000451594 38
000451595 9
000451596 20
000451597 24
000451598 11
000451599 24
000451600 16
000451601 9
000451602 17
000451604 18
000451605 20
000451607 18
000451609 20
000451610 18
000451613 6
000451614 14
000451615 9
000451616 26
000451617 11
000451618 18
000451619 14
000451620 32
000451621 29
000451622 25
000451623 23
000451626 14
000451627 19
000451628 37
000451629 8
000451630 23
000451631 23
000451632 22
000451633 28
000451636 14
000451637 24
000451639 32
000451640 25
000451641 27
000451642 12
000451644 12
000451645 16
000451646 24
000451647 14
000451648 24
000451649 18
000451650 34
000451651 37
000451652 32
000451653 13
000451654 14
000451656 21
000451657 5
000451658 22
000451659 7
000451661 20
000451662 30
000451663 30
000451664 9
000451665 21
000451667 23
000451668 28
000451670 11
000451671 7
000451672 10
000451674 12
000451675 9
000451676 2
000451678 28
000451679 27
000451680 5
000451681 22
000451682 21
000451683 16
000451684 9
000451685 22
000451686 30
000451687 13
000451688 23
000451690 23
000451691 27
000451692 19
000451694 6
000451695 36
000451696 12
000451697 11
000451698 17
000451699 17
000451700 26
000451701 24
000451703 36
000451704 22
000451705 22
000451707 13
000451708 23
000451709 7
000451710 10
000451712 29
000451713 28
000451716 29
000451717 10
000451720 22
000451722 6
000451728 18
000451729 5
000451731 5
000451732 21
000451733 24
000451734 19
000451739 16
000451742 19
000451744 21
000451747 8
000451749 21
000451752 16
000451755 6
000451757 24
000451767 23
000451771 20
000451772 17
000451781 15
000451789 8
000451792 9
000451796 20
000451798 10
000451799 10
000460001 10
000460002 41
000460003 16
000460004 33
000460005 35
000460006 21
000460007 30
000460008 24
000460009 20
000460010 27
000460011 20
000460012 33
000460013 20
000460014 37
000460015 27
000460016 46
000460017 18
000460018 25
000460019 42
000460020 23
000460021 7
000460022 11
000460024 10
000460025 20
000460026 8
000460027 12
000460028 8
000460029 11
000460030 14
000460031 15
000460032 19
000460033 20
000460034 20
000460036 8
000460037 17
000460038 10
000460039 11
000460040 14
000460041 4
000460042 4
000460043 14
000460044 10
000460045 6
000460046 9
000460048 15
000460049 7
000460050 14
000460052 17
000460053 8
000460054 7
000460055 12
000460056 13
000460057 16
000460058 14
000460059 9
000460060 14
000460061 17
000460062 11
000460063 20
000460064 13
000460065 18
000460066 8
000460067 11
000460068 13
000460069 20
000460070 19
000460071 14
000460072 12
000460073 15
000460074 14
000460075 13
000460076 18
000460077 7
000460078 20
000460079 14
000460080 10
000460081 13
000460082 17
000460083 14
000460084 13
000460085 10
000460086 14
000460087 15
000460088 15
000460089 21
000460090 22
000460091 15
000460092 35
000460093 16
000460094 13
000460095 14
000460096 14
000460097 13
000460098 19
000460099 17
000460100 17
000460101 15
000460102 11
000460103 16
000460104 27
000460105 21
000460106 12
000460107 8
000460108 22
000460109 11
000460110 30
000460111 15
000460112 14
000460113 34
000460114 26
000460115 21
000460116 11
000460117 26
000460118 14
000460119 8
000460120 19
000460121 18
000460122 10
000460123 10
000460124 30
000460125 41
000460126 13
000460127 8
000460128 27
000460129 13
000460130 32
000460131 29
000460132 13
000460133 30
000460134 10
000460135 25
000460136 28
000460137 33
000460138 28
000460139 33
000460140 22
000460142 11
000460144 10
000460146 13
000460147 21
000460148 14
000460150 27
000460151 26
000460152 8
000460153 19
000460154 17
000460155 32
000460156 21
000460157 24
000460158 12
000460159 30
000460160 22
000460161 19
000460162 33
000460163 10
000460164 13
000460165 15
000460166 9
000460167 6
000460168 25
000460169 8
000460170 21
000460171 29
000460172 36
000460173 33
000460174 7
000460175 20
000460176 16
000460177 15
000460178 12
000460179 10
000460180 23
000460181 25
000460182 36
000460183 9
000460184 48
000460185 14
000460186 29
000460187 15
000460188 35
000460189 17
000460190 15
000460191 39
000460192 16
000460193 15
000460194 19
000460195 23
000460196 11
000460197 10
000460198 30
000460199 35
000460200 27
000460202 13
000460203 22
000460204 16
000460205 10
000460206 15
000460208 10
000460209 12
000460210 16
000460211 11
000460212 17
000460213 22
000460214 18
000460215 28
000460216 11
000460218 33
000460219 11
000460220 28
000460221 25
000460222 15
000460223 29
000460224 39
000460225 11
000460226 12
000460227 20
000460228 30
000460229 20
000460230 22
000460231 12
000460232 12
000460233 15
000460234 23
000460235 12
000460236 23
000460237 5
000460238 28
000460239 11
000460240 23
000460241 18
000460242 16
000460243 9
000460244 15
000460245 12
000460246 24
000460247 12
000460248 18
000460249 48
000460250 12
000460251 8
000460252 14
000460253 14
000460254 17
000460255 26
000460256 13
000460257 23
000460258 14
000460259 9
000460260 7
000460261 19
000460262 13
000460263 15
000460264 6
000460265 20
000460266 31
000460267 16
000460268 13
000460269 27
000460270 27
000460271 18
000460272 16
000460273 5
000460274 27
000460275 6
000460276 12
000460277 10
000460278 22
000460279 17
000460280 13
000460281 12
000460282 20
000460283 17
000460284 15
000460285 40
000460286 21
000460287 20
000460288 31
000460289 14
000460290 17
000460291 20
000460292 6
000460293 49
000460294 28
000460295 29
000460296 17
000460297 17
000460298 15
000460299 8
000460300 24
000460301 12
000460302 19
000460303 5
000460304 14
000460305 17
000460306 19
000460307 12
000460308 7
000460309 14
000460310 18
000460311 35
000460312 24
000460313 27
000460314 35
000460315 28
000460316 13
000460317 29
000460318 11
000460319 14
000460320 27
000460321 27
000460322 16
000460323 14
000460324 9
000460325 23
000460326 36
000460327 19
000460328 30
000460329 10
000460330 9
000460331 15
000460332 11
000460333 7
000460334 26
000460335 10
000460336 16
000460337 26
000460338 25
000460339 6
000460340 22
000460341 15
000460342 8
000460343 27
000460344 13
000460345 11
000460346 8
000460347 20
000460348 17
000460349 19
000460350 14
000460351 6
000460352 12
000460353 23
000460354 13
000460355 8
000460356 24
000460357 31
000460358 21
000460359 14
000460360 29
000460361 21
000460362 9
000460363 16
000460364 6
000460365 24
000460366 5
000460367 42
000460368 21
000460369 21
000460370 24
000460371 23
000460372 19
000460373 28
000460374 29
000460375 13
000460376 13
000460377 25
000460378 24
000460379 9
000460380 13
000460381 14
000460382 35
000460383 22
000460384 23
000460385 23
000460386 24
000460387 20
000460388 49
000460389 24
000460390 22
000460391 28
000460392 16
000460393 12
000460394 9
000460395 18
000460396 29
000460397 13
000460398 26
000460399 15
000460400 8
000461401 12
000461402 18
000461403 13
000461404 21
000461405 13
000461406 15
000461407 17
000461408 16
000461409 10
000461410 19
000461411 19
000461412 21
000461413 6
000461414 18
000461415 9
000461416 13
000461418 12
000461419 16
000461421 8
000461422 13
000461423 10
000461424 15
000461425 10
000461427 21
000461428 10
000461429 15
000461430 17
000461431 14
000461432 20
000461433 19
000461434 14
000461435 10
000461436 12
000461437 12
000461438 16
000461439 19
000461440 8
000461441 16
000461442 20
000461443 16
000461444 19
000461445 15
000461446 18
000461447 11
000461448 14
000461449 12
000461450 16
000461451 21
000461452 25
000461453 15
000461454 6
000461456 20
000461457 13
000461458 23
000461459 15
000461460 15
000461461 16
000461463 21
000461464 16
000461465 13
000461466 19
000461467 8
000461468 15
000461469 19
000461470 18
000461471 14
000461472 20
000461473 12
000461474 8
000461475 20
000461476 13
000461477 12
000461478 14
000461479 17
000461480 33
000461481 12
000461482 14
000461483 17
000461485 10
000461486 7
000461487 18
000461488 14
000461489 25
000461490 13
000461491 15
000461492 16
000461493 11
000461494 12
000461495 12
000461496 21
000461497 15
000461498 15
000461499 14
000461500 18
000461501 24
000461502 23
000461503 31
000461504 25
000461506 8
000461507 13
000461508 15
000461509 26
000461510 29
000461512 24
000461513 34
000461514 10
000461515 10
000461516 26
000461517 20
000461518 15
000461519 13
000461521 9
000461523 9
000461524 24
000461525 22
000461526 14
000461527 16
000461528 34
000461529 29
000461530 17
000461531 22
000461532 9
000461533 31
000461534 20
000461535 27
000461536 12
000461537 35
000461539 19
000461540 28
000461541 24
000461542 16
000461543 8
000461544 7
000461545 18
000461546 9
000461548 7
000461549 9
000461550 14
000461551 26
000461552 28
000461553 16
000461554 40
000461555 10
000461556 11
000461557 26
000461558 6
000461559 6
000461560 18
000461561 20
000461562 15
000461563 18
000461564 23
000461565 14
000461566 11
000461567 12
000461568 8
000461569 14
000461570 25
000461571 23
000461572 25
000461573 12
000461574 13
000461575 22
000461576 9
000461577 11
000461578 23
000461579 15
000461580 25
000461581 24
000461582 9
000461583 14
000461584 12
000461585 35
000461586 10
000461587 21
000461588 13
000461589 34
000461590 40
000461591 21
000461592 22
000461593 17
000461594 13
000461595 30
000461596 31
000461597 39
000461598 19
000461599 17
000461600 25
000461601 22
000461602 25
000461603 22
000461604 28
000461605 19
000461606 12
000461607 22
000461609 36
000461610 15
000461611 15
000461612 7
000461613 33
000461614 20
000461615 14
000461616 8
000461617 24
000461618 23
000461619 32
000461620 22
000461621 11
000461622 19
000461623 29
000461624 14
000461625 22
000461626 21
000461627 26
000461628 18
000461629 31
000461630 28
000461631 17
000461632 8
000461633 7
000461634 18
000461635 10
000461636 28
000461637 36
000461638 24
000461639 11
000461640 17
000461641 10
000461642 13
000461643 14
000461644 23
000461645 12
000461646 16
000461647 25
000461648 15
000461649 23
000461651 33
000461652 11
000461653 18
000461654 15
000461655 25
000461656 19
000461658 7
000461659 12
000461661 32
000461662 13
000461666 22
000461667 17
000461668 10
000461669 32
000461670 12
000461671 9
000461672 20
000461673 25
000461674 16
000461675 12
000461676 12
000461677 21
000461678 38
000461679 16
000461680 7
000461681 9
000461682 7
000461683 25
000461684 25
000461685 23
000461686 7
000461687 17
000461688 19
000461689 8
000461690 16
000461691 12
000461692 37
000461693 12
000461694 11
000461695 13
000461696 28
000461697 11
000461698 10
000461699 23
000461700 17
000461701 20
000461702 9
000461703 25
000461704 35
000461705 19
000461706 18
000461707 12
000461708 21
000461709 15
000461710 9
000461711 5
000461712 14
000461713 29
000461714 20
000461715 34
000461716 15
000461717 24
000461718 12
000461719 10
000461720 14
000461721 21
000461722 27
000461723 24
000461724 17
000461725 16
000461726 15
000461727 23
000461728 36
000461729 18
000461730 8
000461731 23
000461732 21
000461733 14
000461734 11
000461735 11
000461736 10
000461737 21
000461738 20
000461739 17
000461740 9
000461741 16
000461742 19
000461743 18
000461744 14
000461745 11
000461746 19
000461747 27
000461748 19
000461749 15
000461750 21
000461751 18
000461752 24
000461753 17
000461754 17
000461755 5
000461756 23
000461757 20
000461758 17
000461759 22
000461760 27
000461761 29
000461763 22
000461764 16
000461765 7
000461766 23
000461767 24
000461768 19
000461769 16
000461770 16
000461771 25
000461772 13
000461773 32
000461774 11
000461775 25
000461776 26
000461777 26
000461778 6
000461779 32
000461780 28
000461781 22
000461782 21
000461783 26
000461784 26
000461785 9
000461786 21
000461787 11
000461788 17
000461789 7
000461791 6
000461792 35
000461793 33
000461794 15
000461795 22
000461796 14
000461797 25
000461798 15
000461799 16
000470001 10
000470002 41
000470003 16
000470004 33
000470005 35
000470006 21
000470007 29
000470011 20
000470016 46
000470017 18
000470018 25
000470019 48
000470021 7
000470024 12
000470028 8
000470029 11
000470030 14
000470031 15
000470033 20
000470036 8
000470038 10
000470039 11
000470040 20
000470043 14
000470045 6
000470046 9
000470048 15
000470049 7
000470052 17
000470053 8
000470055 12
000470056 13
000470057 16
000470059 9
000470061 17
000470062 11
000470063 20
000470068 13
000470069 20
000470072 12
000470074 14
000470076 18
000470081 13
000470082 22
000470083 19
000470085 11
000470087 15
000470088 14
000470089 21
000470091 15
000470093 16
000470094 13
000470095 15
000470097 13
000470098 19
000470099 17
000470100 17
000470101 11
000470102 8
000470103 9
000470104 21
000470105 15
000470106 8
000470107 20
000470108 22
000470109 18
000470110 20
000470114 21
000470115 16
000470116 16
000470117 9
000470119 13
000470123 9
000470125 27
000470126 35
000470127 13
000470128 33
000470129 23
000470130 14
000470131 32
000470132 14
000470133 11
000470139 32
000470140 39
000470141 18
000470142 29
000470143 8
000470144 11
000470145 6
000470146 36
000470147 9
000470148 18
000470149 17
000470150 32
000470151 18
000470152 32
000470154 6
000470156 32
000470157 21
000470158 29
000470159 33
000470160 8
000470161 24
000470163 14
000470164 16
000470166 9
000470168 7
000470169 24
000470170 31
000470171 21
000470172 14
000470173 27
000470174 9
000470175 14
000470176 22
000470177 21
000470178 19
000470179 24
000470180 12
000470182 14
000470183 40
000470184 16
000470186 5
000470187 22
000470189 16
000470190 16
000470193 21
000470194 30
000470195 24
000470196 30
000470197 7
000470202 32
000470203 23
000470204 19
000470205 14
000470206 38
000470207 20
000470208 30
000470209 19
000470210 9
000470211 9
000470213 27
000470214 34
000470215 33
000470216 23
000470217 21
000470218 17
000470219 17
000470220 33
000470221 14
000470222 17
000470223 41
000470224 7
000470225 15
000470226 25
000470227 13
000470228 17
000470229 17
000470230 24
000470231 28
000470232 11
000470233 7
000470234 24
000470235 23
000470236 9
000470237 19
000470239 11
000470241 9
000470242 9
000470243 33
000470244 18
000470245 6
000470246 11
000470247 11
000470248 22
000470249 10
000470250 26
000470251 19
000470252 10
000470253 34
000470254 16
000470256 24
000470257 31
000470259 29
000470260 49
000470261 20
000470264 19
000470265 36
000470266 31
000470268 14
000470269 16
000470270 26
000470271 27
000470272 27
000470277 15
000470278 21
000470279 19
000470280 19
000470285 37
000470286 25
000470287 22
000470288 20
000470289 20
000470290 31
000470292 14
000470293 36
000470294 29
000470295 11
000470296 38
000470298 14
000470299 23
000470303 16
000470304 31
000470305 11
000470306 22
000470307 21
000470308 27
000470310 16
000470311 25
000470313 15
000470314 12
000470315 17
000470316 19
000470317 5
000470318 5
000470320 8
000470323 26
000470325 20
000470326 33
000470327 34
000470328 13
000470329 30
000470330 25
000470331 15
000470332 12
000470333 18
000470334 10
000470335 16
000470336 8
000470337 20
000470339 12
000470340 19
000470341 21
000470342 18
000470343 13
000470344 19
000470345 22
000470346 22
000470347 21
000470348 26
000470349 11
000470350 32
000470352 32
000470353 22
000470354 34
000470355 14
000470356 14
000470358 18
000470360 27
000470363 37
000470364 13
000470366 15
000470370 8
000470371 31
000470372 13
000470377 12
000470378 29
000470379 27
000470380 26
000470381 13
000470382 20
000470383 19
000470384 11
000470385 28
000470386 21
000470387 25
000470389 21
000470390 16
000470391 23
000470392 21
000470393 8
000470394 24
000470395 24
000470396 25
000470397 34
000470398 16
000470399 26
000470400 11
000471402 18
000471403 13
000471405 13
000471406 15
000471407 17
000471409 10
000471411 19
000471412 21
000471414 19
000471415 11
000471416 13
000471418 12
000471419 16
000471421 8
000471422 13
000471423 10
000471424 15
000471427 21
000471430 17
000471431 14
000471432 20
000471433 19
000471435 10
000471436 12
000471438 16
000471439 19
000471440 8
000471441 17
000471442 20
000471443 18
000471444 19
000471445 15
000471448 16
000471449 12
000471451 21
000471452 25
000471453 15
000471454 6
000471456 20
000471458 23
000471459 15
000471460 15
000471461 16
000471463 23
000471465 13
000471466 19
000471467 9
000471468 15
000471471 14
000471474 8
000471475 20
000471476 13
000471478 14
000471480 33
000471482 14
000471483 17
000471485 10
000471487 18
000471490 13
000471491 15
000471494 13
000471495 12
000471497 15
000471498 15
000471499 14
000471500 20
000471501 18
000471502 17
000471503 24
000471504 13
000471505 16
000471506 11
000471508 23
000471509 16
000471510 14
000471511 13
000471513 16
000471515 12
000471516 13
000471517 17
000471518 15
000471519 6
000471520 18
000471521 8
000471522 26
000471523 18
000471524 15
000471525 11
000471526 17
000471527 22
000471529 22
000471530 26
000471531 20
000471532 36
000471533 17
000471535 18
000471537 23
000471538 23
000471539 29
000471540 8
000471542 29
000471543 16
000471545 14
000471546 17
000471547 15
000471548 23
000471549 20
000471550 13
000471551 15
000471552 21
000471553 5
000471554 9
000471556 14
000471557 18
000471558 11
000471559 15
000471560 20
000471561 26
000471562 26
000471563 32
000471564 14
000471566 33
000471567 15
000471568 30
000471569 29
000471570 30
000471571 16
000471572 27
000471573 14
000471574 23
000471575 23
000471576 27
000471577 32
000471578 9
000471579 23
000471580 18
000471581 14
000471582 13
000471584 21
000471585 31
000471586 18
000471587 10
000471588 15
000471589 16
000471590 28
000471591 13
000471592 20
000471593 9
000471594 14
000471595 26
000471596 21
000471597 20
000471599 24
000471600 16
000471601 22
000471602 29
000471604 11
000471605 29
000471607 16
000471608 21
000471609 18
000471610 20
000471611 10
000471612 22
000471613 23
000471614 19
000471616 20
000471617 28
000471618 10
000471619 13
000471620 13
000471621 14
000471622 17
000471624 16
000471625 11
000471626 8
000471627 12
000471630 23
000471631 20
000471633 13
000471635 17
000471636 7
000471637 21
000471638 19
000471639 26
000471640 12
000471641 12
000471642 7
000471643 21
000471644 12
000471645 26
000471646 16
000471650 11
000471651 29
000471652 20
000471653 19
000471654 9
000471655 25
000471656 18
000471657 18
000471658 6
000471659 20
000471660 6
000471661 18
000471662 23
000471663 15
000471664 22
000471665 11
000471667 6
000471669 22
000471670 19
000471672 21
000471676 16
000471678 26
000471679 19
000471681 17
000471682 8
000471683 19
000471685 18
000471689 30
000471690 14
000471691 13
000471693 25
000471694 16
000471696 15
000471697 10
000471698 30
000471699 28
000471700 12
000471701 24
000471703 15
000471704 23
000471705 28
000471706 25
000471707 13
000471708 19
000471709 19
000471710 12
000471711 12
000471712 10
000471713 17
000471714 24
000471715 19
000471716 30
000471717 32
000471718 13
000471719 31
000471720 17
000471721 15
000471722 36
000471723 9
000471724 15
000471725 22
000471726 22
000471728 22
000471729 12
000471730 10
000471731 22
000471732 17
000471734 20
000471735 29
000471737 11
000471738 16
000471739 27
000471740 7
000471741 34
000471742 17
000471743 12
000471744 12
000471745 13
000471747 24
000471749 12
000471751 31
000471752 9
000471753 20
000471754 28
000471755 18
000471756 12
000471757 7
000471758 17
000471759 12
000471760 17
000471761 27
000471762 25
000471763 14
000471764 23
000471765 16
000471766 9
000471767 11
000471768 13
000471771 25
000471772 27
000471773 19
000471774 20
000471776 9
000471778 17
000471779 7
000471780 24
000471782 27
000471783 15
000471784 21
000471786 16
000471787 15
000471788 13
000471790 18
000471791 13
000471792 31
000471793 23
000471794 28
000471795 6
000471796 33
000471797 13
000471798 20
000471800 18
000480001 10
000480002 41
000480003 16
000480004 33
000480005 35
000480006 21
000480007 30
000480008 24
000480009 20
000480010 27
000480012 34
000480013 20
000480014 37
000480015 27
000480016 46
000480017 18
000480018 25
000480019 42
000480020 23
000480021 7
000480024 12
000480025 20
000480026 8
000480027 12
000480028 8
000480029 11
000480030 14
000480031 15
000480032 19
000480033 20
000480034 20
000480036 8
000480037 17
000480038 10
000480039 11
000480040 14
000480041 4
000480042 4
000480043 14
000480044 10
000480045 6
000480046 9
