000561657 91040
000561658 100640
000561659 99680
000561660 90880
000561661 115520
000561664 80960
000561666 111680
000561667 46560
000561668 99840
000561674 71040
000561677 157600
000561678 69120
000561679 79360
000561681 110080
000561684 53600
000561685 88160
000561686 138560
000561687 131712
000561688 54080
000561690 87520
000561697 86880
000561705 127840
000561706 73920
000561707 58720
000561708 52000
000561714 58400
000561715 77088
000561716 145600
000561717 93920
000561718 72320
000561719 94016
000561721 104640
000561722 140000
000561723 60000
000561724 118400
000561725 84640
000561727 97296
000561729 69120
000561730 72000
000561733 141280
000561734 89760
000561737 69920
000561740 62720
000561741 131200
000561743 95040
000561746 98080
000561747 92320
000561748 85440
000561750 103040
000561753 137760
000561755 84960
000561756 124960
000561757 88960
000561758 67680
000561759 70560
000561760 69920
000561761 119680
000561764 87088
000561767 120160
000561768 100160
000561771 44000
000561772 109760
000561773 78400
000561776 70112
000561778 100640
000561779 101136
000561780 71200
000561782 95040
000561783 83040
000561786 119840
000561788 64160
000561790 140800
000561793 93600
000561797 80640
000561798 98720
000561799 68480
000570002 156320
000570003 77296
000570004 105600
000570005 129600
000570006 87040
000570007 95680
000570008 84320
000570009 69440
000570010 83680
000570011 58400
000570012 112480
000570013 73920
000570014 119520
000570015 104800
000570016 146240
000570017 75040
000570018 87312
000570019 128000
000570020 72640
000570021 45600
000570022 58560
000570023 70720
000570024 58880
000570025 92000
000570026 51840
000570027 51200
000570028 47360
000570029 56960
000570030 61920
000570031 63200
000570032 61120
000570033 71360
000570035 47520
000570036 53760
000570037 77280
000570038 54560
000570039 53280
000570040 61120
000570041 31840
000570042 36160
000570043 51360
000570044 43040
000570047 40880
000570048 69440
000570049 49120
000570050 50080
000570052 69760
000570054 37344
000570055 51680
000570056 65120
000570058 52480
000570060 58720
000570061 52000
000570062 52640
000570063 71040
000570064 60000
000570065 57600
000570066 52800
000570067 52640
000570068 65280
000570069 59088
000570070 51680
000570071 52160
000570072 62240
000570073 65920
000570074 73280
000570075 58240
000570076 100640
000570077 54240
000570078 87680
000570079 71520
000570080 45440
000570081 54880
000570082 76800
000570083 55840
000570084 60960
000570085 58720
000570086 60960
000570087 66400
000570088 79680
000570089 89280
000570090 80000
000570091 71520
000570092 109760
000570093 71360
000570094 57920
000570095 64480
000570096 64000
000570097 56640
000570098 84160
000570099 66720
000570100 68480
000570101 82080
000570102 36624
000570103 69440
000570104 67200
000570106 49600
000570107 139680
000570109 90400
000570110 69920
000570111 114400
000570112 144480
000570113 47040
000570115 118080
000570116 95792
000570117 109280
000570118 85280
000570119 107040
000570120 81760
000570121 96000
000570122 99520
000570123 118880
000570125 120000
000570126 103200
000570127 76000
000570128 146560
000570129 76640
000570130 96160
000570131 89920
000570132 55360
000570133 116320
000570134 65440
000570136 79680
000570137 104800
000570138 89120
000570139 107200
000570140 73760
000570141 85760
000570142 79696
000570143 89920
000570144 122560
000570145 49440
000570146 121440
000570147 55360
000570148 144640
000570149 135200
000570150 113120
000570151 125760
000570152 81440
000570153 47840
000570154 112320
000570155 109760
000570156 68480
000570157 101440
000570158 67040
000570159 134720
000570160 39840
000570162 97120
000570163 138240
000570164 99680
000570165 158720
000570166 73280
000570167 147360
000570168 117184
000570169 45760
000570170 82240
000570171 108000
000570172 49920
000570173 41440
000570174 150880
000570175 118240
000570177 115840
000570178 145760
000570179 126560
000570180 130240
000570181 99840
000570182 79520
000570183 138080
000570184 103680
000570185 65632
000570186 98880
000570187 68000
000570188 45280
000570189 65280
000570190 110720
000570191 147360
000570192 54560
000570193 118528
000570194 138864
000570195 89280
000570196 145440
000570197 149760
000570198 92000
000570200 44640
000570201 78240
000570203 105920
000570204 116960
000570205 103840
000570206 107360
000570207 69280
000570208 96160
000570209 102720
000570210 86080
000570211 69120
000570212 82400
000570213 93760
000570214 79040
000570217 96960
000570218 47840
000570219 48800
000570220 105440
000570221 49760
000570222 81760
000570223 76000
000570225 47200
000570227 71040
000570228 70560
000570229 87296
000570230 54880
000570231 116160
000570232 131840
000570234 39680
000570235 60160
000570237 92960
000570238 132160
000570239 55520
000570240 72160
000570241 70400
000570242 86080
000570243 42784
000570244 89760
000570245 88800
000570246 89440
000570247 103200
000570248 55040
000570249 63840
000570250 50880
000570251 120480
000570252 102560
000570253 92320
000570254 125760
000570255 55040
000570256 132960
000570257 53280
000570259 95200
000570260 113280
000570261 84960
000570262 63360
000570263 79200
000570264 73280
000570265 101120
000570267 134880
000570268 90240
000570269 72960
000570270 108320
000570271 111200
000570272 120800
000570273 73152
000570274 117120
000570275 90592
000570276 70080
000570277 104640
000570278 60800
000570279 75648
000570280 79040
000570281 47200
000570282 82960
000570283 50400
000570284 67200
000570285 74240
000570286 107200
000570288 57760
000570289 74208
000570290 76320
000570291 105600
000570292 109440
000570293 44512
000570294 95200
000570295 69120
000570296 68000
000570297 129120
000570298 69280
000570299 62880
000570300 104640
000570301 117760
000570302 42240
000570303 115840
000570304 108960
000570305 66752
000570306 79040
000570307 74080
000570308 37120
000570309 55200
000570310 80000
000570311 93440
000570312 115040
000570313 93920
000570314 115680
000570315 65904
000570316 76960
000570317 100960
000570318 89760
000570319 97600
000570320 83040
000570321 115840
000570322 62720
000570323 149120
000570324 136880
000570325 132800
000570326 60000
000570327 140160
000570328 86880
000570329 136480
000570330 79392
000570331 94080
000570332 92000
000570333 129919
000570335 50160
000570336 73280
000570337 51536
000570338 156000
000570339 107040
000570340 149280
000570341 93280
000570342 89120
000570343 49760
000570344 54720
000570345 92160
000570346 83040
000570347 78880
000570349 69920
000570350 172000
000570351 65120
000570352 55040
000570353 111680
000570354 96800
000570355 126560
000570356 46400
000570357 77440
000570358 101920
000570359 69440
000570360 48160
000570361 57440
000570362 79360
000570363 98400
000570364 91360
000570365 117760
000570366 65280
000570367 78080
000570368 159840
000570369 160320
000570370 124800
000570371 54720
000570372 56448
000570373 101008
000570374 110400
000570375 124160
000570376 58880
000570377 100320
000570378 152800
000570379 130400
000570380 71520
000570381 51040
000570382 118400
000570383 122080
000570384 103040
000570385 119360
000570386 174400
000570387 93616
000570388 80160
000570389 117440
000570390 101600
000570391 88480
000570392 59520
000570393 66400
000570394 114400
000570395 69920
000570396 96640
000570397 180256
000570398 116480
000570399 123360
000570400 41760
000571402 78080
000571403 59200
000571404 83680
000571405 69760
000571406 55120
000571407 57280
000571408 68800
000571409 53280
000571410 58560
000571411 79200
000571412 79840
000571413 37440
000571414 69120
000571415 54400
000571416 70720
000571417 107360
000571418 55840
000571419 52160
000571420 57184
000571421 38720
000571422 46720
000571423 48000
000571424 68800
000571425 52640
000571426 51840
000571427 73120
000571428 44800
000571429 45920
000571430 77760
000571431 43840
000571432 69280
000571433 73440
000571434 52480
000571435 50240
000571436 63520
000571437 52160
000571438 56000
000571439 89120
000571441 61920
000571442 79680
000571443 72160
000571444 84000
000571445 47200
000571446 67360
000571447 54544
000571448 50880
000571449 52960
000571450 63680
000571451 70720
000571452 87840
000571453 84960
000571454 43840
000571455 76144
000571456 61120
000571457 65263
000571458 87200
000571459 46400
000571460 55040
000571461 64160
000571463 71520
000571464 64959
000571465 52000
000571466 61120
000571467 46880
000571468 78240
000571469 65920
000571470 68000
000571471 48640
000571472 67360
000571473 47520
000571474 47200
000571475 69920
000571476 64640
000571477 63360
000571479 61600
000571480 96320
000571481 71840
000571482 61760
000571483 56000
000571484 53440
000571485 54720
000571487 68000
000571488 53120
000571489 93120
000571490 46400
000571491 48800
000571492 60160
000571493 46080
000571494 49440
000571495 52800
000571496 62080
000571497 53120
000571498 62736
000571499 58768
000571500 66240
000571501 139040
000571502 100160
000571503 111360
000571504 105760
000571505 58880
000571506 65120
000571507 128960
000571508 87680
000571509 104800
000571510 138080
000571511 108160
000571512 87840
000571513 96640
000571514 56800
000571515 89120
000571516 67040
000571517 52480
000571518 122880
000571519 91840
000571520 78240
000571521 97280
000571522 71360
000571523 61120
000571524 55840
000571525 132960
000571526 147040
000571527 42880
000571528 83040
000571529 73120
000571530 46192
000571531 84800
000571532 80800
000571533 138400
000571534 76000
000571535 124480
000571536 39680
000571537 50720
000571538 81760
000571539 103360
000571540 121120
000571541 82240
000571542 54400
000571543 82880
000571544 80480
000571545 97760
000571546 114240
000571547 75840
000571549 150880
000571550 57760
000571551 55360
000571553 60320
000571554 113120
000571555 119040
000571557 69120
000571558 85760
000571559 102080
000571560 39840
000571561 76800
000571562 107040
000571563 56640
000571564 106720
000571565 92000
000571566 67040
000571567 79040
000571568 120480
000571569 68960
000571570 60640
000571571 85600
000571572 105280
000571573 87040
000571574 54080
000571575 52960
000571576 84160
000571577 102560
000571578 54400
000571579 93920
000571580 107200
000571581 42880
000571583 70880
000571584 72000
000571585 54400
000571586 58240
000571587 43840
000571588 90560
000571589 133760
000571591 95680
000571592 54720
000571593 69280
000571594 127040
000571595 80480
000571597 63520
000571598 110240
000571599 44160
000571601 105760
000571602 105760
000571603 62720
000571604 78080
000571605 40800
000571606 91840
000571607 100000
000571608 71360
000571609 85280
000571610 43200
000571611 85280
000571612 73120
000571613 84640
000571614 44960
000571615 79040
000571616 73920
000571617 90400
000571618 58560
000571619 116960
000571620 92960
000571621 57760
000571622 47680
000571623 72160
000571624 49120
000571625 46560
000571626 98080
000571627 85280
000571628 63840
000571629 110560
000571630 160640
000571631 110720
000571632 95040
000571633 44000
000571634 45120
000571635 116800
000571636 108960
000571637 63680
000571639 83040
000571640 87680
000571641 42080
000571642 111360
000571643 65280
000571644 133440
000571645 139840
000571646 98080
000571647 96000
000571648 47200
000571649 111520
000571650 75840
000571653 69440
000571654 80160
000571655 59040
000571656 71360
000571657 94080
000571658 60320
000571660 113760
000571661 82080
000571662 64480
000571663 89600
000571664 51680
000571665 50560
000571666 98560
000571668 61440
000571669 70240
000571670 61440
000571671 98880
000571672 86720
000571673 118240
000571674 51840
000571675 148768
000571676 87520
000571677 83840
000571678 103360
000571679 61760
000571680 56320
000571682 44352
000571683 52000
000571684 46880
000571685 66080
000571686 55520
000571687 76320
000571689 50400
000571690 84800
000571691 61280
000571692 91680
000571693 88000
000571694 56480
000571695 128320
000571696 77440
000571697 82400
000571698 96000
000571700 120800
000571701 71680
000571702 114400
000571703 100160
000571704 97600
000571705 78240
000571706 63360
000571707 116640
000571708 55200
000571709 119520
000571710 64480
000571711 88640
000571714 150240
000571715 52320
000571716 110720
000571717 86880
000571718 50400
000571719 160480
000571720 65760
000571721 93760
000571722 109920
000571723 105760
000571724 108672
000571725 104320
000571727 111520
000571728 112960
000571729 104480
000571730 137312
000571731 87680
000571732 92000
000571733 71840
000571734 48000
000571735 102400
000571736 101280
000571737 59744
000571738 63200
000571739 90240
000571741 62880
000571742 99360
000571743 80000
000571744 113440
000571745 136320
000571746 40960
000571747 52800
000571748 84976
000571749 42880
000571751 101760
000571752 126720
000571753 120320
000571754 84640
000571755 47552
000571756 114720
000571758 66880
000571759 99520
000571761 93760
000571762 114080
000571764 84800
000571765 74240
000571766 93600
000571767 101440
000571768 88000
000571769 136480
000571770 129600
000571771 101120
000571772 63840
000571773 99680
000571774 64800
000571776 79840
000571777 71040
000571778 87040
000571779 54400
000571780 105760
000571781 99520
000571782 97760
000571783 45280
000571784 75200
000571785 48640
000571786 82720
000571787 76640
000571788 95200
000571789 93440
000571790 116800
000571791 79520
000571792 94080
000571793 68480
000571795 72640
000571796 109920
000571797 126880
000571798 126560
000571799 65040
000571800 95840
000580001 69280
000580002 166400
000580003 97600
000580004 114560
000580005 141616
000580006 86240
000580007 110400
000580008 107040
000580009 85280
000580010 109920
000580011 80160
000580012 136320
000580013 89840
000580014 145600
000580015 114672
000580016 164000
000580017 92640
000580018 108480
000580019 155840
000580020 93760
000580021 53120
000580022 70560
000580024 71520
000580025 88640
000580026 66384
000580027 62560
000580028 54976
000580029 70720
000580030 75360
000580031 83680
000580032 74400
000580033 95616
000580034 121120
000580035 54544
000580036 65440
000580037 94080
000580038 69440
000580039 68800
000580040 80640
000580041 37792
000580042 46848
000580043 59840
000580044 51360
000580045 51168
000580046 50064
000580047 50080
000580048 90400
000580049 56160
000580050 61440
000580052 86560
000580053 48320
000580054 47072
000580056 78880
000580057 82880
000580058 71520
000580059 69120
000580060 72240
000580061 69440
000580062 60112
000580063 91360
000580064 71360
000580065 63200
000580067 63040
000580068 82720
000580069 71904
000580070 64000
000580071 59520
000580072 72160
000580073 78720
000580074 86080
000580075 70400
000580077 62240
000580078 93920
000580079 72960
000580080 48768
000580081 64176
000580082 94240
000580083 71200
000580084 83680
000580085 78720
000580086 79360
000580087 84160
000580088 91520
000580089 113760
000580090 89696
000580091 92960
000580092 123872
000580093 85760
000580094 72320
000580095 73600
000580096 68048
000580097 62880
000580098 95840
000580099 75344
000580100 80960
000580101 69920
000580103 58512
000580104 58096
000580105 110192
000580106 115040
000580108 103680
000580109 48992
000580111 103680
000580112 66880
000580113 58560
000580114 66880
000580115 77600
000580116 124224
000580117 78240
000580118 43488
000580119 50944
000580120 96800
000580121 97920
000580122 67952
000580123 86720
000580124 72800
000580125 79920
000580126 79680
000580127 123200
000580128 111040
000580129 110400
000580130 128639
000580131 126032
000580132 63104
000580134 142880
000580136 110560
000580137 77072
000580138 87536
000580139 66160
000580140 77712
000580141 73760
000580142 127840
000580143 90400
000580144 94544
000580145 100272
000580146 65792
000580147 78144
000580148 71680
000580149 85280
000580150 125920
000580151 67184
000580152 110720
000580153 119040
000580154 67040
000580155 111408
000580156 114032
000580157 57920
000580159 82240
000580160 145920
000580161 74080
000580162 82080
000580164 130560
000580165 71200
000580166 60864
000580168 125936
000580169 56160
000580170 73024
000580171 58880
000580172 121056
000580173 97120
000580174 56320
000580175 89280
000580176 98976
000580178 93120
000580180 125760
000580181 85728
000580182 100336
000580185 55440
000580186 103616
000580187 42752
000580188 93024
000580189 60992
000580190 70992
000580191 83616
000580192 44704
000580193 98880
000580195 57760
000580196 108000
000580197 99040
000580198 67680
000580199 93600
000580200 134080
000580201 61552
000580202 74560
000580203 97920
000580204 56464
000580206 119680
000580207 141760
000580208 75520
000580209 131680
000580210 108480
000580211 100960
000580212 96640
000580213 99520
000580214 85760
000580215 104960
000580217 89728
000580218 178240
000580219 105120
000580220 74880
000580221 52336
000580222 82512
000580223 96640
000580224 98080
000580225 103856
000580226 82400
000580227 64640
000580228 128320
000580229 132384
000580230 72160
000580232 78208
000580234 49600
000580235 135536
000580236 80800
000580237 93760
000580238 140416
000580239 62528
000580240 67712
000580242 98752
000580243 70400
000580244 55680
000580245 117280
000580246 76944
000580247 153440
000580248 71760
000580249 51840
000580250 124160
000580251 67200
000580252 123696
000580253 76784
000580254 82560
000580255 64319
000580257 103200
000580258 123200
000580259 105600
000580260 107200
000580261 137920
000580262 79248
000580265 59360
000580266 89280
000580267 82400
000580268 110032
000580269 64319
000580271 118880
000580272 109152
000580273 106256
000580274 77920
000580275 65760
000580276 106800
000580278 60688
000580279 92816
000580280 81120
000580282 104000
000580284 78128
000580285 90400
000580286 101872
000580287 82880
000580289 134400
000580290 93120
000580291 101920
000580292 90400
000580293 133088
000580294 104160
000580297 76960
000580298 93408
000580299 104320
000580300 83680
000580301 60800
000580302 82512
000580303 119104
000580304 94400
000580305 90560
000580307 130720
000580309 84000
000580310 126240
000580311 77760
000580312 118720
000580313 49824
000580314 114560
000580316 108000
000580317 92960
000580318 116400
000580319 122240
000580320 77184
000580321 104016
000580322 94560
000580323 115360
000580324 149136
000580325 138400
000580326 83408
000580327 64239
000580328 73760
000580329 115040
000580330 115040
000580332 47120
000580333 88880
000580334 101600
000580335 123920
000580336 76304
000580337 176960
000580338 72960
000580340 74480
000580341 123088
000580342 83840
000580343 68416
000580344 50928
000580346 165472
000580347 67264
000580348 89760
000580349 118960
000580350 88480
000580351 96816
000580352 127360
000580353 58240
000580354 49552
000580355 134704
000580356 87360
000580357 50240
000580358 91360
000580359 62880
000580360 90400
000580361 79520
000580362 76640
000580364 63584
000580365 74080
000580366 116592
000580367 52304
000580368 126560
000580370 65440
000580371 81760
000580372 112640
000580373 128320
000580374 65600
000580376 93440
000580377 55360
000580378 61296
000580379 122656
000580380 130240
000580382 84800
000580383 74896
000580384 75840
000580385 130560
000580386 108000
000580387 76800
000580388 55376
000580389 64384
000580390 131039
000580391 69280
000580392 114400
000580393 146720
000580394 52480
000580395 106720
000580396 72512
000580397 122240
000580398 142080
000580399 101440
000580400 92320
000581401 63200
000581403 80208
000581404 92336
000581405 78880
000581406 63360
000581407 72960
000581408 84064
000581409 53552
000581411 92000
000581412 94720
000581413 44128
000581414 96640
000581415 64512
000581416 77600
000581418 74720
000581419 65120
000581422 64480
000581423 56800
000581424 72800
000581425 71840
000581426 75040
000581427 98560
000581428 65168
000581429 59680
000581430 73280
000581432 84480
000581433 89648
000581434 68784
000581435 66880
000581436 66240
000581438 67920
000581439 86704
000581440 48800
000581441 72000
000581442 74384
000581444 91360
000581445 58880
000581446 85600
000581447 62880
000581448 70880
000581449 73120
000581450 72960
000581452 86160
000581453 78400
000581454 49360
000581456 76576
000581458 98432
000581460 66720
000581461 69696
000581463 78080
000581464 73440
000581465 61120
000581466 76480
000581467 59840
000581468 72336
000581470 74880
000581471 67200
000581474 58400
000581475 84800
000581476 73600
000581478 61760
000581479 80896
000581480 103200
000581481 70016
000581482 70240
000581483 61984
000581484 57408
000581485 62544
000581487 82880
000581488 67632
000581489 96320
000581490 56704
000581491 57120
000581492 72400
000581494 62880
000581495 59840
000581496 71840
000581497 57120
000581498 70560
000581499 76320
000581500 72000
000581501 48800
000581505 140320
000581506 71040
000581508 45200
000581509 120896
000581510 72800
000581511 76480
000581512 84000
000581514 69328
000581516 106704
000581517 78880
000581518 66896
000581519 69280
000581520 91680
000581521 143680
000581522 46080
000581523 112000
000581524 67840
000581525 70400
000581526 69664
000581528 99520
000581529 108320
000581531 104160
000581532 123360
000581534 81120
000581535 117104
000581536 105120
000581537 51520
000581538 112160
000581539 87328
000581540 114080
000581542 69472
000581543 78736
000581544 63744
000581546 121280
000581547 76672
000581548 142240
000581550 89520
000581551 53600
000581552 87840
000581553 98832
000581555 116960
000581556 66880
000581557 84448
000581558 89120
000581559 85648
000581560 92000
000581561 78240
000581562 114240
000581563 70784
000581564 124160
000581565 72032
000581566 64831
000581567 68800
000581568 95520
000581569 82240
000581570 104640
000581571 101120
000581572 92416
000581573 94880
000581574 58720
000581575 95520
000581576 101760
000581577 103040
000581578 70400
000581580 97120
000581581 126240
000581583 115840
000581584 80320
000581585 97280
000581586 115360
000581587 110720
000581588 118080
000581589 60800
000581590 90720
000581591 77600
000581592 71200
000581593 127840
000581594 87520
000581595 128656
000581596 92000
000581597 84640
000581598 55840
000581599 94880
000581601 72624
000581602 87440
000581603 103680
000581604 99680
000581605 99040
000581606 87680
000581607 117760
000581609 72320
000581610 94400
000581611 102560
000581612 107360
000581613 132320
000581614 80736
000581615 77920
000581616 77920
000581617 100352
000581618 94336
000581619 117008
000581621 95520
000581622 82240
000581623 51200
000581624 98880
000581625 53280
000581626 80448
000581628 144320
000581630 93920
000581632 130608
000581633 154720
000581634 65904
000581635 92480
000581637 94080
000581638 73440
000581639 70560
000581640 92800
000581641 59840
000581642 101920
000581643 62288
000581644 122240
000581645 62032
000581646 53280
000581647 65760
000581648 77120
000581649 45696
000581650 90400
000581651 123520
000581652 70080
000581654 110560
000581655 108160
000581656 118880
000581657 86720
000581658 91184
000581659 62560
000581660 113120
000581661 120000
000581662 93280
000581663 90400
000581664 52352
000581665 90080
000581666 73120
000581667 59840
000581668 140640
000581669 140256
000581671 138560
000581672 129759
000581673 77920
000581674 143840
000581675 128639
000581676 45728
000581677 86016
000581678 60160
000581679 103200
000581680 87520
000581681 108640
000581684 63360
000581685 144480
000581686 67200
000581687 88432
000581688 67184
000581689 51040
000581690 129503
000581691 108640
000581692 92848
000581693 55840
000581694 93600
000581695 42720
000581696 50720
000581697 117824
000581698 57120
000581699 84640
000581700 42672
000581701 56672
000581702 67040
000581703 62768
000581704 75344
000581705 84160
000581706 57920
000581707 67200
000581709 115040
000581710 109120
000581711 80960
000581712 104800
000581714 107680
000581715 119200
000581716 64416
000581717 60160
000581720 102496
000581721 106016
000581722 133120
000581723 71856
000581724 108480
000581725 115520
000581726 111296
000581728 92768
000581729 102240
000581730 74560
000581731 77600
000581732 61408
000581733 102880
000581734 92480
000581735 137280
000581737 57120
000581738 92640
000581739 93440
000581740 122560
000581741 100320
000581742 76032
000581743 124320
000581744 55920
000581748 112800
000581749 42720
000581750 124800
000581751 83840
000581753 51520
000581756 88384
000581758 75904
000581759 72000
000581760 71840
000581763 86464
000581764 104320
000581765 75312
000581766 83840
000581767 56320
000581768 67728
000581769 82240
000581770 97600
000581771 104800
000581772 84656
000581773 91328
000581774 115040
000581775 72944
000581776 117280
000581777 120000
000581778 47728
000581779 58432
000581780 118560
000581781 110944
000581782 65920
000581783 95360
000581784 79936
000581785 113280
000581787 113440
000581788 92352
000581790 75568
000581791 69760
000581792 93120
000581793 98720
000581794 75232
000581796 135120
000581797 55120
000581798 131520
000581799 79040
000581800 105120
000590002 147040
000590005 124000
000590006 73280
000590007 96000
000590008 77648
000590010 89600
000590011 61104
000590012 123440
000590013 75248
000590014 115520
000590016 141600
000590017 69760
000590018 89920
000590019 112960
000590020 65600
000590021 39840
000590022 55936
000590023 57280
000590024 53616
000590025 78560
000590026 55040
000590027 54240
000590028 44560
000590029 59920
000590030 61440
000590031 66880
000590032 58128
000590033 75360
000590034 91840
000590035 40096
000590036 52000
000590037 71840
000590038 52480
000590039 55200
000590040 62976
000590041 29312
000590042 37120
000590043 59200
000590044 39264
000590045 38016
000590046 37920
000590047 47840
000590048 76320
000590049 47216
000590050 52000
000590051 42512
000590052 71520
000590053 40288
000590054 37504
000590055 56224
000590056 69424
000590057 68640
000590058 57056
000590059 56320
000590060 62880
000590061 54720
000590062 51200
000590063 73920
000590064 55200
000590065 53280
000590066 47888
000590067 50720
000590068 67360
000590069 60800
000590070 57488
000590071 48480
000590072 60960
000590073 57600
000590074 70480
000590075 53760
000590076 88800
000590077 52000
000590078 72128
000590079 62080
000590080 41488
000590081 53600
000590082 76960
000590083 58240
000590084 61120
000590086 59200
000590087 62240
000590088 63680
000590089 87040
000590090 68800
000590091 76960
000590092 98240
000590093 64976
000590094 58080
000590095 66240
000590096 56960
000590097 57600
000590098 83680
000590099 62400
000590100 64319
000590101 51952
000590102 92480
000590103 119840
000590104 34576
000590105 89760
000590106 76320
000590107 54656
000590108 49920
000590109 44144
000590110 69280
000590111 98240
000590112 64336
000590113 109920
000590114 53920
000590115 92000
000590116 86880
000590117 85792
000590118 54448
000590119 56640
000590120 80160
000590121 55040
000590122 76720
000590123 93440
000590124 100960
000590125 44016
000590126 117184
000590127 108800
000590128 109600
000590129 105600
000590130 103712
000590131 40320
000590132 82976
000590133 126976
000590134 52000
000590135 59840
000590136 85760
000590137 60160
000590138 101120
000590139 76640
000590140 105920
000590141 86880
000590142 88960
000590143 87040
000590144 48480
000590145 95040
000590146 54560
000590147 71904
000590148 73120
000590149 64144
000590150 62128
000590151 50560
000590152 66240
000590153 43200
000590154 50576
000590155 76800
000590156 35424
000590157 99840
000590158 97760
000590159 105920
000590160 93120
000590161 39520
000590162 94400
000590163 109440
000590164 119840
000590165 85440
000590166 133760
000590167 71200
000590168 84480
000590169 53920
000590170 77120
000590171 51360
000590172 106240
000590173 92320
000590174 51520
000590175 67680
000590176 72640
000590177 105120
000590178 90080
000590179 60000
000590180 69552
000590181 49440
000590182 82384
000590183 109920
000590184 127200
000590185 73120
000590186 69280
000590187 76480
000590188 68320
000590189 55520
000590190 42560
000590191 119840
000590192 99344
000590193 94560
000590194 47104
000590195 48592
000590196 103488
000590197 51488
000590198 102896
000590199 46144
000590200 64800
000590201 109280
000590202 72640
000590203 155680
000590204 75520
000590205 84160
000590206 121600
000590207 106400
000590208 78880
000590209 93600
000590210 84320
000590211 97920
000590212 116000
000590213 39680
000590214 99520
000590215 54400
000590216 97920
000590217 118880
000590218 93120
000590219 46080
000590220 54400
000590221 116000
000590222 50240
000590223 66560
000590224 52320
000590225 59312
000590226 83632
000590227 39728
000590228 101440
000590229 39840
000590230 44000
000590231 103040
000590232 94240
000590233 69440
000590234 81920
000590235 50080
000590236 92320
000590237 82080
000590238 113136
000590239 113648
000590240 57600
000590241 50400
000590242 86016
000590243 55616
000590244 104480
000590245 49440
000590246 101840
000590247 71200
000590248 119200
000590249 100384
000590250 123840
000590251 65280
000590252 71072
000590253 72800
000590254 62880
000590255 52640
000590256 52592
000590257 56800
000590258 80704
000590259 36800
000590260 45600
000590261 47728
000590262 60000
000590263 58880
000590264 70560
000590265 116736
000590266 54720
000590267 109680
000590268 71360
000590269 88480
000590270 84320
000590271 46880
000590272 52672
000590273 72960
000590274 82448
000590276 68640
000590277 108960
000590278 88320
000590279 40320
000590280 99360
000590281 101968
000590282 99680
000590283 87840
000590284 61824
000590285 123520
000590286 68000
000590287 69536
000590288 81824
000590289 106240
000590290 87792
000590291 65904
000590292 68000
000590293 57280
000590294 63360
000590295 45600
000590296 109920
000590297 79680
000590298 33120
000590299 100176
000590300 67952
000590301 42704
000590302 104160
000590303 67520
000590304 85760
000590305 82912
000590306 57200
000590307 85760
000590308 44032
000590309 55680
000590310 86080
000590311 75680
000590312 73888
000590313 87040
000590314 79040
000590315 58560
000590316 76640
000590317 79840
000590318 63520
000590319 53232
000590320 70400
000590321 63328
000590322 65120
000590323 48960
000590324 32159
000590325 77600
000590326 69440
000590327 70448
000590328 81040
000590329 98800
000590330 93136
000590331 87152
000590333 39040
000590334 121440
000590335 64160
000590336 37200
000590337 59392
000590338 90720
000590339 105920
000590340 90240
000590341 70560
000590342 45280
000590343 73920
000590344 112960
000590345 55360
000590346 49920
000590347 42560
000590348 56320
000590349 48960
000590350 73120
000590351 58640
000590352 50880
000590353 91680
000590354 52960
000590355 64000
000590356 74400
000590357 114288
000590358 91424
000590359 45376
000590360 58240
000590361 88960
000590362 96640
000590363 62832
000590364 79360
000590365 66704
000590366 91040
000590367 97280
000590368 57712
000590369 100480
000590370 71520
000590371 56880
000590372 64319
000590373 86080
000590374 93664
000590375 81280
000590376 48960
000590377 70624
000590378 96208
000590379 102880
000590380 91040
000590381 72960
000590382 85760
000590383 64640
000590384 54720
000590385 92624
000590386 70240
000590387 50720
000590388 108320
000590389 49648
000590390 53440
000590391 42400
000590392 41280
000590393 49760
000590394 99200
000590395 38720
000590396 69920
000590397 87360
000590398 80960
000590399 55232
000590400 93920
000591402 63104
000591403 59168
000591404 74192
000591405 58880
000591406 42544
000591407 53440
000591409 39136
000591410 44752
000591411 66240
000591413 35024
000591414 72320
000591415 49120
000591416 57120
000591417 75520
000591418 50400
000591419 44144
000591420 37440
000591421 37456
000591422 44480
000591423 41024
000591424 52320
000591425 46096
000591426 51040
000591427 63680
000591428 42016
000591429 41456
000591430 59840
000591432 62240
000591433 68640
000591434 54240
000591435 48160
000591436 54192
000591437 42144
000591438 57600
000591439 66240
000591440 38240
000591441 54560
000591442 54480
000591443 62720
000591444 66128
000591445 44960
000591446 59680
000591447 56000
000591448 50400
000591449 52960
000591450 59360
000591451 63360
000591452 62560
000591453 65920
000591454 36736
000591455 60320
000591456 59040
000591457 60640
000591458 72432
000591459 43600
000591460 53120
000591461 52448
000591462 43280
000591463 59024
000591464 61440
000591465 46560
000591466 64111
000591467 46880
000591468 55232
000591469 55104
000591470 54400
000591471 45920
000591472 53936
000591473 40800
000591474 44672
000591475 60320
000591476 52640
000591477 58832
000591478 47520
000591479 58560
000591480 74080
000591482 56912
000591483 47552
000591484 44272
000591485 49232
000591486 39680
000591487 61920
000591489 74560
000591490 46240
000591491 46080
000591492 55696
000591493 42320
000591494 48272
000591495 46400
000591496 56480
000591497 48224
000591498 54400
000591499 56320
000591500 56960
000591501 91152
000591502 87600
000591503 49920
000591504 84000
000591505 101920
000591506 88000
000591507 73440
000591508 51200
000591509 100000
000591510 64000
000591511 56320
000591512 51360
000591513 89760
000591514 72480
000591515 104160
000591516 60528
000591517 79200
000591518 74816
000591519 110272
000591520 90544
000591521 84896
000591522 104160
000591523 90720
000591524 66080
000591525 55520
000591526 76560
000591527 92320
000591528 38080
000591529 82720
000591530 58400
000591531 90080
000591532 45856
000591533 54080
000591534 44000
000591535 88160
000591536 51360
000591537 94720
000591538 43040
000591539 42560
000591540 95200
000591541 64944
000591542 65760
000591543 112160
000591544 90720
000591545 132960
000591546 86880
000591547 98400
000591548 62240
000591549 64800
000591550 49120
000591551 73120
000591552 59040
000591553 89920
000591554 68160
000591555 61760
000591556 91040
000591557 49440
000591558 49600
000591559 88480
000591560 71616
000591561 81440
000591562 106400
000591563 56640
000591564 65120
000591565 50064
000591566 71040
000591567 103520
000591568 112960
000591569 99200
000591570 41760
000591571 68320
000591572 56000
000591573 63040
000591574 111200
000591575 127520
000591576 65440
000591577 64160
000591578 69760
000591579 69600
000591580 102720
000591581 47680
000591582 68000
000591583 83520
000591584 81760
000591585 66080
000591586 62720
000591587 69120
000591588 64319
000591589 115680
000591590 93600
000591591 53008
000591592 90560
000591593 89920
000591594 58400
000591595 61920
000591596 72480
000591597 52960
000591598 67360
000591599 47680
000591600 69440
000591601 45360
000591602 55840
000591603 72640
000591604 73440
000591605 41584
000591606 52480
000591607 92800
000591608 32960
000591609 51520
000591610 88144
000591611 99040
000591612 44640
000591613 77600
000591614 62080
000591615 58240
000591616 56960
000591617 90240
000591618 40272
000591619 91792
000591620 51456
000591621 93440
000591622 61280
000591623 80960
000591624 102240
000591625 77600
000591626 113600
000591627 76480
000591628 53280
000591629 79504
000591630 89120
000591632 123040
000591633 86064
000591634 84000
000591635 96640
000591636 99408
000591637 73920
000591638 48480
000591639 69424
000591640 66880
000591641 95520
000591642 120640
000591643 106240
000591644 64560
000591645 81440
000591646 100800
000591647 41456
000591648 60800
000591649 62720
000591650 100000
000591651 74816
000591652 98880
000591653 126880
000591654 66560
000591655 55040
000591656 68320
000591657 56096
000591658 81440
000591659 107680
000591660 77920
000591661 43696
000591662 103200
000591663 59200
000591664 113440
000591665 76000
000591666 89760
000591667 94240
000591668 55024
000591669 41664
000591670 104800
000591671 46400
000591672 79952
000591673 48752
000591674 70720
000591675 73600
000591676 118080
000591677 116800
000591678 75360
000591679 99840
000591680 88640
000591681 84000
000591682 56000
000591683 59520
000591684 39680
000591685 53760
000591686 99840
000591687 93600
000591688 51200
000591689 48480
000591691 74560
000591692 80640
000591693 50560
000591694 116960
000591695 40480
000591696 66864
000591697 96800
000591698 74080
000591699 74400
000591700 69120
000591701 83552
000591702 101440
000591703 80960
000591704 53600
000591705 57392
000591706 69344
000591707 41920
000591708 104480
000591709 44144
000591710 59424
000591711 75840
000591712 86000
000591713 72320
000591714 89440
000591715 93440
000591716 47520
000591717 143840
000591718 48480
000591719 84560
000591720 74576
000591721 79680
000591722 75360
000591723 47568
000591724 110720
000591725 77920
000591727 96320
000591728 81760
000591729 71952
000591730 68160
000591731 71520
000591732 88480
000591733 54560
000591734 86384
000591735 84320
000591736 92000
000591737 59760
000591738 102560
000591739 67040
000591740 67200
000591741 52432
000591742 121120
000591743 111680
000591744 80464
000591745 60320
000591746 88000
000591747 101120
000591748 69600
000591749 123200
000591750 101920
000591751 59200
000591752 69280
000591753 65040
000591754 64160
000591755 54080
000591756 63008
000591757 68800
000591759 86080
000591760 85440
000591761 93280
000591763 78560
000591764 91840
000591765 86720
000591766 65087
000591767 96800
000591768 87360
000591769 64319
000591770 53920
000591771 93280
000591772 68208
000591773 57280
000591774 80800
000591775 81632
000591776 96160
000591777 67040
000591778 96640
000591779 76656
000591780 83200
000591781 63360
000591782 33152
000591783 55520
000591784 95520
000591785 135840
000591786 77280
000591787 51520
000591788 106240
000591789 60000
000591790 80624
000591791 101760
000591792 92480
000591793 80800
000591794 76640
000591795 40960
000591796 76480
000591797 36784
000591798 75520
000591799 78720
000591800 58240
000600001 60448
000600002 173600
000600003 91360
000600004 126720
000600005 142720
000600006 106976
000600007 109920
000600008 89760
000600009 77760
000600010 108000
000600011 66544
000600012 144640
000600014 155040
000600015 127520
000600016 180640
000600017 90768
000600018 94192
000600019 183200
000600020 84640
000600021 49376
000600023 71200
000600024 62976
000600025 100320
000600026 61120
000600027 58400
000600028 54176
000600029 81456
000600030 74448
000600031 91632
000600032 85760
000600033 102880
000600034 119360
000600036 65120
000600037 99520
000600038 56160
000600039 78560
000600040 85856
000600041 33408
000600042 38400
000600043 63840
000600044 54960
000600045 40336
000600046 50592
000600047 47840
000600048 93760
000600049 50720
000600050 63200
000600052 74400
000600053 43776
000600054 45168
000600056 80352
000600057 88976
000600058 65440
000600059 55968
000600060 89120
000600061 61280
000600062 58496
000600063 110864
000600064 83200
000600065 62080
000600067 64224
000600068 85120
000600070 66240
000600071 59360
000600072 81280
000600073 101760
000600074 84000
000600075 64800
000600077 71856
000600078 103680
000600079 70240
000600080 47808
000600081 60640
000600082 90560
000600083 62240
000600084 67680
000600085 66400
000600086 66080
000600087 67520
000600088 73760
000600089 117280
000600090 86080
000600091 92352
000600092 148000
000600093 97280
000600094 79680
000600095 78720
000600096 93920
000600097 73120
000600098 88160
000600099 61600
000600100 85440
000600101 41984
000600102 123200
000600103 139488
000600104 177712
000600105 153280
000600106 59360
000600107 44800
000600108 67200
000600110 112640
000600111 52512
000600112 200320
000600113 84640
000600114 116320
000600115 157936
000600117 60688
000600118 153440
000600119 153440
000600120 125600
000600122 88640
000600123 154400
000600124 110880
000600125 87680
000600126 69776
000600128 143200
000600129 119200
000600130 106240
000600131 154400
000600133 103680
000600134 99520
000600135 98880
000600136 133760
000600137 86192
000600138 89984
000600139 59520
000600140 83520
000600141 52000
000600142 100960
000600143 139680
000600144 178880
000600145 116480
000600146 110880
000600147 89600
000600148 138400
000600149 55360
000600150 56480
000600151 177600
000600154 113440
000600155 51040
000600156 178880
000600157 127408
000600158 164800
000600159 71344
000600160 122720
000600161 86704
000600162 65920
000600163 73120
000600164 120000
000600165 48480
000600166 162880
000600167 163232
000600168 66720
000600169 89600
000600170 123264
000600171 82080
000600172 54032
000600173 186720
000600174 98080
000600175 112960
000600176 93760
000600177 82720
000600178 57456
000600179 124480
000600180 104816
000600181 58464
000600182 132320
000600183 123200
000600184 99680
000600186 225120
000600187 169120
000600188 170080
000600189 101120
000600190 105280
000600191 116480
000600193 104160
000600194 79520
000600195 68448
000600196 132960
000600198 108352
000600199 119680
000600200 60000
000600201 107200
000600202 93760
000600203 161280
000600204 125120
000600205 101120
000600206 117920
000600207 60960
000600208 131200
000600209 71520
000600210 116800
000600211 139840
000600212 94976
000600213 55392
000600214 167520
000600215 116320
000600216 86560
000600217 46288
000600218 62784
000600219 37360
000600220 65120
000600221 132000
000600222 89280
000600223 118720
000600224 123360
000600225 85920
000600226 55680
000600227 153600
000600228 93264
000600229 57920
000600230 139840
000600232 101760
000600233 125920
000600234 97440
000600235 72000
000600236 69920
000600237 60640
000600239 88000
000600240 65920
000600241 137440
000600242 94560
000600243 171040
000600244 69120
000600245 62560
000600246 133440
000600247 160320
000600248 93280
000600249 83360
000600250 179360
000600251 98720
000600252 73440
000600253 92480
000600254 78400
000600255 112480
000600256 42240
000600259 125760
000600260 106240
000600261 104160
000600264 62624
000600265 116000
000600267 91840
000600268 96000
000600269 137760
000600270 101600
000600271 131120
000600272 40320
000600273 75200
000600274 136160
000600275 130720
000600276 40160
000600278 137920
000600279 136960
000600280 83296
000600281 102400
000600282 131360
000600283 59040
000600284 99520
000600285 171680
000600286 158720
000600287 46128
000600288 134400
000600289 190240
000600290 165440
000600292 158720
000600293 70528
000600294 117120
000600295 92640
000600296 206400
000600297 76672
000600298 145280
000600299 48480
000600300 157440
000600301 123200
000600302 91200
000600303 121760
000600304 123040
000600305 57200
000600306 62400
000600307 87040
000600308 135520
000600309 130880
000600310 108320
000600311 111488
000600313 143520
000600314 107040
000600315 65391
000600316 53920
000600317 84960
000600318 113440
000600319 178720
000600320 117280
000600321 50400
000600322 47456
000600323 138560
000600324 167360
000600325 88752
000600326 78720
000600327 101440
000600328 79360
000600329 104352
000600330 109920
000600331 138080
000600332 125600
000600333 83328
000600334 69600
000600335 138720
000600336 200208
000600337 203360
000600338 108800
000600339 82560
000600340 149440
000600341 95520
000600343 172000
000600344 74960
000600345 120800
000600346 84000
000600347 89120
000600348 108608
000600349 127680
000600350 136800
000600351 47200
000600352 106080
000600353 157600
000600354 84800
000600355 127840
000600357 67680
000600358 142080
000600360 73920
000600361 98832
000600362 125280
000600363 56000
000600364 108960
000600365 60800
000600366 102560
000600367 130720
000600368 123520
000600369 64800
000600372 189120
000600373 52800
000600374 65343
000600375 132000
000600376 65408
000600377 107840
000600378 98112
000600379 85088
000600380 104640
000600381 114720
000600382 49328
000600383 78384
000600384 85280
000600385 63680
000600386 52480
000600387 74080
000600388 124640
000600389 91520
000600390 73280
000600391 84640
000600393 50240
000600394 59680
000600395 56800
000600396 100320
000600397 52704
000600398 125280
000600399 112000
000600400 173920
000601401 55248
000601402 78880
000601403 69120
000601404 112800
000601405 77728
000601406 56208
000601407 65600
000601408 89440
000601409 53248
000601411 106880
000601412 87040
000601413 38992
000601414 99040
000601415 63520
000601416 73600
000601417 131664
000601418 66400
000601419 62768
000601422 55520
000601423 52800
000601424 65920
000601425 56320
000601426 57920
000601427 94400
000601428 53760
000601429 47104
000601430 76480
000601431 45120
000601432 79360
000601433 85280
000601434 67360
000601435 59200
000601436 69600
000601438 68320
000601439 104816
000601440 43296
000601441 66256
000601442 102400
000601443 76752
000601444 93760
000601445 57392
000601447 67360
000601448 74080
000601449 54400
000601450 76320
000601451 73136
000601452 85920
000601453 83200
000601454 40960
000601455 96960
000601457 82560
000601458 98880
000601459 50560
000601460 65920
000601461 90240
000601462 66240
000601463 86240
000601464 71360
000601465 58080
000601466 66080
000601467 58112
000601473 54688
000601474 65760
000601475 108960
000601476 97024
000601477 98560
000601478 53440
000601479 76960
000601480 110560
000601482 67264
000601483 59808
000601484 64000
000601485 64336
000601487 84800
000601488 63696
000601489 103520
000601490 67280
000601491 63680
000601492 62656
000601494 57920
000601495 52480
000601496 80928
000601498 61600
000601499 63312
000601500 72160
000601501 163440
000601502 120640
000601504 112592
000601506 79040
000601507 161120
000601508 84672
000601509 54240
000601510 125440
000601511 120800
000601512 132480
000601513 91840
000601514 129104
000601515 144640
000601516 96688
000601517 81120
000601518 116800
000601519 141280
000601520 98240
000601521 102880
000601522 154080
000601523 122080
000601524 140640
000601525 98720
000601526 65744
000601527 71040
000601528 96000
000601529 61760
000601530 78400
000601532 58720
000601533 101600
000601534 81600
000601535 66560
000601536 147936
000601537 67040
000601538 81920
000601539 106720
000601540 102304
000601541 133600
000601542 74720
000601543 78720
000601544 61280
000601545 157440
000601546 172960
000601547 43408
000601548 109600
000601549 63360
000601550 48960
000601551 94720
000601552 78560
000601553 81760
000601554 117920
000601555 113760
000601556 76960
000601557 90400
000601558 88000
000601559 132480
000601560 95264
000601562 114096
000601563 76784
000601564 154720
000601565 88480
000601566 49760
000601567 150400
000601568 143696
000601569 153312
000601570 81440
000601571 69552
000601572 103264
000601573 98400
000601574 173600
000601575 50400
000601576 122400
000601577 141440
000601578 178880
000601579 187680
000601580 71568
000601581 96000
000601582 46208
000601583 125920
000601584 114560
000601585 72960
000601586 78400
000601587 46240
000601588 172800
000601589 55216
000601590 112976
000601592 120160
000601593 123680
000601594 107840
000601595 186240
000601596 95360
000601597 139888
000601598 116480
000601599 124384
000601600 48416
000601601 132480
000601602 107200
000601604 71616
000601605 134992
000601606 50016
000601607 153936
000601608 58400
000601609 105120
000601610 77920
000601611 76960
000601612 121776
000601613 119360
000601614 85120
000601615 121760
000601616 127200
000601618 150240
000601619 64800
000601620 108528
000601621 112800
000601622 123360
000601623 76640
000601624 128639
000601625 151040
000601626 93120
000601627 197600
000601628 133232
000601629 101280
000601630 185600
000601631 162240
000601632 104160
000601633 171680
000601634 172480
000601635 99520
000601636 57920
000601637 69904
000601638 129600
000601639 101120
000601640 92640
000601642 117536
000601643 143520
000601644 82240
000601646 123680
000601647 66720
000601648 133600
000601649 83840
000601650 140640
000601651 140064
000601652 132160
000601653 161888
000601654 104192
000601655 51328
000601656 47824
000601657 62576
000601658 105616
000601659 103760
000601660 135520
000601661 90080
000601662 59520
000601663 129280
000601664 103472
000601667 55440
000601668 182768
000601669 101872
000601670 92960
000601671 66512
000601672 64000
000601673 88000
000601674 38592
000601675 95680
000601676 42848
000601677 129759
000601678 107792
000601679 58560
000601680 84960
000601681 118080
000601682 77664
000601683 130400
000601684 131039
000601686 84320
000601687 98400
000601688 83840
000601689 48752
000601690 85760
000601691 134304
000601692 104000
000601693 89072
000601694 40912
000601695 108160
000601697 143360
000601698 46304
000601699 160640
000601701 94720
000601702 76080
000601703 149920
000601704 62560
000601705 147936
000601706 85120
000601707 111200
000601708 91040
000601709 50560
000601710 142416
000601711 123728
000601712 75200
000601713 142224
000601714 108800
000601715 131840
000601717 100512
000601718 111040
000601719 135680
000601720 70560
000601721 109760
000601722 143824
000601723 96160
000601724 160160
000601725 120848
000601726 74528
000601727 139520
000601728 107104
000601729 159520
000601730 66464
000601731 59040
000601732 57088
000601733 113968
000601735 158560
000601736 95040
000601737 74448
000601738 72000
000601739 142720
000601740 106208
000601741 151760
000601742 65120
000601743 86080
000601744 140960
000601745 95968
000601746 232960
000601747 69984
000601748 90240
000601749 92960
000601750 105600
000601751 78560
000601752 82080
000601753 83040
000601754 89616
000601755 48352
000601756 108000
000601757 118016
000601758 60448
000601759 141280
000601760 98880
000601762 165440
000601763 58400
000601764 101600
000601765 71520
000601766 125776
000601767 60640
000601768 115328
000601769 139840
000601770 62032
000601771 146720
000601772 57600
000601773 86080
000601774 42848
000601775 78240
000601776 124960
000601777 88544
000601778 97280
000601779 67840
000601780 138080
000601781 85216
000601782 94560
000601783 74080
000601784 124800
000601785 84960
000601786 130400
000601787 96816
000601788 83840
000601789 102080
000601790 120880
000601791 52320
000601792 138768
000601793 112016
000601794 170560
000601795 135424
000601796 136656
000601797 177760
000601798 87680
000601799 102880
000601800 97280
000610001 64319
000610002 173328
000610003 87264
000610004 116960
000610005 165760
000610006 76320
000610007 102704
000610008 113760
000610009 69440
000610010 99200
000610011 94272
000610012 138400
000610013 77440
000610015 120480
000610016 160896
000610017 105120
000610018 117760
000610019 156080
000610020 97280
000610021 67840
000610022 68800
000610023 82240
000610024 80320
000610025 82400
000610026 55568
000610027 56640
000610028 56160
000610029 70080
000610030 68960
000610031 71472
000610032 67840
000610033 94720
000610034 121568
000610035 38080
000610036 69584
000610037 93920
000610038 54896
000610039 64096
000610040 71248
000610041 28864
000610042 35504
000610043 59984
000610044 44864
000610045 37008
000610046 41152
000610047 39840
000610048 78256
000610049 47408
000610050 57456
000610052 80048
000610053 37600
000610054 37168
000610055 59488
000610056 72480
000610057 71360
000610058 51840
000610059 68000
000610060 61440
000610061 55520
000610062 55840
000610063 76640
000610064 62784
000610065 61232
000610066 55648
000610067 55840
000610068 68032
000610069 76688
000610070 53920
000610071 52480
000610072 75024
000610073 82880
000610074 87792
000610075 50976
000610076 101600
000610077 47760
000610078 91680
000610079 76960
000610080 45344
000610081 72608
000610082 95520
000610083 61760
000610084 88160
000610085 69440
000610086 72160
000610087 68000
000610088 66240
000610089 108960
000610090 84640
000610091 105280
000610092 121760
000610093 99040
000610094 77280
000610095 80640
000610096 64319
000610097 73280
000610098 100480
000610099 73440
000610100 77456
000610101 60320
000610102 105440
000610103 116000
000610104 39168
000610105 134880
000610106 89680
000610107 98912
000610108 109984
000610109 104624
000610110 58528
000610111 89488
000610112 154464
000610113 84800
000610114 62240
000610115 84960
000610116 79680
000610118 153168
000610119 73712
000610120 109120
000610121 98784
000610122 124640
000610123 80352
000610124 95024
000610125 135040
000610126 108000
000610127 88480
000610128 114080
000610129 51200
000610130 62080
000610131 101440
000610132 79040
000610133 86720
000610134 88640
000610135 105296
000610136 55200
000610137 41440
000610138 125920
000610139 144640
000610140 69440
000610141 138880
000610142 79520
000610143 54240
000610144 114880
000610145 134880
000610146 162560
000610147 84000
000610148 161600
000610149 122240
000610150 74240
000610151 94240
000610152 86880
000610154 58240
000610155 134400
000610156 80320
000610157 144960
000610158 64480
000610159 82080
000610160 120000
000610161 176960
000610162 66560
000610163 74240
000610164 117760
000610165 150240
000610166 124800
000610167 85248
000610168 171200
000610169 161584
000610170 47040
000610171 140320
000610172 38912
000610173 96480
000610174 105920
000610175 103040
000610176 107680
000610177 135520
000610178 163200
000610179 156640
000610180 117920
000610181 63200
000610182 85840
000610183 64000
000610184 184640
000610185 56128
000610186 148640
000610187 140800
000610188 69280
000610189 166880
000610190 101280
000610192 55200
000610193 171408
000610194 92000
000610195 118880
000610197 75520
000610198 104160
000610199 124000
000610200 84640
000610201 88000
000610203 84160
000610204 114400
000610205 77280
000610206 142768
000610207 99200
000610208 142400
000610209 109824
000610210 153920
000610211 52480
000610212 173440
000610213 114000
000610214 90304
000610215 54352
000610216 105232
000610217 70688
000610218 75840
000610219 92480
000610220 101280
000610221 151664
000610222 134560
000610223 62928
000610224 104160
000610225 138816
000610226 89760
000610227 87664
000610228 191840
000610229 143680
000610230 115840
000610231 87136
000610232 111168
000610233 104896
000610234 66544
000610235 112960
000610236 77760
000610237 79520
000610238 83696
000610239 59040
000610240 66192
000610241 101920
000610243 79776
000610244 78896
000610246 130560
000610247 80464
000610249 161040
000610250 89136
000610251 77936
000610253 106880
000610254 69120
000610255 149440
000610256 158400
000610257 99136
000610258 175552
000610259 156192
000610260 88528
000610261 62240
000610263 171872
000610264 108416
000610265 90368
000610267 98544
000610268 54720
000610269 68160
000610271 112160
000610272 125920
000610274 122080
000610276 157120
000610277 136960
000610278 133520
000610280 41392
000610282 153920
000610283 65312
000610284 123280
000610285 162240
000610286 45968
000610287 63200
000610289 208000
000610290 143680
000610292 124480
000610293 104320
000610294 99360
000610295 68992
000610297 138144
000610298 63200
000610299 59040
000610301 56720
000610302 117264
000610303 105920
000610304 107680
000610305 77760
000610306 96144
000610307 99200
000610309 128800
000610311 205136
000610312 81616
000610313 102880
000610314 138400
000610315 170352
000610317 117312
000610318 211040
000610321 63408
000610322 137424
000610324 141824
000610326 86240
000610327 112928
000610328 149424
000610330 145184
000610331 117776
000610333 49296
000610334 166560
000610335 71904
000610338 46768
000610340 55952
000610341 134272
000610342 120320
000610343 45920
000610344 134080
000610345 113120
000610346 67552
000610347 84800
000610348 54560
000610349 44160
000610350 136976
000610352 42368
000610353 54880
000610354 83040
000610355 117280
000610356 92320
000610357 119200
000610358 69280
000610359 60432
000610360 59632
000610361 65568
000610362 148320
000610363 155360
000610364 97424
000610365 55680
000610366 93920
000610369 189712
000610370 188320
000610371 93760
000610372 121600
000610373 73280
000610374 61600
000610375 98560
000610376 50560
000610377 97792
000610378 33712
000610379 77440
000610380 70880
000610381 132544
000610382 92672
000610383 130880
000610384 71360
000610385 114080
000610386 70880
000610387 73856
000610389 71888
000610390 132640
000610391 39168
000610392 121760
000610394 236208
000610395 124800
000610396 45600
000610397 70560
000610398 86608
000610399 63040
000610400 92944
000611401 55168
000611402 80800
000611403 72160
000611404 94400
000611405 61920
000611406 67824
000611407 55360
000611408 101904
000611409 52960
000611410 62560
000611411 93120
000611412 85440
000611413 33216
000611414 114880
000611415 56400
000611416 88160
000611417 92160
000611418 58064
000611419 62880
000611421 42080
000611422 57584
000611423 56512
000611424 67040
000611425 60416
000611426 60000
000611427 65712
000611428 51360
000611429 45440
000611430 62720
000611431 52704
000611432 83520
000611433 82560
000611434 70080
000611435 66560
000611436 68016
000611437 48000
000611438 69120
000611439 111680
000611440 37600
000611441 71520
000611442 80272
000611443 78944
000611444 104800
000611445 48800
000611446 98592
000611447 56640
000611448 59680
000611449 48800
000611450 68480
000611451 83520
000611452 89760
000611453 73120
000611454 40752
000611455 95040
000611456 82880
000611457 60400
000611458 111040
000611459 59856
000611460 99200
000611461 65856
000611463 101392
000611464 79840
000611465 51360
000611466 79856
000611467 49760
000611468 71040
000611469 82400
000611470 88480
000611471 48768
000611472 62720
000611473 38400
000611474 47200
000611475 67840
000611476 60160
000611477 63680
000611478 45536
000611479 64319
000611480 90720
000611481 71360
000611482 60800
000611483 70240
000611484 49712
000611485 58080
000611487 77920
000611488 46448
000611489 98000
000611490 51136
000611491 49616
000611492 58592
000611493 57712
000611494 59840
000611495 67136
000611496 79072
000611497 49264
000611498 49920
000611499 64000
000611500 59360
000611501 99040
000611502 39200
000611503 100000
000611504 85680
000611505 115888
000611506 35728
000611507 148320
000611509 76000
000611510 101936
000611511 61920
000611512 148320
000611513 57408
000611514 133152
000611515 154880
000611516 88080
000611517 141152
000611518 58000
000611519 100480
000611520 80080
000611521 83200
000611522 55200
000611523 61120
000611524 147840
000611525 40816
000611526 172304
000611527 95040
000611528 80800
000611529 176320
000611530 60656
000611531 120352
000611532 113360
000611533 89232
000611534 46400
000611535 105600
000611536 127872
000611537 125440
000611538 50720
000611539 83376
000611540 83360
000611541 126080
000611542 105440
000611544 57280
000611545 140000
000611547 37920
000611548 45488
000611549 117360
000611550 102016
000611551 74464
000611552 113440
000611553 58992
000611554 170400
000611555 74880
000611556 106080
000611557 79792
000611558 76480
000611559 55360
000611560 55712
000611561 81360
000611562 105120
000611563 112800
000611564 50160
000611565 28160
000611566 90576
000611567 98720
000611568 111200
000611569 51360
000611570 50928
000611571 54608
000611572 166544
000611573 71616
000611575 123200
000611577 109760
000611578 103200
000611579 59040
000611581 108112
000611582 39328
000611583 90384
000611584 62720
000611585 115840
000611586 116192
000611587 122128
000611588 104000
000611589 84640
000611590 46944
000611591 84464
000611592 40160
000611593 103360
000611595 228960
000611596 48256
000611597 56592
000611598 78272
000611599 129872
000611600 79200
000611601 142800
000611602 113776
000611603 87200
000611604 88000
000611605 62400
000611606 125872
000611609 65600
000611610 63936
000611611 147328
000611612 126560
000611613 93920
000611615 84640
000611616 92080
000611617 133440
000611618 89920
000611619 56160
000611620 47072
000611621 109760
000611622 96064
000611623 161152
000611624 125920
000611625 94880
000611626 168320
000611627 201920
000611628 45120
000611629 66240
000611630 57936
000611631 115680
000611632 64160
000611633 82880
000611634 91024
000611635 39040
000611636 173600
000611637 145120
000611638 62720
000611639 81760
000611641 75360
000611642 74400
000611643 56640
000611644 102240
000611645 96480
000611646 82080
000611647 84960
000611648 32784
000611649 139696
000611650 82032
000611651 59360
000611652 44000
000611653 119008
000611654 108320
000611655 124800
000611656 128752
000611657 92000
000611658 92000
000611659 40960
000611660 173120
000611661 189264
000611662 89120
000611663 65184
000611664 40832
000611665 144352
000611666 58928
000611667 94448
000611669 102560
000611670 78896
000611671 60000
000611672 69632
000611673 117664
000611675 95488
000611676 56944
000611677 132992
000611679 143136
000611680 91360
000611681 213920
000611682 42256
000611683 87216
000611684 156800
000611685 116832
000611686 110192
000611687 103680
000611688 83200
000611691 109280
000611692 167328
000611693 151552
000611694 127616
000611695 58160
000611696 127360
000611697 66464
000611698 96656
000611700 41808
000611701 39680
000611702 102720
000611703 144768
000611704 82048
000611705 54560
000611706 133200
000611707 66448
000611708 62560
000611709 135040
000611710 90576
000611711 66560
000611712 108224
000611715 91840
000611716 70400
000611717 45552
000611718 125008
000611719 129840
000611720 270080
000611721 153760
000611722 101664
000611723 100608
000611724 49216
000611726 63040
000611727 46848
000611729 173600
000611730 74720
000611731 105056
000611732 136896
000611733 82208
000611734 66464
000611737 45760
000611738 152000
000611739 156000
000611740 158880
000611741 112160
000611742 107040
000611743 119520
000611744 78160
000611745 129919
000611746 97504
000611747 58080
000611748 93920
000611749 59360
000611750 131680
000611751 112640
000611752 60160
000611753 169280
000611754 62528
000611755 56304
000611756 92000
000611757 100640
000611758 118560
000611759 142928
000611761 60368
000611762 64032
000611763 39040
000611764 63008
000611765 62080
000611766 153280
000611767 50880
000611768 87360
000611769 74080
000611770 88960
000611771 138080
000611772 46512
000611773 76320
000611774 140480
000611775 106192
000611776 48640
000611777 66080
000611778 104160
000611779 66880
000611780 62400
000611781 113440
000611782 65440
000611783 71600
000611784 155040
000611785 165440
000611786 100320
000611787 169120
000611790 133104
000611791 85280
000611792 78576
000611793 102720
000611795 157760
000611796 108960
000611797 52160
000611800 128479
000620001 71520
000620002 179200
000620003 100800
000620004 129759
000620005 182080
000620006 99680
000620007 126080
000620008 111680
000620009 87520
000620010 110400
000620011 85440
000620012 169920
000620013 106880
000620014 177280
000620015 142240
000620016 210400
000620017 108320
000620018 108800
000620019 184000
000620020 102560
000620021 61120
000620023 89600
000620024 77856
000620025 97600
000620026 67520
000620027 70720
000620028 58240
000620029 74240
000620030 91360
000620031 85120
000620032 76000
000620033 98720
000620034 128800
000620035 55456
000620036 68960
000620037 104000
000620038 68480
000620039 69280
000620040 80160
000620041 37344
000620042 44832
000620043 69424
000620044 51856
000620045 49440
000620046 52320
000620047 50080
000620048 91840
000620049 56640
000620050 68000
000620052 96480
000620053 47392
000620054 46880
000620056 81792
000620057 96640
000620058 78464
000620059 73344
000620060 79680
000620061 82880
000620062 65024
000620063 96800
000620064 78112
000620065 72480
000620068 94880
000620069 81824
000620070 67040
000620071 59200
000620072 82160
000620073 81344
000620074 90240
000620075 71840
000620076 113232
000620077 69920
000620078 101920
000620079 73760
000620080 51712
000620081 72000
000620082 106240
000620083 76480
000620084 75040
000620085 73760
000620086 77936
000620087 76160
000620088 81600
000620089 123200
000620090 102720
000620091 95200
000620092 141120
000620093 91040
000620094 77168
000620095 86560
000620096 79520
000620097 75040
000620098 113440
000620099 80896
000620100 92384
000620101 140000
000620102 114080
000620103 144480
000620104 134400
000620106 67808
000620107 45760
000620108 75376
000620109 78240
000620110 129600
000620111 75904
000620112 88800
000620113 128160
000620114 168640
000620115 127520
000620116 84000
000620117 120320
000620118 105920
000620119 146080
000620120 126400
000620121 151360
000620122 125024
000620123 195680
000620124 77120
000620125 142880
000620126 144960
000620127 113920
000620128 98400
000620129 90720
000620130 86160
000620131 141920
000620132 197600
000620133 71040
000620134 107840
000620135 168160
000620136 69600
000620137 67408
000620138 124848
000620139 189440
000620140 71088
000620141 68320
000620142 223840
000620143 109136
000620144 59792
000620145 157760
000620146 123408
000620147 139696
000620148 98800
000620149 113216
000620150 129151
000620151 118208
000620152 165312
000620153 99152
000620154 160960
000620156 69760
000620157 171520
000620158 74736
000620159 102496
000620160 145440
000620161 49920
000620162 74880
000620163 163360
000620164 86880
000620165 104960
000620166 87008
000620167 113440
000620168 111680
000620169 129424
000620171 140208
000620172 68480
000620173 130720
000620174 161600
000620175 186240
000620176 165440
000620177 81632
000620178 76480
000620180 93472
000620181 84160
000620182 116160
000620183 138400
000620184 69408
000620185 62832
000620186 70928
000620187 77600
000620188 161120
000620189 66880
000620190 192640
000620192 52960
000620193 126240
000620194 117600
000620195 77664
000620196 111200
000620197 79200
000620198 86720
000620199 64160
000620200 88800
000620201 46128
000620202 166080
000620203 55520
000620204 157600
000620205 95824
000620206 72960
000620207 106400
000620208 168480
000620209 83680
000620211 94400
000620212 71040
000620214 94880
000620215 93920
000620216 74960
000620217 192640
000620218 87200
000620219 104800
000620220 111840
000620221 96000
000620222 116000
000620224 82560
000620226 143360
000620227 110400
000620229 160960
000620230 91200
000620231 122560
000620232 76800
000620233 148480
000620234 129120
000620235 54240
000620236 164800
000620237 92640
000620238 73280
000620239 115040
000620241 80128
000620242 82080
000620243 134384
000620244 63680
000620245 136480
000620246 91840
000620247 99520
000620248 141920
000620249 63680
000620250 158112
000620251 72960
000620252 73408
000620253 151040
000620255 169600
000620256 92480
000620257 123200
000620258 131200
000620259 121280
000620260 153856
000620261 98400
000620262 82400
000620263 110400
000620264 139104
000620266 111680
000620267 79360
000620268 162400
000620270 82080
000620273 141440
000620274 77760
000620275 107360
000620276 131680
000620277 76000
000620278 111520
000620279 121280
000620280 76320
000620282 183680
000620283 81600
000620284 132640
000620285 87200
000620286 51840
000620288 40496
000620290 57712
000620291 111520
000620292 162240
000620293 77792
000620295 62240
000620296 169696
000620297 126400
000620298 115680
000620299 89248
000620300 64191
000620302 88512
000620303 141920
000620305 130720
000620306 113760
000620307 139040
000620308 106720
000620309 57200
000620310 149280
000620311 139088
000620312 127168
000620313 111840
000620314 107472
000620315 91920
000620316 134848
000620317 116800
000620318 73280
000620319 111680
000620320 103680
000620321 160320
000620322 108160
000620323 146080
000620325 70560
000620326 72096
000620328 160800
000620329 92160
000620330 63872
000620331 159840
000620332 65280
000620333 129616
000620334 75200
000620335 103056
000620336 104960
000620337 152480
000620338 110400
000620339 175360
000620340 142240
000620341 160800
000620342 139840
000620343 94400
000620345 185280
000620346 93440
000620347 201120
000620348 93280
000620349 70720
000620350 112320
000620351 108240
000620352 96160
000620353 115840
000620354 152160
000620355 68976
000620356 115680
000620357 62400
000620358 130560
000620359 125440
000620360 183200
000620361 90880
000620362 140480
000620363 51904
000620364 114240
000620365 55520
000620366 145760
000620367 147360
000620368 101072
000620369 142704
000620371 172000
000620372 71744
000620373 130400
000620374 102080
000620376 127200
000620377 116640
000620378 132480
000620379 64160
000620380 126880
000620381 62560
000620383 140480
000620384 162240
000620385 99680
000620386 121072
000620387 84000
000620388 81120
000620389 59648
000620390 90032
000620391 65120
000620392 242080
000620394 149920
000620395 134368
000620396 165440
000620397 96800
000620398 95472
000620399 95040
000620400 151712
000621401 63680
000621402 90576
000621403 76800
000621404 97600
000621405 84480
000621406 69920
000621407 72032
000621408 85600
000621409 49952
000621411 95072
000621412 98560
000621413 43360
000621414 103200
000621415 64640
000621416 86240
000621417 120704
000621418 64959
000621419 77056
000621420 49600
000621421 43600
000621422 72160
000621423 55328
000621424 70720
000621425 66976
000621426 69248
000621427 88160
000621428 74720
000621429 56368
000621430 80640
000621431 45200
000621432 83504
000621433 99360
000621434 70976
000621435 60960
000621436 76640
000621438 78080
000621440 45200
000621441 78560
000621442 97440
000621443 83920
000621444 109344
000621445 76160
000621446 84320
000621447 76320
000621448 68640
000621449 71200
000621450 80160
000621451 92800
000621452 136288
000621453 89280
000621454 51728
000621456 84000
000621457 87408
000621458 106880
000621459 55776
000621460 80368
000621461 80672
000621463 100144
000621464 87040
000621465 64160
000621466 76832
000621467 60000
000621468 83488
000621470 78400
000621471 61440
000621473 52816
000621474 61280
000621475 88160
000621477 75008
000621478 59456
000621479 82864
000621480 106560
000621482 77152
000621484 58160
000621485 76640
000621487 97792
000621488 59360
000621491 62560
000621492 79840
000621493 59440
000621494 78400
000621495 65280
000621496 101440
000621497 54560
000621498 78080
000621499 75840
000621500 78560
000621501 59008
000621502 113120
000621503 55840
000621504 165280
000621505 127680
000621506 135520
000621509 97056
000621510 101920
000621511 92320
000621512 139040
000621513 74512
000621514 169200
000621515 143840
000621516 132800
000621517 148320
000621518 177920
000621519 83024
000621520 137120
000621521 131824
000621522 88960
000621523 50832
000621524 117280
000621525 177424
000621526 160640
000621527 73120
000621528 112128
000621529 100640
000621530 56464
000621531 122608
000621532 62720
000621533 52656
000621534 82400
000621535 139680
000621536 54880
000621537 89440
000621538 179200
000621539 139040
000621540 105840
000621541 86736
000621542 72800
000621543 131520
000621544 91040
000621545 61920
000621546 135680
000621547 163520
000621548 133280
000621549 58880
000621550 73280
000621551 83376
000621552 87200
000621553 152304
000621554 116480
000621555 144000
000621556 97424
000621557 70672
000621558 99840
000621559 97168
000621560 74560
000621561 158720
000621562 121600
000621563 62080
000621564 54944
000621565 85120
000621566 117120
000621567 108320
000621568 129600
000621569 44816
000621570 85536
000621571 70656
000621572 155680
000621573 84480
000621574 181760
000621575 136800
000621576 81280
000621577 88816
000621578 124000
000621579 78080
000621580 118816
000621581 146400
000621582 140800
000621583 137568
000621584 81280
000621585 56000
000621586 139456
000621588 97440
000621590 90240
000621591 166240
000621592 66560
000621593 78240
000621594 99200
000621595 62400
000621596 73760
000621597 127824
000621598 150880
000621599 117920
000621601 90560
000621602 92160
000621603 175680
000621604 189920
000621605 142240
000621606 108320
000621607 78720
000621608 74720
000621609 153120
000621611 126880
000621612 55408
000621614 149600
000621615 65328
000621616 76960
000621617 147840
000621619 154080
000621620 155744
000621621 57920
000621622 159840
000621623 163328
000621624 79344
000621625 160320
000621626 88288
000621627 56208
000621628 119520
000621629 157280
000621630 130352
000621631 146880
000621632 111680
000621633 89920
000621634 56160
000621635 211456
000621636 84960
000621637 59040
000621638 99040
000621639 126240
000621641 97440
000621642 135520
000621643 91360
000621644 98720
000621645 83040
000621646 196800
000621647 168000
000621648 139040
000621649 92800
000621650 59616
000621651 78720
000621653 178560
000621654 109920
000621655 182240
000621656 85280
000621657 112640
000621658 77920
000621659 135360
000621660 175040
000621661 52912
000621662 55360
000621663 53888
000621664 63840
000621667 110240
000621670 70688
000621671 53600
000621672 100640
000621673 156640
000621674 116416
000621675 121280
000621676 141232
000621677 98448
000621678 206272
000621679 157760
000621680 111520
000621681 112000
000621682 65600
000621683 122880
000621684 94176
000621685 176160
000621686 134880
000621688 108320
000621689 118384
000621690 152000
000621691 151360
000621692 64160
000621694 113280
000621695 68960
000621696 98080
000621697 175200
000621698 98880
000621699 72480
000621700 156320
000621701 118720
000621702 105632
000621703 147888
000621704 130768
000621705 129759
000621706 146240
000621707 79664
000621708 96320
000621709 53920
000621710 162240
000621711 45120
000621712 133744
000621713 140800
000621714 106560
000621715 174080
000621716 76960
000621717 132480
000621718 91040
000621719 87360
000621720 167200
000621721 60320
000621722 60160
000621723 88800
000621724 112160
000621725 85408
000621727 73568
000621728 127680
000621729 115520
000621730 64319
000621731 135840
000621732 100560
000621733 83184
000621734 67504
000621735 88640
000621736 150256
000621737 162320
000621738 43680
000621739 176928
000621740 147040
000621741 171520
000621742 49392
000621743 114880
000621744 120480
000621745 75520
000621746 184960
000621747 106240
000621748 182400
000621749 168000
000621750 142400
000621752 64160
000621753 69600
000621754 112688
000621755 120000
000621756 95200
000621759 121744
000621760 180960
000621761 51648
000621762 83200
000621763 132832
000621765 158288
000621766 121664
000621767 118144
000621768 83360
000621769 65424
000621770 112080
000621771 96048
000621772 81760
000621773 88320
000621774 63040
000621775 98112
000621777 81280
000621778 91072
000621779 126080
000621780 142240
000621781 90240
000621782 112640
000621783 89120
000621788 117440
000621789 77760
000621790 164480
000621791 172800
000621792 136480
000621793 129120
000621795 134560
000621796 53520
000621797 145248
000621798 76960
000621799 57968
000621800 99824
000630001 63040
000630002 165120
000630003 84192
000630004 115840
000630005 137440
000630006 96640
000630007 94240
000630008 107840
000630009 86720
000630010 108480
000630011 81360
000630012 162496
000630013 89968
000630014 153920
000630015 129280
000630016 152160
000630017 85600
000630018 104320
000630019 168976
000630020 102720
000630021 50176
000630025 92160
000630026 59680
000630027 59200
000630028 51200
000630029 73120
000630030 73280
000630031 78400
000630032 72640
000630033 86880
000630034 102848
000630036 63952
000630037 90880
000630038 62352
000630039 62880
000630040 70400
000630041 35344
000630042 40800
000630043 72160
000630044 53280
000630045 46544
000630046 50720
000630047 54560
000630048 92000
000630049 54000
000630050 62832
000630052 86880
000630053 44432
000630054 44960
000630055 68160
000630056 67600
000630057 81600
000630059 62720
000630060 71744
000630061 67040
000630062 73280
000630063 89600
000630064 79056
000630065 61120
000630066 65007
000630068 78928
000630070 74896
000630071 55312
000630072 83520
000630073 69760
000630074 89920
000630075 67680
000630077 65888
000630078 95200
000630079 76160
000630080 64640
000630081 58880
000630082 117120
000630083 68464
000630084 83120
000630085 73168
000630086 69760
000630087 71520
000630088 72160
000630089 120160
000630090 88320
000630091 90400
000630092 126240
000630093 82880
000630094 68640
000630095 76160
000630096 68320
000630097 68000
000630098 102240
000630099 68800
000630100 78560
000630101 164800
000630102 122720
000630103 88640
000630104 55360
000630106 188320
000630107 75200
000630108 105760
000630109 74560
000630110 127520
000630111 51472
000630112 106720
000630113 158080
000630114 157920
000630115 124832
000630116 112944
000630117 79520
000630118 161440
000630119 88160
000630120 61440
000630122 134736
000630123 113328
000630124 59680
000630126 127808
000630129 82880
000630130 66720
000630131 119296
000630132 129280
000630133 64128
000630134 76352
000630136 118880
000630137 79200
000630138 92336
000630139 68640
000630140 52432
000630141 93440
000630142 56560
000630143 120000
000630144 91680
000630145 123840
000630146 88000
000630147 119520
000630148 114240
000630149 120768
000630150 81280
000630151 100800
000630152 63200
000630153 175360
000630154 72480
000630155 85120
000630156 78400
000630158 95040
000630159 137280
000630160 150368
000630161 86240
000630163 53760
000630165 81440
000630166 76400
000630167 52816
000630168 127040
000630169 64000
000630171 90080
000630172 94880
000630173 86240
000630174 56320
000630175 85600
000630176 61920
000630177 143648
000630178 61760
000630179 141760
000630181 116640
000630182 75360
000630184 94176
000630185 77696
000630186 70080
000630187 102400
000630188 138720
000630189 119200
000630190 104640
000630191 84160
000630193 88480
000630194 106880
000630195 86560
000630196 92960
000630197 56432
000630198 83680
000630199 138880
000630200 141920
000630201 155952
000630202 113760
000630203 71024
000630204 99360
000630205 57392
000630206 90400
000630207 125472
000630209 71040
000630210 43680
000630211 68192
000630212 111360
000630213 160000
000630216 100320
000630217 78080
000630219 88480
000630222 86880
000630223 127104
000630225 83536
000630226 87344
000630227 90880
000630228 98832
000630229 156480
000630230 78080
000630232 158560
000630233 129440
000630234 102240
000630235 68608
000630238 132784
000630239 68672
000630240 121392
000630241 127520
000630242 87840
000630243 104480
000630244 89760
000630245 80160
000630246 121920
000630248 48624
000630249 92000
000630251 100480
000630252 89600
000630254 65120
000630255 137120
000630257 101120
000630258 67520
000630259 88800
000630261 105440
000630262 75840
000630263 69440
000630264 102240
000630266 118400
000630267 96160
000630269 69040
000630270 135680
000630271 61920
000630273 66800
000630274 123504
000630275 95040
000630277 64160
000630279 80800
000630280 126240
000630282 110720
000630283 81440
000630285 76800
000630287 47360
000630288 85440
000630289 111760
000630290 78400
000630291 46336
000630292 79520
000630293 135200
000630296 73088
000630297 103040
000630298 76320
000630299 177280
000630300 84960
000630301 68768
000630302 86080
000630303 51104
000630304 111040
000630305 43600
000630306 107680
000630307 51936
000630310 59296
000630311 81760
000630313 76960
000630314 81920
000630315 80480
000630317 63360
000630318 86720
000630319 118080
000630320 164048
000630322 149760
000630323 52336
000630324 134080
000630325 132480
000630327 77888
000630328 77760
000630329 83200
000630330 63040
000630332 59520
000630334 110560
000630335 62880
000630336 139360
000630337 74240
000630338 92960
000630339 133280
000630341 139680
000630342 86000
000630343 85440
000630344 82896
000630345 138400
000630346 136160
000630347 115680
000630348 66240
000630349 125072
000630350 94080
000630351 111680
000630352 95680
000630353 72224
000630354 104640
000630357 87520
000630358 159104
000630359 66784
000630360 61520
000630361 89120
000630364 82112
000630365 175040
000630366 141920
000630367 99584
000630368 137984
000630369 86400
000630371 102240
000630372 148160
000630373 86560
000630374 97920
000630376 60640
000630377 96320
000630378 59360
000630379 64319
000630380 62880
000630381 104480
000630382 48640
000630384 58112
000630385 49920
000630386 150720
000630387 158400
000630388 75200
000630390 64480
000630391 146080
000630392 132640
000630393 65120
000630394 68944
000630395 139840
000630397 119680
000630399 91360
000631401 67056
000631402 74400
000631403 71520
000631404 88160
000631405 67520
000631406 59200
000631407 75680
000631408 74560
000631409 52208
000631411 84160
000631412 84320
000631413 43840
000631414 93600
000631415 60320
000631416 88960
000631418 61600
000631419 62480
000631420 49920
000631421 41328
000631422 60976
000631423 50416
000631424 66880
000631425 55840
000631427 86240
000631428 58080
000631429 54560
000631430 71680
000631431 49120
000631432 81120
000631433 81120
000631434 70880
000631435 56240
000631436 64000
000631438 60800
000631439 92640
000631440 42720
000631441 72000
000631442 86400
000631443 86720
000631444 89760
000631445 58400
000631447 64000
000631448 57920
000631449 61920
000631450 66240
000631451 76960
000631452 83040
000631453 76960
000631454 45520
000631455 83680
000631456 67360
000631457 73440
000631458 104640
000631460 61440
000631461 69312
000631463 84160
000631464 76000
000631465 70560
000631466 69120
000631467 56640
000631470 68800
000631471 61184
000631472 69440
000631473 49120
000631474 57280
000631476 67360
000631477 69600
000631478 53440
000631480 92960
000631481 65104
000631482 75360
000631483 54864
000631485 64319
000631487 77920
000631488 60896
000631489 92320
000631490 56432
000631491 54240
000631492 69952
000631494 60480
000631495 58720
000631496 71520
000631497 56160
000631498 65440
000631499 81760
000631500 68000
000631501 75360
000631502 137760
000631505 117280
000631506 88960
000631508 87040
000631510 61408
000631511 98560
000631512 111840
000631513 125440
000631514 115360
000631515 118880
000631516 92192
000631518 78880
000631520 98080
000631521 76800
000631522 80160
000631523 92960
000631524 50672
000631525 168320
000631526 170880
000631527 108608
000631529 104160
000631530 114352
000631531 71360
000631532 79520
000631533 77120
000631534 138240
000631537 104640
000631538 95520
000631541 68480
000631542 98560
000631543 59680
000631544 105440
000631545 52640
000631546 72000
000631547 137120
000631548 57760
000631549 101280
000631550 121440
000631551 63200
000631552 61904
000631553 58656
000631555 61120
000631556 127840
000631557 98400
000631558 70720
000631559 74720
000631560 97600
000631561 108960
000631562 98896
000631563 74560
000631564 58720
000631565 51520
000631566 74400
000631568 98880
000631569 116320
000631571 131520
000631572 114400
000631574 91840
000631575 56784
000631576 100624
000631577 39664
000631579 75360
000631580 127904
000631581 123088
000631582 57760
000631583 55520
000631584 103680
000631586 88160
000631587 69600
000631588 128160
000631589 102880
000631590 110080
000631591 106240
000631592 102880
000631593 95360
000631595 106240
000631596 91200
000631597 82240
000631598 82400
000631599 67840
000631600 45088
000631601 180640
000631602 75840
000631603 121280
000631604 140640
000631605 50400
000631607 45600
000631608 89440
000631610 120336
000631611 71360
000631612 111040
000631613 61728
000631614 121440
000631615 86560
000631617 61760
000631618 63840
000631619 75840
000631620 132320
000631621 57936
000631622 153760
000631623 133120
000631624 113920
000631625 90368
000631626 66560
000631627 105920
000631628 152000
000631629 150560
000631630 96480
000631632 119520
000631633 51680
000631634 121760
000631635 72160
000631636 78720
000631637 78400
000631638 51520
000631640 49760
000631641 63840
000631642 64080
000631643 112000
000631644 80640
000631645 88320
000631646 104320
000631647 112000
000631648 59680
000631649 96480
000631650 130240
000631651 44960
000631652 56352
000631653 126880
000631654 121120
000631655 66400
000631656 146288
000631658 70560
000631659 78080
000631660 124640
000631661 112320
000631662 72960
000631663 135200
000631664 84800
000631665 112480
000631666 68928
000631667 112480
000631668 108960
000631670 78240
000631671 85440
000631672 84800
000631673 127040
000631674 115360
000631675 55520
000631676 60480
000631677 120160
000631679 85920
000631680 67040
000631681 142880
000631682 107680
000631684 76160
000631686 104160
000631687 70720
000631688 86080
000631689 75680
000631691 173760
000631692 110240
000631693 53760
000631694 48416
000631695 102512
000631696 76464
000631697 119680
000631698 104320
000631699 104480
000631700 77440
000631701 75520
000631702 137760
000631703 131520
000631704 59200
000631705 52160
000631707 64640
000631708 93584
000631710 65280
000631712 51360
000631714 115360
000631715 148000
000631716 86880
000631718 99840
000631719 145440
000631720 100640
000631721 76320
000631722 62240
000631723 120640
000631724 160992
000631725 105024
000631726 60960
000631727 78560
000631728 67344
000631729 88320
000631730 46240
000631731 102560
000631734 128000
000631736 100960
000631738 80320
000631739 111968
000631740 84000
000631741 101280
000631742 140000
000631744 61536
000631745 133760
000631747 96160
000631748 97920
000631749 112800
000631750 91040
000631751 127040
000631752 51200
000631753 140800
000631754 58560
000631755 102720
000631756 100000
000631758 47856
000631760 92320
000631761 64319
000631762 81120
000631765 64111
000631766 94240
000631767 139200
000631769 116128
000631770 96160
000631771 70400
000631772 95360
000631773 52160
000631774 63840
000631776 54880
000631777 143040
000631779 116112
000631780 120160
000631781 92160
000631782 49920
000631783 146880
000631785 94240
000631786 94400
000631787 91680
000631788 49280
000631789 65280
000631790 98080
000631791 53280
000631792 108160
000631793 156160
000631794 51520
000631796 54720
000631797 112640
000631798 128479
000631799 97248
000631800 116960
000640001 63840
000640002 152800
000640003 90400
000640004 109600
000640005 128639
000640006 77600
000640007 93920
000640008 88160
000640009 71840
000640010 97920
000640011 74880
000640012 123200
000640013 84640
000640014 127680
000640015 110400
000640016 149440
000640017 82080
000640019 120800
000640020 79360
000640021 46720
000640024 50080
000640025 83200
000640026 55520
000640027 53760
000640028 47552
000640029 60480
000640030 66720
000640031 66640
000640032 58880
000640033 74400
000640034 88320
000640035 43200
000640036 54880
000640037 72800
000640038 55040
000640039 55040
000640040 62080
000640041 34400
000640042 38880
000640043 56960
000640044 40640
000640045 43680
000640046 42560
000640047 42080
000640048 76480
000640049 50560
000640050 53920
000640052 80960
000640053 40160
000640054 41600
000640057 68640
000640058 59520
000640059 56320
000640060 61280
000640061 50240
000640062 50400
000640063 72800
000640064 61440
000640065 55680
000640067 53440
000640068 68160
000640070 54880
000640071 44480
000640072 62560
000640073 61120
000640074 67040
000640075 56960
000640077 55200
000640078 76800
000640079 60960
000640080 43680
000640081 54240
000640082 83520
000640083 61440
000640084 67680
000640085 66720
000640086 64111
000640087 61920
000640088 68000
000640089 91200
000640090 72320
000640091 77120
000640092 103840
000640093 68320
000640094 59360
000640095 67360
000640096 58400
000640097 58080
000640098 79040
000640100 72480
000640101 121440
000640102 151360
000640103 120320
000640104 60640
000640105 74240
000640106 58560
000640107 63520
000640108 100160
000640109 46240
000640111 71040
000640112 95840
000640113 55360
000640114 112960
000640116 82880
000640117 100640
000640120 75840
000640121 53120
000640122 119520
000640123 71520
000640124 112480
000640125 58880
000640126 83360
000640127 92320
000640129 66720
000640130 72960
000640131 117600
000640132 51360
000640133 104480
000640134 45920
000640138 80000
000640139 45280
000640141 61440
000640143 84480
000640144 69600
000640145 88640
000640146 91680
000640147 89120
000640148 82240
000640151 56480
000640153 108320
000640154 68160
000640155 112640
000640157 87040
000640158 107360
000640159 93600
000640160 88480
000640161 76320
000640164 129120
000640165 76000
000640166 82880
000640168 53600
000640169 56480
000640170 96160
000640171 46400
000640172 99680
000640173 119840
000640174 77920
000640176 53600
000640178 70240
000640180 125760
000640181 74720
000640182 105280
000640183 65440
000640184 38080
000640185 54080
000640187 96320
000640188 80160
000640189 107040
000640190 114560
000640192 48320
000640193 72160
000640194 101760
000640195 120960
000640196 73600
000640197 45120
000640199 98240
000640200 125440
000640201 101600
000640202 116320
000640203 77760
000640204 89280
000640206 58880
000640207 56640
000640208 117440
000640209 52960
000640210 111200
000640211 126240
000640213 65120
000640214 63040
000640215 64800
000640216 76800
000640217 72800
000640218 47360
000640219 91520
000640220 64959
000640221 70080
000640222 59680
000640223 101600
000640224 72320
000640225 70880
000640226 53920
000640227 76320
000640228 100960
000640229 119840
000640230 56960
000640231 121920
000640232 61440
000640233 117760
000640235 129904
000640236 136160
000640238 68960
000640239 102880
000640240 45440
000640241 99040
000640243 76320
000640244 43680
000640245 81760
000640246 66240
000640247 93120
000640248 66560
000640250 140320
000640251 69760
000640252 66560
000640253 99840
000640255 94720
000640256 63200
000640258 109760
000640259 102240
000640260 65600
000640261 113120
000640262 83200
000640263 69280
000640264 86720
000640265 90720
000640266 72000
000640267 107840
000640268 112000
000640269 100800
000640270 58720
000640271 92480
000640272 98720
000640273 54400
000640274 52480
000640275 120960
000640276 134720
000640277 45760
000640278 59520
000640281 80320
000640282 94240
000640285 65760
000640286 142080
000640287 85600
000640288 101600
000640289 112000
000640290 59200
000640291 47200
000640292 63360
000640293 97600
000640294 56160
000640295 122080
000640296 121760
000640298 92000
000640299 67200
000640300 108000
000640301 108320
000640302 93600
000640303 93920
000640304 83040
000640305 85600
000640307 112160
000640308 56480
000640309 139200
000640310 93120
000640311 111840
000640312 113120
000640313 67360
000640314 107040
000640315 53920
000640316 125920
000640317 63680
000640318 97920
000640321 114400
000640324 78240
000640325 110080
000640326 51520
000640327 124320
000640328 125920
000640331 114240
000640332 59680
000640333 98720
000640335 81920
000640336 95232
000640339 65920
000640340 108320
000640341 108480
000640342 107200
000640343 77120
000640344 115520
000640345 70080
000640347 50080
000640348 54400
000640349 157120
000640350 102400
000640354 76160
000640355 82240
000640356 77920
000640357 133920
000640358 92960
000640359 65600
000640360 87040
000640361 56640
000640362 106560
000640363 80800
000640364 59840
000640366 65120
000640367 92000
000640368 114240
000640371 80000
000640372 69280
000640373 82560
000640374 78080
000640375 164960
000640376 93280
000640377 150720
000640378 77600
000640380 101280
000640382 88480
000640383 84960
000640384 57920
000640385 129744
000640386 44800
000640387 68000
000640388 124000
000640389 57920
000640390 122240
000640391 111360
000640392 104160
000640393 44160
000640394 153440
000640395 70080
000640396 74080
000640397 66720
000640398 91680
000640399 82240
000640400 45120
000641401 57440
000641402 80000
000641403 70880
000641404 89440
000641405 69280
000641406 57760
000641407 61440
000641408 74720
000641409 50720
000641411 83840
000641412 75680
000641413 41600
000641414 93280
000641415 55520
000641416 65600
000641418 60800
000641419 54400
000641422 53600
000641423 48640
000641424 57280
000641425 56960
000641428 48000
000641429 46544
000641430 68944
000641431 42240
000641432 67520
000641433 83040
000641434 66560
000641435 53120
000641436 68320
000641438 55520
000641440 46080
000641441 64959
000641442 67040
000641443 71200
000641444 88640
000641445 49760
000641447 55200
000641448 54080
000641449 58240
000641450 67360
000641451 80800
000641452 74400
000641453 73920
000641454 41120
000641455 75680
000641456 80160
000641457 67520
000641458 85440
000641460 56960
000641462 51200
000641463 77760
000641464 63824
000641465 56640
000641466 72160
000641467 56320
000641470 68960
000641471 54720
000641473 48080
000641474 50240
000641475 72320
000641476 60800
000641477 68000
000641478 53280
000641479 63680
000641480 81920
000641482 58080
000641483 51456
000641485 59680
000641487 72480
000641488 65920
000641489 80000
000641491 49280
000641494 56000
000641495 54560
000641496 64800
000641497 51360
000641498 60320
000641499 62720
000641500 60800
000641501 89760
000641502 70400
000641504 101280
000641505 70720
000641506 102880
000641507 85280
000641508 71680
000641509 151040
000641510 65280
000641511 133920
000641512 74080
000641513 90240
000641515 60640
000641517 64959
000641518 59040
000641519 70400
000641520 64640
000641522 94720
000641523 52160
000641524 59200
000641526 106720
000641527 127840
000641528 122400
000641529 88800
000641530 88000
000641531 95680
000641532 63840
000641533 73920
000641534 81600
000641535 41600
000641538 79040
000641539 55840
000641540 104480
000641542 55680
000641543 100160
000641544 145280
000641545 62560
000641548 71040
000641549 39520
000641550 93440
000641551 84960
000641552 65120
000641553 132800
000641554 82240
000641555 88000
000641556 105440
000641557 49120
000641558 85600
000641559 54240
000641560 60640
000641561 120480
000641563 70080
000641564 133264
000641565 69760
000641566 49440
000641567 144960
000641569 104960
000641570 115520
000641571 81120
000641572 49120
000641573 107360
000641574 129600
000641575 92480
000641576 82400
000641577 107680
000641578 85120
000641579 81440
000641580 68320
000641581 48000
000641582 48480
000641583 115200
000641584 70080
000641586 109920
000641587 86240
000641588 142400
000641589 80320
000641592 50400
000641593 52960
000641594 116480
000641595 57920
000641596 81920
000641597 150256
000641598 84160
000641600 74720
000641601 144960
000641603 73760
000641604 98240
000641605 108480
000641606 72000
000641607 153120
000641608 84160
000641609 94720
000641610 56000
000641613 68960
000641615 80800
000641616 94240
000641617 113760
000641618 143840
000641619 105440
000641620 72000
000641621 73760
000641622 56320
000641623 62240
000641624 111840
000641625 74880
000641626 91200
000641628 79520
000641630 57760
000641631 114080
000641632 124640
000641633 81120
000641634 102880
000641635 39040
000641636 135184
000641638 47040
000641639 96800
000641640 124480
000641641 72480
000641642 111520
000641643 40480
000641644 134880
000641645 106240
000641646 103520
000641647 93600
000641648 60960
000641650 101440
000641651 79520
000641652 69440
000641653 59680
000641654 53280
000641655 59680
000641656 74240
000641657 119840
000641659 50880
000641660 85120
000641661 84960
000641663 50608
000641664 110720
000641665 99200
000641666 63040
000641667 90080
000641668 60000
000641669 94080
000641670 81760
000641672 78240
000641673 49440
000641674 52160
000641675 75680
000641676 101600
000641677 101920
000641678 110400
000641679 68800
000641680 55520
000641681 66400
000641682 79680
000641683 85760
000641684 127360
000641686 103520
000641687 53600
000641688 48320
000641689 108000
000641690 48480
000641691 79520
000641692 46400
000641693 136640
000641694 62080
000641695 81120
000641696 89280
000641698 70080
000641700 106720
000641701 64160
000641702 61440
000641703 114080
000641704 81760
000641705 124000
000641706 94080
000641707 120480
000641708 94400
000641709 37280
000641710 92160
000641711 89120
000641712 45440
000641713 48000
000641714 111040
000641715 86880
000641716 72960
000641717 94720
000641718 130560
000641719 96160
000641720 91840
000641721 59040
000641722 50720
000641723 80640
000641724 75040
000641725 107840
000641726 57920
000641727 123024
000641728 91440
000641729 51360
000641730 116320
000641731 80480
000641732 73920
000641734 62400
000641735 49120
000641736 87200
000641737 103680
000641738 44160
000641739 98240
000641740 59680
000641741 82880
000641742 64800
000641743 68160
000641744 79200
000641745 79200
000641746 89120
000641747 128160
000641748 127360
000641749 111680
000641750 79520
000641751 73600
000641752 54240
000641753 73280
000641754 99520
000641757 79200
000641758 66560
000641759 99360
000641760 87520
000641761 106080
000641762 117120
000641763 57440
000641764 68304
000641765 138560
000641766 96160
000641768 71200
000641769 116160
000641770 75360
000641771 54880
000641772 103520
000641773 97440
000641774 43360
000641775 45760
000641776 97440
000641777 86400
000641778 84160
000641779 91360
000641780 109440
000641781 70720
000641782 105440
000641783 55040
000641784 58560
000641785 48320
000641787 91840
000641788 39680
000641789 104000
000641790 93440
000641791 80640
000641792 58880
000641793 49440
000641794 88640
000641795 50240
000641796 88800
000641797 86240
000641798 98240
000641799 96480
000641800 76832
000650007 110560
000650008 106448
000650009 80960
000650012 136960
000650013 103680
000650016 159040
000650018 112000
000650021 55040
000650023 81680
000650024 69712
000650030 78880
000650031 80160
000650034 111200
000650038 78240
000650039 68240
000650040 85920
000650041 37504
000650044 57088
000650047 51888
000650048 93760
000650050 76640
000650051 54240
000650053 46080
000650054 48960
000650055 66720
000650056 88800
000650057 89280
000650058 73120
000650059 62880
000650060 79040
000650061 64640
000650062 62240
000650063 84480
000650064 71520
000650065 66560
000650066 59200
000650068 77600
000650069 76320
000650070 62240
000650071 54240
000650072 70560
000650073 72000
000650074 73440
000650075 61760
000650076 106400
000650077 67840
000650078 90240
000650079 71680
000650080 52160
000650081 64640
000650082 98560
000650083 67056
000650084 73120
000650085 69600
000650086 68160
000650087 79520
000650088 84160
000650089 116000
000650090 93760
000650091 92000
000650092 115104
000650093 80960
000650094 67040
000650095 80480
000650096 74080
000650097 71360
000650098 89920
000650099 73120
000650100 83040
000650102 118560
000650103 90080
000650105 103200
000650106 122240
000650107 67680
000650108 86560
000650110 127520
000650112 55040
000650113 63840
000650114 119200
000650115 115840
000650116 109760
000650117 101920
000650118 126720
000650119 120480
000650120 97808
000650121 100800
000650122 130560
000650123 95680
000650124 86464
000650126 69760
000650127 61360
000650128 101120
000650129 85552
000650130 65280
000650131 132128
000650133 102400
000650134 164640
000650135 70880
000650136 50144
000650137 115520
000650138 80480
000650139 91520
000650140 125600
000650142 74432
000650143 63360
000650145 63200
000650146 60800
000650147 132784
000650148 73120
000650149 84320
000650150 83520
000650152 74720
000650153 66720
000650154 129280
000650155 62400
000650157 88800
000650158 60640
000650159 64160
000650160 92800
000650161 66016
000650162 136800
000650163 85440
000650165 151040
000650167 96480
000650168 115040
000650169 97120
000650170 78080
000650171 122240
000650172 115536
000650173 102400
000650174 134720
000650175 70240
000650176 169920
000650177 146880
000650178 131680
000650181 65920
000650182 40160
000650183 119200
000650184 58880
000650185 122240
000650186 81760
000650187 81760
000650188 72160
000650189 82400
000650190 61760
000650191 82080
000650192 45120
000650193 79520
000650194 75840
000650195 54560
000650196 93280
000650198 98240
000650200 86080
000650201 76160
000650202 103840
000650203 62240
000650204 130400
000650205 84160
000650206 56320
000650207 93152
000650208 69280
000650209 49760
000650210 76320
000650212 154720
000650213 100816
000650214 66240
000650215 65760
000650216 81440
000650217 60640
000650218 74240
000650219 96000
000650220 147200
000650221 143040
000650222 56160
000650223 80160
000650224 54560
000650225 51360
000650226 76000
000650228 80480
000650229 62880
000650230 84480
000650231 44800
000650232 56320
000650234 52432
000650235 94576
000650236 100000
000650237 74720
000650238 51040
000650239 109440
000650240 55680
000650241 98080
000650242 88800
000650243 116320
000650245 118240
000650246 104160
000650247 111520
000650248 88640
000650249 77280
000650250 70720
000650251 75040
000650252 85760
000650253 44800
000650254 53600
000650255 79360
000650256 64000
000650257 50400
000650258 57760
000650259 114720
000650260 84320
000650261 107200
000650262 121600
000650263 91840
000650264 59680
000650265 93600
000650266 51984
000650267 73584
000650268 127680
000650269 79200
000650270 76960
000650275 42880
000650276 90400
000650277 63680
000650278 79040
000650279 83680
000650280 75840
000650283 48480
000650284 85440
000650286 54560
000650287 54720
000650289 73280
000650290 88640
000650291 62400
000650292 85120
000650293 104480
000650294 52960
000650295 51040
000650297 128479
000650299 63200
000650300 75680
000650301 57760
000650302 62720
000650303 55744
000650304 58160
000650305 73296
000650306 108640
000650307 58560
000650309 62080
000650310 63840
000650312 121440
000650313 77760
000650314 80320
000650315 86880
000650316 63200
000650317 84640
000650318 84480
000650320 78240
000650321 116256
000650323 99040
000650324 58080
000650325 71536
000650326 53920
000650327 80800
000650328 78400
000650329 44000
000650332 72800
000650333 88000
000650334 116000
000650335 137760
000650337 59376
000650343 72000
000650344 56112
000650346 78128
000650347 121600
000650348 116320
000650349 80480
000650352 76448
000650353 72640
000650354 73120
000650355 120480
000650356 56320
000650357 90720
000650359 125280
000650360 96960
000650361 113920
000650362 93920
000650363 129919
000650364 108160
000650366 44256
000650367 44160
000650368 67040
000650370 114880
000650371 77440
