000561657 15
000561658 20
000561659 15
000561660 19
000561661 29
000561664 17
000561666 37
000561667 8
000561668 27
000561674 12
000561677 34
000561678 14
000561679 13
000561681 33
000561684 11
000561685 26
000561686 28
000561687 29
000561688 11
000561690 16
000561697 14
000561705 35
000561706 24
000561707 11
000561708 8
000561714 10
000561715 22
000561716 24
000561717 23
000561718 9
000561719 16
000561721 30
000561722 28
000561723 10
000561724 27
000561725 22
000561727 21
000561729 11
000561730 13
000561733 39
000561734 17
000561737 22
000561740 13
000561741 31
000561743 18
000561746 26
000561747 27
000561748 16
000561750 18
000561753 31
000561755 15
000561756 30
000561757 19
000561758 13
000561759 12
000561760 16
000561761 27
000561764 22
000561767 31
000561768 34
000561771 12
000561772 21
000561773 17
000561776 14
000561778 17
000561779 28
000561780 18
000561782 25
000561783 17
000561786 28
000561788 16
000561790 33
000561793 28
000561797 19
000561798 25
000561799 15
000570002 42
000570003 16
000570004 33
000570005 35
000570006 21
000570007 30
000570008 24
000570009 14
000570010 27
000570011 20
000570012 34
000570013 20
000570014 37
000570015 27
000570016 46
000570017 18
000570018 25
000570019 42
000570020 21
000570021 7
000570022 11
000570023 14
000570024 11
000570025 20
000570026 8
000570027 12
000570028 8
000570029 11
000570030 14
000570031 15
000570032 19
000570033 19
000570035 7
000570036 8
000570037 17
000570038 10
000570039 11
000570040 14
000570041 4
000570042 4
000570043 14
000570044 10
000570047 10
000570048 15
000570049 7
000570050 14
000570052 17
000570054 7
000570055 12
000570056 13
000570058 14
000570060 14
000570061 17
000570062 11
000570063 20
000570064 13
000570065 18
000570066 8
000570067 11
000570068 13
000570069 19
000570070 19
000570071 14
000570072 12
000570073 15
000570074 14
000570075 13
000570076 18
000570077 7
000570078 20
000570079 14
000570080 10
000570081 13
000570082 17
000570083 14
000570084 13
000570085 10
000570086 14
000570087 15
000570088 15
000570089 21
000570090 22
000570091 15
000570092 35
000570093 16
000570094 13
000570095 14
000570096 14
000570097 13
000570098 19
000570099 17
000570100 17
000570101 14
000570102 5
000570103 17
000570104 10
000570106 7
000570107 33
000570109 16
000570110 15
000570111 21
000570112 31
000570113 7
000570115 23
000570116 17
000570117 22
000570118 22
000570119 23
000570120 18
000570121 23
000570122 21
000570123 32
000570125 32
000570126 23
000570127 15
000570128 33
000570129 20
000570130 21
000570131 22
000570132 10
000570133 25
000570134 18
000570136 16
000570137 31
000570138 17
000570139 17
000570140 14
000570141 16
000570142 18
000570143 24
000570144 26
000570145 9
000570146 31
000570147 10
000570148 25
000570149 28
000570150 24
000570151 21
000570152 17
000570153 6
000570154 23
000570155 23
000570156 14
000570157 20
000570158 12
000570159 35
000570160 5
000570162 22
000570163 35
000570164 18
000570165 28
000570166 18
000570167 33
000570168 21
000570169 7
000570170 17
000570171 24
000570172 10
000570173 5
000570174 38
000570175 22
000570177 30
000570178 30
000570179 29
000570180 25
000570181 26
000570182 15
000570183 26
000570184 21
000570185 14
000570186 20
000570187 12
000570188 9
000570189 8
000570190 18
000570191 41
000570192 14
000570193 26
000570194 46
000570195 17
000570196 43
000570197 46
000570198 24
000570200 8
000570201 22
000570203 32
000570204 28
000570205 25
000570206 31
000570207 17
000570208 18
000570209 29
000570210 16
000570211 18
000570212 24
000570213 17
000570214 15
000570217 26
000570218 8
000570219 7
000570220 27
000570221 9
000570222 15
000570223 19
000570225 8
000570227 13
000570228 10
000570229 17
000570230 14
000570231 18
000570232 28
000570234 5
000570235 10
000570237 25
000570238 31
000570239 15
000570240 16
000570241 18
000570242 22
000570243 5
000570244 19
000570245 21
000570246 16
000570247 33
000570248 11
000570249 11
000570250 10
000570251 21
000570252 22
000570253 28
000570254 28
000570255 11
000570256 27
000570257 11
000570259 21
000570260 24
000570261 16
000570262 10
000570263 18
000570264 14
000570265 23
000570267 27
000570268 21
000570269 17
000570270 24
000570271 23
000570272 29
000570273 13
000570274 21
000570275 22
000570276 13
000570277 21
000570278 10
000570279 17
000570280 10
000570281 7
000570282 18
000570283 11
000570284 15
000570285 16
000570286 24
000570288 10
000570289 13
000570290 17
000570291 24
000570292 34
000570293 6
000570294 30
000570295 20
000570296 16
000570297 33
000570298 12
000570299 16
000570300 27
000570301 29
000570302 11
000570303 37
000570304 22
000570305 16
000570306 15
000570307 22
000570308 5
000570309 9
000570310 17
000570311 14
000570312 24
000570313 21
000570314 34
000570315 14
000570316 16
000570317 20
000570318 22
000570319 23
000570320 20
000570321 24
000570322 15
000570323 35
000570324 35
000570325 41
000570326 12
000570327 42
000570328 22
000570329 25
000570330 20
000570331 22
000570332 30
000570333 28
000570335 12
000570336 13
000570337 10
000570338 47
000570339 35
000570340 35
000570341 24
000570342 20
000570343 10
000570344 10
000570345 20
000570346 23
000570347 22
000570349 17
000570350 40
000570351 13
000570352 10
000570353 24
000570354 24
000570355 26
000570356 11
000570357 16
000570358 24
000570359 17
000570360 9
000570361 15
000570362 21
000570363 22
000570364 18
000570365 24
000570366 15
000570367 20
000570368 35
000570369 36
000570370 25
000570371 9
000570372 12
000570373 29
000570374 30
000570375 27
000570376 11
000570377 23
000570378 33
000570379 35
000570380 15
000570381 15
000570382 23
000570383 31
000570384 21
000570385 32
000570386 42
000570387 23
000570388 16
000570389 26
000570390 25
000570391 18
000570392 15
000570393 14
000570394 30
000570395 15
000570396 20
000570397 34
000570398 32
000570399 28
000570400 7
000571402 18
000571403 13
000571404 21
000571405 13
000571406 15
000571407 17
000571408 16
000571409 10
000571410 19
000571411 19
000571412 21
000571413 6
000571414 19
000571415 11
000571416 13
000571417 27
000571418 12
000571419 16
000571420 14
000571421 8
000571422 13
000571423 10
000571424 15
000571425 10
000571426 12
000571427 22
000571428 10
000571429 15
000571430 18
000571431 14
000571432 20
000571433 19
000571434 14
000571435 10
000571436 12
000571437 12
000571438 16
000571439 19
000571441 17
000571442 20
000571443 17
000571444 19
000571445 15
000571446 21
000571447 11
000571448 16
000571449 12
000571450 16
000571451 21
000571452 25
000571453 14
000571454 6
000571455 20
000571456 20
000571457 13
000571458 24
000571459 15
000571460 15
000571461 16
000571463 21
000571464 16
000571465 13
000571466 19
000571467 9
000571468 15
000571469 19
000571470 18
000571471 14
000571472 20
000571473 12
000571474 8
000571475 20
000571476 13
000571477 13
000571479 16
000571480 33
000571481 12
000571482 14
000571483 17
000571484 15
000571485 10
000571487 18
000571488 15
000571489 25
000571490 13
000571491 15
000571492 16
000571493 11
000571494 13
000571495 12
000571496 21
000571497 15
000571498 15
000571499 14
000571500 18
000571501 35
000571502 24
000571503 18
000571504 31
000571505 16
000571506 16
000571507 30
000571508 22
000571509 18
000571510 30
000571511 24
000571512 19
000571513 29
000571514 11
000571515 18
000571516 18
000571517 6
000571518 31
000571519 15
000571520 23
000571521 21
000571522 19
000571523 11
000571524 13
000571525 28
000571526 32
000571527 11
000571528 18
000571529 17
000571530 9
000571531 19
000571532 20
000571533 26
000571534 16
000571535 28
000571536 7
000571537 8
000571538 19
000571539 23
000571540 38
000571541 16
000571542 14
000571543 20
000571544 16
000571545 27
000571546 27
000571547 18
000571549 30
000571550 11
000571551 9
000571553 10
000571554 35
000571555 24
000571557 14
000571558 15
000571559 14
000571560 7
000571561 12
000571562 25
000571563 11
000571564 25
000571565 16
000571566 13
000571567 24
000571568 34
000571569 14
000571570 11
000571571 19
000571572 34
000571573 22
000571574 12
000571575 12
000571576 19
000571577 32
000571578 12
000571579 25
000571580 32
000571581 5
000571583 13
000571584 18
000571585 15
000571586 15
000571587 6
000571588 19
000571589 30
000571591 19
000571592 9
000571593 22
000571594 25
000571595 18
000571597 16
000571598 30
000571599 6
000571601 33
000571602 33
000571603 11
000571604 16
000571605 6
000571606 20
000571607 24
000571608 13
000571609 19
000571610 9
000571611 16
000571612 10
000571613 14
000571614 7
000571615 17
000571616 12
000571617 24
000571618 13
000571619 35
000571620 26
000571621 12
000571622 10
000571623 12
000571624 13
000571625 8
000571626 24
000571627 23
000571628 14
000571629 24
000571630 39
000571631 24
000571632 19
000571633 9
000571634 10
000571635 28
000571636 21
000571637 14
000571639 35
000571640 25
000571641 6
000571642 22
000571643 15
000571644 36
000571645 40
000571646 31
000571647 22
000571648 12
000571649 26
000571650 15
000571653 18
000571654 24
000571655 13
000571656 16
000571657 21
000571658 12
000571660 22
000571661 23
000571662 14
000571663 24
000571664 11
000571665 9
000571666 20
000571668 9
000571669 15
000571670 12
000571671 27
000571672 20
000571673 26
000571674 9
000571675 41
000571676 25
000571677 22
000571678 34
000571679 14
000571680 16
000571682 7
000571683 12
000571684 7
000571685 14
000571686 8
000571687 21
000571689 8
000571690 25
000571691 16
000571692 18
000571693 31
000571694 15
000571695 32
000571696 19
000571697 21
000571698 22
000571700 31
000571701 25
000571702 25
000571703 25
000571704 20
000571705 16
000571706 14
000571707 37
000571708 15
000571709 26
000571710 16
000571711 19
000571714 36
000571715 12
000571716 24
000571717 24
000571718 11
000571719 41
000571720 15
000571721 27
000571722 23
000571723 28
000571724 26
000571725 27
000571727 28
000571728 17
000571729 21
000571730 28
000571731 21
000571732 20
000571733 21
000571734 8
000571735 23
000571736 22
000571737 12
000571738 10
000571739 22
000571741 12
000571742 34
000571743 22
000571744 21
000571745 29
000571746 5
000571747 9
000571748 19
000571749 6
000571751 24
000571752 22
000571753 26
000571754 17
000571755 9
000571756 33
000571758 14
000571759 27
000571761 24
000571762 35
000571764 15
000571765 18
000571766 27
000571767 24
000571768 25
000571769 26
000571770 27
000571771 23
000571772 15
000571773 16
000571774 21
000571776 16
000571777 10
000571778 20
000571779 14
000571780 25
000571781 28
000571782 28
000571783 5
000571784 12
000571785 12
000571786 23
000571787 22
000571788 25
000571789 23
000571790 35
000571791 25
000571792 26
000571793 19
000571795 15
000571796 31
000571797 38
000571798 38
000571799 17
000571800 19
000580001 10
000580002 41
000580003 16
000580004 33
000580005 35
000580006 21
000580007 30
000580008 24
000580009 14
000580010 27
000580011 20
000580012 34
000580013 20
000580014 37
000580015 27
000580016 46
000580017 18
000580018 25
000580019 42
000580020 23
000580021 7
000580022 11
000580024 12
000580025 20
000580026 8
000580027 12
000580028 8
000580029 11
000580030 14
000580031 15
000580032 19
000580033 20
000580034 20
000580035 7
000580036 8
000580037 17
000580038 10
000580039 11
000580040 14
000580041 4
000580042 4
000580043 14
000580044 10
000580045 6
000580046 9
000580047 10
000580048 15
000580049 7
000580050 14
000580052 17
000580053 8
000580054 7
000580056 13
000580057 16
000580058 14
000580059 9
000580060 14
000580061 17
000580062 11
000580063 20
000580064 13
000580065 18
000580067 11
000580068 13
000580069 19
000580070 19
000580071 14
000580072 12
000580073 15
000580074 14
000580075 13
000580077 7
000580078 20
000580079 14
000580080 10
000580081 13
000580082 17
000580083 14
000580084 13
000580085 11
000580086 14
000580087 15
000580088 15
000580089 21
000580090 22
000580091 15
000580092 35
000580093 16
000580094 13
000580095 14
000580096 14
000580097 13
000580098 19
000580099 17
000580100 17
000580101 11
000580103 6
000580104 9
000580105 26
000580106 18
000580108 18
000580109 7
000580111 20
000580112 17
000580113 12
000580114 11
000580115 14
000580116 31
000580117 12
000580118 5
000580119 8
000580120 22
000580121 22
000580122 16
000580123 14
000580124 11
000580125 15
000580126 22
000580127 28
000580128 23
000580129 29
000580130 23
000580131 20
000580132 10
000580134 32
000580136 29
000580137 10
000580138 18
000580139 17
000580140 13
000580141 18
000580142 29
000580143 19
000580144 20
000580145 23
000580146 10
000580147 17
000580148 12
000580149 23
000580150 25
000580151 15
000580152 26
000580153 18
000580154 11
000580155 30
000580156 24
000580157 7
000580159 11
000580160 32
000580161 20
000580162 17
000580164 31
000580165 22
000580166 10
000580168 21
000580169 6
000580170 16
000580171 6
000580172 21
000580173 23
000580174 13
000580175 15
000580176 21
000580178 19
000580180 23
000580181 17
000580182 28
000580185 6
000580186 19
000580187 7
000580188 18
000580189 12
000580190 11
000580191 19
000580192 5
000580193 24
000580195 9
000580196 25
000580197 22
000580198 15
000580199 19
000580200 33
000580201 8
000580202 14
000580203 22
000580204 8
000580206 28
000580207 35
000580208 12
000580209 33
000580210 25
000580211 15
000580212 20
000580213 21
000580214 18
000580215 29
000580217 14
000580218 33
000580219 21
000580220 15
000580221 8
000580222 13
000580223 16
000580224 21
000580225 23
000580226 13
000580227 8
000580228 25
000580229 25
000580230 10
000580232 22
000580234 7
000580235 33
000580236 11
000580237 18
000580238 31
000580239 15
000580240 13
000580242 17
000580243 13
000580244 11
000580245 25
000580246 16
000580247 31
000580248 13
000580249 9
000580250 29
000580251 16
000580252 32
000580253 17
000580254 17
000580255 13
000580257 30
000580258 27
000580259 14
000580260 28
000580261 28
000580262 16
000580265 12
000580266 19
000580267 14
000580268 23
000580269 17
000580271 34
000580272 14
000580273 24
000580274 22
000580275 11
000580276 27
000580278 12
000580279 18
000580280 16
000580282 17
000580284 15
000580285 17
000580286 20
000580287 17
000580289 36
000580290 24
000580291 17
000580292 22
000580293 28
000580294 19
000580297 17
000580298 17
000580299 33
000580300 15
000580301 10
000580302 23
000580303 32
000580304 15
000580305 19
000580307 29
000580309 17
000580310 27
000580311 17
000580312 23
000580313 8
000580314 23
000580316 24
000580317 18
000580318 29
000580319 30
000580320 12
000580321 21
000580322 15
000580323 23
000580324 39
000580325 21
000580326 16
000580327 12
000580328 20
000580329 25
000580330 21
000580332 6
000580333 14
000580334 22
000580335 30
000580336 12
000580337 32
000580338 15
000580340 8
000580341 25
000580342 15
000580343 10
000580344 9
000580346 53
000580347 8
000580348 14
000580349 26
000580350 16
000580351 20
000580352 22
000580353 10
000580354 5
000580355 29
000580356 23
000580357 9
000580358 24
000580359 15
000580360 16
000580361 15
000580362 11
000580364 10
000580365 18
000580366 31
000580367 8
000580368 24
000580370 14
000580371 12
000580372 22
000580373 33
000580374 20
000580376 19
000580377 6
000580378 19
000580379 29
000580380 25
000580382 16
000580383 15
000580384 18
000580385 30
000580386 26
000580387 12
000580388 9
000580389 15
000580390 24
000580391 10
000580392 34
000580393 28
000580394 6
000580395 19
000580396 12
000580397 29
000580398 30
000580399 28
000580400 15
000581401 12
000581403 13
000581404 21
000581405 13
000581406 15
000581407 17
000581408 16
000581409 10
000581411 19
000581412 21
000581413 6
000581414 19
000581415 11
000581416 13
000581418 12
000581419 16
000581422 13
000581423 10
000581424 15
000581425 10
000581426 12
000581427 22
000581428 10
000581429 15
000581430 17
000581432 21
000581433 19
000581434 14
000581435 10
000581436 12
000581438 16
000581439 19
000581440 8
000581441 17
000581442 20
000581444 18
000581445 15
000581446 21
000581447 11
000581448 16
000581449 12
000581450 16
000581452 25
000581453 15
000581454 6
000581456 20
000581458 23
000581460 15
000581461 16
000581463 21
000581464 16
000581465 13
000581466 19
000581467 9
000581468 15
000581470 18
000581471 14
000581474 8
000581475 20
000581476 13
000581478 14
000581479 17
000581480 33
000581481 12
000581482 14
000581483 17
000581484 15
000581485 10
000581487 18
000581488 13
000581489 25
000581490 13
000581491 15
000581492 16
000581494 13
000581495 12
000581496 21
000581497 16
000581498 15
000581499 14
000581500 18
000581501 7
000581505 43
000581506 19
000581508 5
000581509 23
000581510 15
000581511 18
000581512 17
000581514 14
000581516 26
000581517 12
000581518 19
000581519 19
000581520 21
000581521 43
000581522 9
000581523 28
000581524 14
000581525 12
000581526 16
000581528 22
000581529 24
000581531 19
000581532 35
000581534 20
000581535 25
000581536 27
000581537 11
000581538 24
000581539 22
000581540 29
000581542 17
000581543 13
000581544 13
000581546 25
000581547 20
000581548 33
000581550 19
000581551 11
000581552 16
000581553 18
000581555 26
000581556 11
000581557 19
000581558 18
000581559 18
000581560 19
000581561 16
000581562 22
000581563 19
000581564 27
000581565 15
000581566 14
000581567 19
000581568 22
000581569 21
000581570 14
000581571 19
000581572 18
000581573 18
000581574 9
000581575 15
000581576 33
000581577 29
000581578 15
000581580 24
000581581 29
000581583 26
000581584 18
000581585 20
000581586 27
000581587 21
000581588 31
000581589 10
000581590 20
000581591 20
000581592 14
000581593 26
000581594 15
000581595 33
000581596 18
000581597 19
000581598 7
000581599 19
000581601 15
000581602 22
000581603 29
000581604 21
000581605 28
000581606 17
000581607 32
000581609 10
000581610 21
000581611 29
000581612 22
000581613 33
000581614 20
000581615 17
000581616 22
000581617 16
000581618 21
000581619 30
000581621 20
000581622 21
000581623 9
000581624 25
000581625 5
000581626 14
000581628 36
000581630 17
000581632 28
000581633 35
000581634 10
000581635 23
000581637 15
000581638 12
000581639 12
000581640 27
000581641 14
000581642 22
000581643 14
000581644 22
000581645 10
000581646 11
000581647 11
000581648 19
000581649 6
000581650 21
000581651 26
000581652 10
000581654 29
000581655 25
000581656 36
000581657 18
000581658 18
000581659 12
000581660 22
000581661 23
000581662 22
000581663 20
000581664 9
000581665 15
000581666 15
000581667 8
000581668 27
000581669 34
000581671 28
000581672 27
000581673 22
000581674 25
000581675 29
000581676 9
000581677 25
000581678 14
000581679 22
000581680 18
000581681 23
000581684 13
000581685 29
000581686 15
000581687 28
000581688 15
000581689 12
000581690 34
000581691 20
000581692 18
000581693 12
000581694 25
000581695 6
000581696 11
000581697 18
000581698 14
000581699 16
000581700 5
000581701 9
000581702 11
000581703 9
000581704 12
000581705 11
000581706 11
000581707 12
000581709 23
000581710 24
000581711 14
000581712 24
000581714 17
000581715 30
000581716 15
000581717 13
000581720 26
000581721 19
000581722 27
000581723 15
000581724 25
000581725 23
000581726 24
000581728 20
000581729 23
000581730 17
000581731 20
000581732 15
000581733 31
000581734 22
000581735 39
000581737 9
000581738 19
000581739 14
000581740 35
000581741 22
000581742 16
000581743 34
000581744 12
000581748 31
000581749 6
000581750 31
000581751 19
000581753 9
000581756 17
000581758 15
000581759 15
000581760 18
000581763 19
000581764 27
000581765 11
000581766 13
000581767 8
000581768 12
000581769 19
000581770 19
000581771 21
000581772 22
000581773 24
000581774 27
000581775 14
000581776 27
000581777 42
000581778 5
000581779 8
000581780 33
000581781 20
000581782 13
000581783 18
000581784 16
000581785 30
000581787 26
000581788 18
000581790 13
000581791 19
000581792 14
000581793 27
000581794 16
000581796 31
000581797 8
000581798 38
000581799 15
000581800 18
000590002 41
000590005 35
000590006 21
000590007 30
000590008 24
000590010 27
000590011 20
000590012 34
000590013 20
000590014 37
000590016 47
000590017 18
000590018 25
000590019 41
000590020 23
000590021 7
000590022 11
000590023 14
000590024 12
000590025 20
000590026 8
000590027 12
000590028 8
000590029 11
000590030 14
000590031 15
000590032 19
000590033 20
000590034 20
000590035 7
000590036 8
000590037 17
000590038 10
000590039 11
000590040 14
000590041 4
000590042 4
000590043 14
000590044 10
000590045 6
000590046 9
000590047 10
000590048 15
000590049 7
000590050 14
000590051 11
000590052 17
000590053 8
000590054 7
000590055 12
000590056 13
000590057 16
000590058 14
000590059 9
000590060 14
000590061 17
000590062 11
000590063 20
000590064 13
000590065 18
000590066 8
000590067 11
000590068 13
000590069 20
000590070 19
000590071 14
000590072 12
000590073 15
000590074 14
000590075 13
000590076 18
000590077 7
000590078 20
000590079 14
000590080 10
000590081 13
000590082 17
000590083 14
000590084 13
000590086 14
000590087 15
000590088 15
000590089 21
000590090 22
000590091 15
000590092 35
000590093 16
000590094 13
000590095 13
000590096 14
000590097 13
000590098 19
000590099 17
000590100 16
000590101 10
000590102 21
000590103 34
000590104 6
000590105 18
000590106 20
000590107 13
000590108 8
000590109 8
000590110 18
000590111 16
000590112 14
000590113 16
000590114 10
000590115 31
000590116 19
000590117 18
000590118 9
000590119 11
000590120 17
000590121 12
000590122 18
000590123 32
000590124 25
000590125 8
000590126 31
000590127 34
000590128 36
000590129 24
000590130 21
000590131 6
000590132 18
000590133 43
000590134 9
000590135 18
000590136 15
000590137 12
000590138 34
000590139 18
000590140 28
000590141 23
000590142 32
000590143 23
000590144 8
000590145 20
000590146 12
000590147 20
000590148 14
000590149 17
000590150 12
000590151 12
000590152 23
000590153 7
000590154 15
000590155 19
000590156 5
000590157 29
000590158 23
000590159 27
000590160 21
000590161 9
000590162 23
000590163 29
000590164 38
000590165 25
000590166 35
000590167 20
000590168 24
000590169 14
000590170 19
000590171 12
000590172 28
000590173 25
000590174 9
000590175 16
000590176 19
000590177 33
000590178 19
000590179 10
000590180 16
000590181 16
000590182 22
000590183 23
000590184 44
000590185 19
000590186 16
000590187 28
000590188 17
000590189 13
000590190 8
000590191 38
000590192 23
000590193 28
000590194 12
000590195 11
000590196 27
000590197 13
000590198 21
000590199 10
000590200 10
000590201 28
000590202 19
000590203 48
000590204 15
000590205 23
000590206 31
000590207 26
000590208 21
000590209 20
000590210 18
000590211 28
000590212 32
000590213 12
000590214 24
000590215 11
000590216 27
000590217 44
000590218 23
000590219 9
000590220 15
000590221 38
000590222 14
000590223 17
000590224 16
000590225 10
000590226 25
000590227 10
000590228 22
000590229 9
000590230 9
000590231 27
000590232 29
000590233 12
000590234 23
000590235 8
000590236 18
000590237 15
000590238 31
000590239 31
000590240 18
000590241 11
000590242 22
000590243 12
000590244 28
000590245 14
000590246 25
000590247 11
000590248 36
000590249 27
000590250 28
000590251 9
000590252 16
000590253 20
000590254 18
000590255 14
000590256 10
000590257 9
000590258 19
000590259 6
000590260 8
000590261 8
000590262 11
000590263 16
000590264 15
000590265 42
000590266 16
000590267 36
000590268 18
000590269 23
000590270 30
000590271 8
000590272 10
000590273 11
000590274 20
000590276 15
000590277 36
000590278 21
000590279 8
000590280 29
000590281 21
000590282 26
000590283 30
000590284 9
000590285 43
000590286 18
000590287 12
000590288 19
000590289 23
000590290 24
000590291 16
000590292 14
000590293 11
000590294 15
000590295 14
000590296 27
000590297 15
000590298 7
000590299 21
000590300 16
000590301 7
000590302 26
000590303 16
000590304 22
000590305 21
000590306 10
000590307 37
000590308 8
000590309 12
000590310 20
000590311 17
000590312 16
000590313 19
000590314 18
000590315 13
000590316 14
000590317 15
000590318 13
000590319 16
000590320 15
000590321 12
000590322 23
000590323 8
000590324 5
000590325 21
000590326 16
000590327 12
000590328 21
000590329 25
000590330 39
000590331 27
000590333 6
000590334 31
000590335 17
000590336 6
000590337 18
000590338 17
000590339 28
000590340 25
000590341 15
000590342 8
000590343 15
000590344 23
000590345 12
000590346 13
000590347 7
000590348 12
000590349 11
000590350 16
000590351 20
000590352 9
000590353 26
000590354 12
000590355 19
000590356 15
000590357 38
000590358 31
000590359 10
000590360 13
000590361 23
000590362 23
000590363 19
000590364 19
000590365 11
000590366 30
000590367 22
000590368 17
000590369 24
000590370 19
000590371 11
000590372 16
000590373 21
000590374 25
000590375 25
000590376 11
000590377 11
000590378 29
000590379 34
000590380 19
000590381 19
000590382 21
000590383 18
000590384 11
000590385 24
000590386 27
000590387 7
000590388 29
000590389 14
000590390 11
000590391 9
000590392 7
000590393 13
000590394 20
000590395 8
000590396 22
000590397 28
000590398 21
000590399 14
000590400 28
000591402 18
000591403 13
000591404 23
000591405 13
000591406 15
000591407 17
000591409 10
000591410 18
000591411 19
000591413 6
000591414 19
000591415 11
000591416 13
000591417 27
000591418 12
000591419 16
000591420 14
000591421 8
000591422 13
000591423 10
000591424 15
000591425 10
000591426 12
000591427 22
000591428 10
000591429 15
000591430 17
000591432 20
000591433 19
000591434 14
000591435 10
000591436 12
000591437 12
000591438 16
000591439 18
000591440 8
000591441 17
000591442 20
000591443 17
000591444 19
000591445 15
000591446 21
000591447 11
000591448 16
000591449 13
000591450 16
000591451 21
000591452 25
000591453 15
000591454 6
000591455 20
000591456 20
000591457 13
000591458 23
000591459 15
000591460 15
000591461 16
000591462 14
000591463 21
000591464 17
000591465 13
000591466 19
000591467 9
000591468 15
000591469 19
000591470 18
000591471 14
000591472 20
000591473 12
000591474 8
000591475 20
000591476 13
000591477 13
000591478 14
000591479 17
000591480 33
000591482 14
000591483 17
000591484 15
000591485 10
000591486 8
000591487 18
000591489 24
000591490 13
000591491 15
000591492 16
000591493 11
000591494 13
000591495 11
000591496 21
000591497 15
000591498 15
000591499 14
000591500 18
000591501 27
000591502 25
000591503 9
000591504 23
000591505 21
000591506 24
000591507 21
000591508 11
000591509 19
000591510 18
000591511 13
000591512 15
000591513 26
000591514 20
000591515 30
000591516 11
000591517 15
000591518 16
000591519 36
000591520 20
000591521 19
000591522 32
000591523 22
000591524 12
000591525 10
000591526 27
000591527 28
000591528 8
000591529 21
000591530 10
000591531 24
000591532 11
000591533 19
000591534 7
000591535 23
000591536 12
000591537 31
000591538 13
000591539 8
000591540 24
000591541 20
000591542 13
000591543 33
000591544 29
000591545 41
000591546 22
000591547 29
000591548 17
000591549 20
000591550 11
000591551 13
000591552 11
000591553 18
000591554 20
000591555 14
000591556 15
000591557 11
000591558 11
000591559 27
000591560 17
000591561 19
000591562 22
000591563 14
000591564 16
000591565 14
000591566 23
000591567 32
000591568 27
000591569 25
000591570 11
000591571 23
000591572 8
000591573 13
000591574 31
000591575 34
000591576 16
000591577 18
000591578 14
000591579 15
000591580 33
000591581 11
000591582 19
000591583 28
000591584 20
000591585 13
000591586 17
000591587 17
000591588 20
000591589 42
000591590 23
000591591 13
000591592 23
000591593 22
000591594 11
000591595 12
000591596 16
000591597 20
000591598 15
000591599 10
000591600 22
000591601 9
000591602 10
000591603 16
000591604 23
000591605 6
000591606 11
000591607 23
000591608 5
000591609 14
000591610 27
000591611 22
000591612 7
000591613 24
000591614 16
000591615 13
000591616 12
000591617 27
000591618 9
000591619 24
000591620 11
000591621 25
000591622 12
000591623 16
000591624 20
000591625 20
000591626 24
000591627 17
000591628 9
000591629 26
000591630 22
000591632 34
000591633 22
000591634 26
000591635 19
000591636 19
000591637 22
000591638 7
000591639 18
000591640 15
000591641 34
000591642 28
000591643 25
000591644 18
000591645 22
000591646 28
000591647 7
000591648 13
000591649 18
000591650 24
000591651 16
000591652 31
000591653 27
000591654 12
000591655 9
000591656 14
000591657 16
000591658 21
000591659 34
000591660 17
000591661 8
000591662 27
000591663 10
000591664 32
000591665 22
000591666 25
000591667 23
000591668 11
000591669 8
000591670 34
000591671 8
000591672 23
000591673 10
000591674 16
000591675 15
000591676 32
000591677 24
000591678 21
000591679 31
000591680 23
000591681 16
000591682 12
000591683 15
000591684 8
000591685 12
000591686 26
000591687 27
000591688 11
000591689 9
000591691 27
000591692 20
000591693 11
000591694 30
000591695 8
000591696 16
000591697 28
000591698 20
000591699 20
000591700 12
000591701 21
000591702 22
000591703 24
000591704 15
000591705 11
000591706 20
000591707 7
000591708 23
000591709 6
000591710 16
000591711 20
000591712 23
000591713 19
000591714 22
000591715 18
000591716 13
000591717 30
000591718 13
000591719 18
000591720 20
000591721 21
000591722 24
000591723 9
000591724 37
000591725 24
000591727 27
000591728 22
000591729 20
000591730 18
000591731 25
000591732 25
000591733 15
000591734 24
000591735 20
000591736 22
000591737 19
000591738 34
000591739 18
000591740 16
000591741 12
000591742 38
000591743 33
000591744 22
000591745 14
000591746 21
000591747 24
000591748 15
000591749 35
000591750 29
000591751 17
000591752 17
000591753 13
000591754 17
000591755 15
000591756 16
000591757 17
000591759 26
000591760 23
000591761 29
000591763 21
000591764 31
000591765 28
000591766 13
000591767 24
000591768 21
000591769 19
000591770 14
000591771 28
000591772 22
000591773 18
000591774 23
000591775 16
000591776 26
000591777 13
000591778 25
000591779 22
000591780 31
000591781 18
000591782 7
000591783 9
000591784 19
000591785 42
000591786 24
000591787 14
000591788 27
000591789 12
000591790 26
000591791 28
000591792 29
000591793 21
000591794 13
000591795 7
000591796 21
000591797 7
000591798 19
000591799 20
000591800 17
000600001 10
000600002 42
000600003 16
000600004 33
000600005 30
000600006 20
000600007 30
000600008 24
000600009 14
000600010 27
000600011 20
000600012 34
000600014 34
000600015 34
000600016 46
000600017 17
000600018 24
000600019 41
000600020 22
000600021 7
000600023 14
000600024 12
000600025 20
000600026 8
000600027 12
000600028 8
000600029 14
000600030 14
000600031 14
000600032 19
000600033 22
000600034 23
000600036 8
000600037 15
000600038 10
000600039 17
000600040 14
000600041 4
000600042 4
000600043 13
000600044 16
000600045 6
000600046 8
000600047 9
000600048 15
000600049 7
000600050 14
000600052 15
000600053 14
000600054 8
000600056 11
000600057 16
000600058 14
000600059 9
000600060 14
000600061 17
000600062 12
000600063 23
000600064 13
000600065 18
000600067 11
000600068 15
000600070 19
000600071 14
000600072 12
000600073 16
000600074 14
000600075 13
000600077 14
000600078 20
000600079 14
000600080 10
000600081 12
000600082 16
000600083 14
000600084 13
000600085 11
000600086 14
000600087 15
000600088 15
000600089 26
000600090 22
000600091 15
000600092 33
000600093 16
000600094 15
000600095 14
000600096 19
000600097 13
000600098 17
000600099 17
000600100 17
000600101 5
000600102 19
000600103 23
000600104 24
000600105 34
000600106 8
000600107 6
000600108 13
000600110 24
000600111 8
000600112 43
000600113 21
000600114 17
000600115 38
000600117 9
000600118 19
000600119 27
000600120 20
000600122 14
000600123 29
000600124 24
000600125 9
000600126 11
000600128 28
000600129 28
000600130 19
000600131 30
000600133 17
000600134 12
000600135 17
000600136 26
000600137 17
000600138 10
000600139 13
000600140 15
000600141 10
000600142 22
000600143 23
000600144 31
000600145 23
000600146 23
000600147 14
000600148 23
000600149 7
000600150 7
000600151 30
000600154 20
000600155 11
000600156 38
000600157 26
000600158 26
000600159 15
000600160 25
000600161 17
000600162 11
000600163 15
000600164 20
000600165 8
000600166 31
000600167 22
000600168 14
000600169 13
000600170 21
000600171 11
000600172 7
000600173 32
000600174 19
000600175 23
000600176 15
000600177 14
000600178 11
000600179 25
000600180 20
000600181 10
000600182 21
000600183 21
000600184 21
000600186 33
000600187 24
000600188 23
000600189 20
000600190 27
000600191 22
000600193 16
000600194 17
000600195 12
000600196 22
000600198 15
000600199 19
000600200 7
000600201 17
000600202 18
000600203 35
000600204 22
000600205 17
000600206 22
000600207 12
000600208 21
000600209 11
000600210 19
000600211 21
000600212 17
000600213 12
000600214 31
000600215 20
000600216 23
000600217 8
000600218 12
000600219 9
000600220 11
000600221 25
000600222 28
000600223 27
000600224 33
000600225 26
000600226 10
000600227 32
000600228 14
000600229 12
000600230 26
000600232 18
000600233 20
000600234 18
000600235 11
000600236 12
000600237 21
000600239 19
000600240 9
000600241 35
000600242 21
000600243 41
000600244 11
000600245 11
000600246 24
000600247 26
000600248 9
000600249 15
000600250 26
000600251 15
000600252 13
000600253 14
000600254 19
000600255 15
000600256 5
000600259 24
000600260 16
000600261 23
000600264 10
000600265 15
000600267 15
000600268 19
000600269 20
000600270 16
000600271 25
000600272 5
000600273 16
000600274 26
000600275 23
000600276 7
000600278 18
000600279 18
000600280 17
000600281 18
000600282 22
000600283 12
000600284 26
000600285 28
000600286 29
000600287 7
000600288 27
000600289 28
000600290 32
000600292 28
000600293 12
000600294 32
000600295 20
000600296 34
000600297 25
000600298 30
000600299 12
000600300 27
000600301 26
000600302 18
000600303 21
000600304 21
000600305 13
000600306 13
000600307 19
000600308 24
000600309 22
000600310 18
000600311 25
000600313 33
000600314 27
000600315 18
000600316 8
000600317 18
000600318 28
000600319 33
000600320 21
000600321 8
000600322 10
000600323 27
000600324 34
000600325 13
000600326 15
000600327 19
000600328 12
000600329 19
000600330 19
000600331 25
000600332 25
000600333 15
000600334 10
000600335 28
000600336 32
000600337 30
000600338 18
000600339 11
000600340 24
000600341 16
000600343 25
000600344 13
000600345 23
000600346 18
000600347 12
000600348 27
000600349 33
000600350 25
000600351 7
000600352 17
000600353 32
000600354 11
000600355 16
000600357 14
000600358 22
000600360 13
000600361 19
000600362 19
000600363 10
000600364 16
000600365 8
000600366 18
000600367 25
000600368 23
000600369 14
000600372 37
000600373 9
000600374 18
000600375 22
000600376 9
000600377 21
000600378 15
000600379 13
000600380 22
000600381 22
000600382 6
000600383 16
000600384 22
000600385 13
000600386 8
000600387 11
000600388 22
000600389 27
000600390 14
000600391 15
000600393 10
000600394 8
000600395 12
000600396 14
000600397 6
000600398 34
000600399 25
000600400 29
000601401 12
000601402 17
000601403 13
000601404 21
000601405 13
000601406 15
000601407 16
000601408 17
000601409 9
000601411 19
000601412 21
000601413 6
000601414 19
000601415 9
000601416 13
000601417 27
000601418 12
000601419 16
000601422 13
000601423 10
000601424 15
000601425 9
000601426 11
000601427 21
000601428 10
000601429 15
000601430 17
000601431 14
000601432 18
000601433 18
000601434 13
000601435 10
000601436 12
000601438 16
000601439 19
000601440 8
000601441 17
000601442 18
000601443 17
000601444 15
000601445 15
000601447 10
000601448 16
000601449 11
000601450 16
000601451 22
000601452 26
000601453 15
000601454 6
000601455 17
000601457 13
000601458 21
000601459 14
000601460 15
000601461 16
000601462 14
000601463 21
000601464 14
000601465 13
000601466 19
000601467 9
000601473 12
000601474 8
000601475 20
000601476 17
000601477 13
000601478 14
000601479 17
000601480 33
000601482 13
000601483 17
000601484 14
000601485 10
000601487 18
000601488 15
000601489 22
000601490 13
000601491 15
000601492 16
000601494 13
000601495 11
000601496 22
000601498 15
000601499 14
000601500 18
000601501 33
000601502 29
000601504 27
000601506 14
000601507 31
000601508 17
000601509 7
000601510 18
000601511 20
000601512 27
000601513 18
000601514 22
000601515 24
000601516 16
000601517 16
000601518 25
000601519 25
000601520 16
000601521 15
000601522 36
000601523 24
000601524 24
000601525 18
000601526 10
000601527 19
000601528 20
000601529 11
000601530 17
000601532 17
000601533 17
000601534 22
000601535 14
000601536 38
000601537 8
000601538 18
000601539 20
000601540 15
000601541 28
000601542 17
000601543 25
000601544 12
000601545 24
000601546 44
000601547 9
000601548 25
000601549 10
000601550 7
000601551 14
000601552 18
000601553 15
000601554 25
000601555 16
000601556 14
000601557 17
000601558 17
000601559 31
000601560 18
000601562 28
000601563 20
000601564 34
000601565 22
000601566 6
000601567 26
000601568 24
000601569 22
000601570 16
000601571 10
000601572 18
000601573 17
000601574 35
000601575 8
000601576 25
000601577 28
000601578 34
000601579 27
000601580 17
000601581 18
000601582 6
000601583 24
000601584 22
000601585 8
000601586 18
000601587 9
000601588 26
000601589 9
000601590 25
000601592 19
000601593 30
000601594 24
000601595 28
000601596 18
000601597 24
000601598 24
000601599 18
000601600 11
000601601 27
000601602 19
000601604 11
000601605 20
000601606 9
000601607 34
000601608 10
000601609 20
000601610 13
000601611 20
000601612 20
000601613 12
000601614 19
000601615 28
000601616 24
000601618 21
000601619 13
000601620 22
000601621 23
000601622 22
000601623 18
000601624 24
000601625 24
000601626 15
000601627 27
000601628 23
000601629 21
000601630 37
000601631 22
000601632 24
000601633 32
000601634 46
000601635 20
000601636 11
000601637 14
000601638 21
000601639 25
000601640 13
000601642 17
000601643 30
000601644 25
000601646 19
000601647 13
000601648 25
000601649 16
000601650 34
000601651 19
000601652 23
000601653 24
000601654 26
000601655 9
000601656 10
000601657 9
000601658 17
000601659 19
000601660 29
000601661 15
000601662 8
000601663 21
000601664 18
000601667 12
000601668 43
000601669 19
000601670 23
000601671 15
000601672 11
000601673 18
000601674 6
000601675 23
000601676 5
000601677 17
000601678 20
000601679 9
000601680 17
000601681 20
000601682 13
000601683 21
000601684 27
000601686 16
000601687 29
000601688 14
000601689 9
000601690 19
000601691 24
000601692 17
000601693 14
000601694 9
000601695 15
000601697 34
000601698 6
000601699 29
000601701 19
000601702 21
000601703 30
000601704 11
000601705 26
000601706 15
000601707 17
000601708 14
000601709 10
000601710 32
000601711 20
000601712 15
000601713 17
000601714 21
000601715 19
000601717 22
000601718 17
000601719 22
000601720 11
000601721 23
000601722 21
000601723 17
000601724 31
000601725 17
000601726 12
000601727 27
000601728 21
000601729 32
000601730 13
000601731 11
000601732 11
000601733 20
000601735 29
000601736 21
000601737 11
000601738 10
000601739 21
000601740 27
000601741 23
000601742 14
000601743 20
000601744 27
000601745 13
000601746 49
000601747 11
000601748 16
000601749 20
000601750 26
000601751 19
000601752 18
000601753 16
000601754 20
000601755 7
000601756 18
000601757 18
000601758 8
000601759 20
000601760 20
000601762 36
000601763 9
000601764 25
000601765 14
000601766 33
000601767 9
000601768 29
000601769 25
000601770 11
000601771 39
000601772 13
000601773 12
000601774 6
000601775 20
000601776 21
000601777 17
000601778 16
000601779 11
000601780 35
000601781 18
000601782 14
000601783 13
000601784 22
000601785 12
000601786 15
000601787 18
000601788 17
000601789 21
000601790 27
000601791 12
000601792 28
000601793 17
000601794 32
000601795 26
000601796 21
000601797 22
000601798 14
000601799 22
000601800 18
000610001 10
000610002 41
000610003 16
000610004 32
000610005 34
000610006 28
000610007 28
000610008 30
000610009 14
000610010 25
000610011 20
000610012 31
000610013 19
000610015 30
000610016 45
000610017 18
000610018 24
000610019 42
000610020 23
000610021 6
000610022 11
000610023 14
000610024 12
000610025 20
000610026 8
000610027 12
000610028 8
000610029 11
000610030 15
000610031 14
000610032 18
000610033 20
000610034 19
000610035 7
000610036 8
000610037 17
000610038 10
000610039 10
000610040 14
000610041 4
000610042 4
000610043 12
000610044 10
000610045 12
000610046 9
000610047 9
000610048 15
000610049 7
000610050 14
000610052 17
000610053 8
000610054 7
000610055 12
000610056 11
000610057 16
000610058 14
000610059 9
000610060 14
000610061 17
000610062 11
000610063 20
000610064 17
000610065 18
000610066 8
000610067 11
000610068 13
000610069 18
000610070 19
000610071 14
000610072 11
000610073 16
000610074 13
000610075 13
000610076 16
000610077 6
000610078 20
000610079 13
000610080 22
000610081 12
000610082 17
000610083 13
000610084 14
000610085 10
000610086 14
000610087 15
000610088 21
000610089 21
000610090 22
000610091 14
000610092 35
000610093 16
000610094 21
000610095 13
000610096 14
000610097 12
000610098 18
000610099 16
000610100 15
000610101 8
000610102 35
000610103 27
000610104 7
000610105 19
000610106 19
000610107 23
000610108 21
000610109 19
000610110 7
000610111 27
000610112 39
000610113 13
000610114 8
000610115 17
000610116 16
000610118 32
000610119 11
000610120 18
000610121 28
000610122 24
000610123 19
000610124 27
000610125 26
000610126 15
000610127 16
000610128 20
000610129 13
000610130 9
000610131 21
000610132 18
000610133 22
000610134 21
000610135 14
000610136 9
000610137 8
000610138 25
000610139 34
000610140 11
000610141 19
000610142 10
000610143 14
000610144 24
000610145 36
000610146 27
000610147 16
000610148 28
000610149 22
000610150 10
000610151 13
000610152 15
000610154 16
000610155 27
000610156 12
000610157 20
000610158 8
000610159 17
000610160 37
000610161 29
000610162 16
000610163 16
000610164 15
000610165 38
000610166 21
000610167 19
000610168 29
000610169 21
000610170 8
000610171 24
000610172 5
000610173 19
000610174 25
000610175 31
000610176 29
000610177 31
000610178 27
000610179 27
000610180 19
000610181 7
000610182 17
000610183 7
000610184 27
000610185 9
000610186 27
000610187 29
000610188 11
000610189 45
000610190 26
000610192 12
000610193 41
000610194 22
000610195 27
000610197 14
000610198 18
000610199 22
000610200 16
000610201 21
000610203 12
000610204 18
000610205 11
000610206 23
000610207 21
000610208 26
000610209 20
000610210 27
000610211 10
000610212 37
000610213 20
000610214 13
000610215 6
000610216 23
000610217 13
000610218 14
000610219 16
000610220 21
000610221 29
000610222 18
000610223 11
000610224 22
000610225 22
000610226 10
000610227 16
000610228 42
000610229 18
000610230 19
000610231 19
000610232 19
000610233 16
000610234 12
000610235 24
000610236 12
000610237 15
000610238 22
000610239 9
000610240 14
000610241 22
000610243 19
000610244 12
000610246 20
000610247 9
000610249 27
000610250 19
000610251 16
000610253 24
000610254 25
000610255 26
000610256 28
000610257 20
000610258 28
000610259 35
000610260 14
000610261 20
000610263 32
000610264 21
000610265 18
000610267 15
000610268 14
000610269 15
000610271 20
000610272 30
000610274 20
000610276 23
000610277 17
000610278 25
000610280 6
000610282 28
000610283 15
000610284 21
000610285 20
000610286 8
000610287 10
000610289 33
000610290 38
000610292 19
000610293 18
000610294 17
000610295 13
000610297 23
000610298 7
000610299 13
000610301 18
000610302 20
000610303 17
000610304 22
000610305 13
000610306 23
000610307 28
000610309 28
000610311 24
000610312 16
000610313 27
000610314 25
000610315 29
000610317 20
000610318 32
000610321 9
000610322 20
000610324 28
000610326 16
000610327 13
000610328 26
000610330 24
000610331 21
000610333 9
000610334 28
000610335 13
000610338 8
000610340 10
000610341 21
000610342 20
000610343 9
000610344 25
000610345 24
000610346 11
000610347 11
000610348 11
000610349 7
000610350 28
000610352 9
000610353 5
000610354 14
000610355 24
000610356 13
000610357 23
000610358 18
000610359 9
000610360 18
000610361 12
000610362 29
000610363 29
000610364 18
000610365 10
000610366 15
000610369 22
000610370 28
000610371 13
000610372 16
000610373 17
000610374 13
000610375 25
000610376 10
000610377 17
000610378 6
000610379 12
000610380 19
000610381 26
000610382 29
000610383 23
000610384 21
000610385 29
000610386 14
000610387 12
000610389 18
000610390 31
000610391 7
000610392 27
000610394 42
000610395 28
000610396 13
000610397 13
000610398 18
000610399 13
000610400 18
000611401 12
000611402 18
000611403 13
000611404 21
000611405 13
000611406 15
000611407 17
000611408 18
000611409 10
000611410 18
000611411 19
000611412 20
000611413 5
000611414 18
000611415 11
000611416 10
000611417 27
000611418 12
000611419 16
000611421 9
000611422 13
000611423 10
000611424 15
000611425 10
000611426 12
000611427 22
000611428 10
000611429 14
000611430 17
000611431 14
000611432 20
000611433 19
000611434 14
000611435 10
000611436 12
000611437 12
000611438 16
000611439 19
000611440 8
000611441 17
000611442 19
000611443 17
000611444 19
000611445 15
000611446 17
000611447 11
000611448 16
000611449 12
000611450 16
000611451 21
000611452 25
000611453 15
000611454 6
000611455 20
000611456 20
000611457 13
000611458 21
000611459 15
000611460 18
000611461 16
000611463 20
000611464 16
000611465 13
000611466 19
000611467 9
000611468 15
000611469 20
000611470 18
000611471 13
000611472 20
000611473 12
000611474 7
000611475 20
000611476 14
000611477 12
000611478 14
000611479 17
000611480 33
000611481 12
000611482 14
000611483 16
000611484 15
000611485 12
000611487 18
000611488 15
000611489 24
000611490 13
000611491 15
000611492 15
000611493 11
000611494 13
000611495 11
000611496 21
000611497 14
000611498 15
000611499 14
000611500 18
000611501 20
000611502 8
000611503 20
000611504 18
000611505 31
000611506 6
000611507 22
000611509 17
000611510 20
000611511 14
000611512 21
000611513 10
000611514 24
000611515 24
000611516 16
000611517 33
000611518 12
000611519 16
000611520 21
000611521 16
000611522 17
000611523 11
000611524 35
000611525 6
000611526 32
000611527 20
000611528 13
000611529 35
000611530 9
000611531 22
000611532 28
000611533 15
000611534 8
000611535 27
000611536 25
000611537 33
000611538 10
000611539 17
000611540 17
000611541 23
000611542 22
000611544 11
000611545 34
000611547 7
000611548 10
000611549 33
000611550 25
000611551 14
000611552 30
000611553 11
000611554 27
000611555 10
000611556 18
000611557 27
000611558 17
000611559 7
000611560 7
000611561 17
000611562 23
000611563 25
000611564 13
000611565 7
000611566 14
000611567 20
000611568 29
000611569 10
000611570 16
000611571 11
000611572 36
000611573 17
000611575 29
000611577 18
000611578 21
000611579 22
000611581 20
000611582 7
000611583 17
000611584 10
000611585 21
000611586 18
000611587 24
000611588 33
000611589 19
000611590 7
000611591 17
000611592 11
000611593 24
000611595 40
000611596 9
000611597 10
000611598 17
000611599 34
000611600 17
000611601 30
000611602 20
000611603 15
000611604 24
000611605 13
000611606 18
000611609 14
000611610 15
000611611 26
000611612 33
000611613 30
000611615 16
000611616 10
000611617 25
000611618 17
000611619 9
000611620 8
000611621 17
000611622 20
000611623 26
000611624 41
000611625 14
000611626 30
000611627 29
000611628 7
000611629 14
000611630 9
000611631 19
000611632 10
000611633 23
000611634 25
000611635 12
000611636 37
000611637 33
000611638 9
000611639 11
000611641 17
000611642 20
000611643 13
000611644 18
000611645 21
000611646 12
000611647 15
000611648 5
000611649 28
000611650 13
000611651 8
000611652 16
000611653 22
000611654 28
000611655 25
000611656 25
000611657 24
000611658 16
000611659 7
000611660 33
000611661 26
000611662 16
000611663 12
000611664 5
000611665 31
000611666 11
000611667 21
000611669 18
000611670 19
000611671 12
000611672 6
000611673 25
000611675 18
000611676 7
000611677 26
000611679 27
000611680 14
000611681 52
000611682 8
000611683 15
000611684 34
000611685 22
000611686 18
000611687 21
000611688 9
000611691 10
000611692 43
000611693 29
000611694 24
000611695 13
000611696 21
000611697 19
000611698 16
000611700 7
000611701 10
000611702 24
000611703 46
000611704 25
000611705 12
000611706 28
000611707 18
000611708 13
000611709 31
000611710 17
000611711 20
000611712 30
000611715 17
000611716 20
000611717 7
000611718 24
000611719 30
000611720 31
000611721 30
000611722 14
000611723 23
000611724 12
000611726 16
000611727 9
000611729 40
000611730 20
000611731 15
000611732 38
000611733 32
000611734 17
000611737 9
000611738 29
000611739 33
000611740 27
000611741 14
000611742 15
000611743 24
000611744 15
000611745 24
000611746 21
000611747 11
000611748 17
000611749 11
000611750 26
000611751 28
000611752 9
000611753 28
000611754 20
000611755 8
000611756 22
000611757 17
000611758 21
000611759 22
000611761 11
000611762 13
000611763 7
000611764 18
000611765 16
000611766 26
000611767 11
000611768 23
000611769 12
000611770 29
000611771 25
000611772 7
000611773 20
000611774 25
000611775 21
000611776 11
000611777 10
000611778 19
000611779 13
000611780 9
000611781 35
000611782 16
000611783 13
000611784 35
000611785 26
000611786 21
000611787 25
000611790 20
000611791 12
000611792 12
000611793 19
000611795 31
000611796 21
000611797 13
000611800 30
000620001 10
000620002 41
000620003 16
000620004 33
000620005 35
000620006 21
000620007 30
000620008 24
000620009 14
000620010 27
000620011 20
000620012 34
000620013 20
000620014 37
000620015 27
000620016 46
000620017 18
000620018 25
000620019 42
000620020 23
000620021 7
000620023 14
000620024 12
000620025 20
000620026 8
000620027 12
000620028 8
000620029 11
000620030 15
000620031 15
000620032 19
000620033 20
000620034 20
000620035 7
000620036 8
000620037 17
000620038 10
000620039 11
000620040 14
000620041 4
000620042 4
000620043 14
000620044 10
000620045 6
000620046 9
000620047 10
000620048 15
000620049 7
000620050 14
000620052 17
000620053 8
000620054 7
000620056 13
000620057 16
000620058 14
000620059 9
000620060 14
000620061 17
000620062 11
000620063 20
000620064 13
000620065 18
000620068 13
000620069 19
000620070 19
000620071 14
000620072 12
000620073 15
000620074 14
000620075 13
000620076 18
000620077 7
000620078 20
000620079 14
000620080 10
000620081 13
000620082 17
000620083 14
000620084 13
000620085 11
000620086 14
000620087 15
000620088 15
000620089 21
000620090 22
000620091 15
000620092 35
000620093 16
000620094 13
000620095 14
000620096 14
000620097 13
000620098 19
000620099 17
000620100 17
000620101 24
000620102 17
000620103 30
000620104 25
000620106 9
000620107 5
000620108 17
000620109 9
000620110 23
000620111 12
000620112 16
000620113 20
000620114 33
000620115 19
000620116 12
000620117 23
000620118 17
000620119 26
000620120 29
000620121 30
000620122 21
000620123 34
000620124 14
000620125 31
000620126 26
000620127 18
000620128 24
000620129 13
000620130 11
000620131 30
000620132 37
000620133 14
000620134 20
000620135 29
000620136 9
000620137 10
000620138 18
000620139 49
000620140 11
000620141 11
000620142 41
000620143 23
000620144 12
000620145 25
000620146 24
000620147 25
000620148 14
000620149 14
000620150 19
000620151 25
000620152 30
000620153 19
000620154 30
000620156 11
000620157 30
000620158 11
000620159 18
000620160 23
000620161 5
000620162 16
000620163 26
000620164 13
000620165 15
000620166 13
000620167 20
000620168 19
000620169 15
000620171 26
000620172 12
000620173 23
000620174 24
000620175 32
000620176 30
000620177 8
000620178 16
000620180 11
000620181 10
000620182 22
000620183 19
000620184 14
000620185 9
000620186 17
000620187 10
000620188 22
000620189 12
000620190 33
000620192 5
000620193 32
000620194 22
000620195 16
000620196 18
000620197 14
000620198 13
000620199 13
000620200 20
000620201 7
000620202 20
000620203 7
000620204 32
000620205 17
000620206 15
000620207 17
000620208 41
000620209 12
000620211 17
000620212 12
000620214 15
000620215 16
000620216 11
000620217 36
000620218 16
000620219 16
000620220 14
000620221 21
000620222 22
000620224 14
000620226 21
000620227 21
000620229 30
000620230 18
000620231 21
000620232 13
000620233 29
000620234 24
000620235 9
000620236 34
000620237 13
000620238 7
000620239 17
000620241 15
000620242 14
000620243 24
000620244 6
000620245 24
000620246 9
000620247 20
000620248 29
000620249 15
000620250 37
000620251 11
000620252 13
000620253 26
000620255 28
000620256 12
000620257 25
000620258 17
000620259 19
000620260 29
000620261 23
000620262 12
000620263 22
000620264 21
000620266 15
000620267 13
000620268 25
000620270 17
000620273 28
000620274 12
000620275 15
000620276 21
000620277 11
000620278 17
000620279 28
000620280 10
000620282 34
000620283 13
000620284 26
000620285 12
000620286 7
000620288 5
000620290 5
000620291 21
000620292 32
000620293 16
000620295 12
000620296 31
000620297 29
000620298 20
000620299 17
000620300 14
000620302 24
000620303 22
000620305 21
000620306 23
000620307 30
000620308 19
000620309 9
000620310 31
000620311 26
000620312 27
000620313 15
000620314 20
000620315 11
000620316 27
000620317 18
000620318 15
000620319 26
000620320 16
000620321 32
000620322 15
000620323 31
000620325 15
000620326 8
000620328 25
000620329 19
000620330 8
000620331 33
000620332 8
000620333 24
000620334 13
000620335 21
000620336 19
000620337 30
000620338 17
000620339 31
000620340 24
000620341 33
000620342 18
000620343 19
000620345 32
000620346 20
000620347 30
000620348 19
000620349 10
000620350 16
000620351 18
000620352 11
000620353 26
000620354 29
000620355 10
000620356 29
000620357 8
000620358 22
000620359 27
000620360 28
000620361 20
000620362 25
000620363 7
000620364 22
000620365 6
000620366 30
000620367 26
000620368 21
000620369 32
000620371 43
000620372 13
000620373 21
000620374 15
000620376 21
000620377 27
000620378 23
000620379 12
000620380 28
000620381 7
000620383 32
000620384 26
000620385 17
000620386 17
000620387 18
000620388 11
000620389 10
000620390 15
000620391 9
000620392 35
000620394 25
000620395 33
000620396 35
000620397 17
000620398 20
000620399 13
000620400 35
000621401 12
000621402 18
000621403 13
000621404 21
000621405 13
000621406 15
000621407 17
000621408 16
000621409 10
000621411 19
000621412 21
000621413 6
000621414 19
000621415 11
000621416 13
000621417 27
000621418 12
000621419 16
000621420 14
000621421 13
000621422 13
000621423 15
000621424 15
000621425 10
000621426 12
000621427 22
000621428 10
000621429 15
000621430 17
000621431 14
000621432 20
000621433 19
000621434 14
000621435 10
000621436 12
000621438 16
000621440 8
000621441 17
000621442 20
000621443 17
000621444 19
000621445 17
000621446 21
000621447 11
000621448 16
000621449 12
000621450 16
000621451 21
000621452 25
000621453 15
000621454 6
000621456 20
000621457 13
000621458 23
000621459 15
000621460 15
000621461 17
000621463 21
000621464 17
000621465 13
000621466 24
000621467 9
000621468 10
000621470 18
000621471 14
000621473 12
000621474 8
000621475 20
000621477 18
000621478 19
000621479 22
000621480 33
000621482 19
000621484 20
000621485 15
000621487 18
000621488 15
000621491 15
000621492 16
000621493 11
000621494 13
000621495 12
000621496 21
000621497 15
000621498 15
000621499 14
000621500 18
000621501 13
000621502 26
000621503 7
000621504 22
000621505 18
000621506 23
000621509 11
000621510 15
000621511 13
000621512 31
000621513 16
000621514 29
000621515 21
000621516 33
000621517 23
000621518 32
000621519 16
000621520 24
000621521 23
000621522 16
000621523 8
000621524 21
000621525 38
000621526 30
000621527 12
000621528 34
000621529 21
000621530 14
000621531 18
000621532 9
000621533 5
000621534 12
000621535 26
000621536 10
000621537 14
000621538 22
000621539 22
000621540 20
000621541 18
000621542 12
000621543 24
000621544 13
000621545 13
000621546 30
000621547 27
000621548 30
000621549 14
000621550 18
000621551 14
000621552 14
000621553 22
000621554 17
000621555 28
000621556 22
000621557 16
000621558 18
000621559 29
000621560 24
000621561 34
000621562 19
000621563 18
000621564 8
000621565 15
000621566 23
000621567 19
000621568 27
000621569 6
000621570 19
000621571 10
000621572 23
000621573 11
000621574 32
000621575 29
000621576 18
000621577 25
000621578 29
000621579 11
000621580 22
000621581 33
000621582 26
000621583 33
000621584 11
000621585 11
000621586 37
000621588 13
000621590 13
000621591 33
000621592 11
000621593 14
000621594 16
000621595 13
000621596 10
000621597 20
000621598 22
000621599 16
000621601 21
000621602 12
000621603 25
000621604 40
000621605 24
000621606 21
000621607 10
000621608 12
000621609 28
000621611 30
000621612 7
000621614 40
000621615 8
000621616 11
000621617 27
000621619 24
000621620 25
000621621 9
000621622 29
000621623 28
000621624 12
000621625 24
000621626 15
000621627 11
000621628 27
000621629 31
000621630 21
000621631 28
000621632 18
000621633 15
000621634 9
000621635 41
000621636 11
000621637 12
000621638 19
000621639 19
000621641 18
000621642 29
000621643 15
000621644 26
000621645 15
000621646 29
000621647 29
000621648 30
000621649 18
000621650 12
000621651 15
000621653 26
000621654 17
000621655 32
000621656 11
000621657 17
000621658 11
000621659 27
000621660 38
000621661 15
000621662 9
000621663 6
000621664 14
000621667 22
000621670 8
000621671 5
000621672 20
000621673 30
000621674 20
000621675 19
000621676 27
000621677 26
000621678 48
000621679 35
000621680 19
000621681 16
000621682 12
000621683 21
000621684 10
000621685 35
000621686 21
000621688 15
000621689 27
000621690 21
000621691 30
000621692 8
000621694 19
000621695 8
000621696 23
000621697 37
000621698 14
000621699 12
000621700 25
000621701 15
000621702 21
000621703 33
000621704 26
000621705 25
000621706 25
000621707 17
000621708 23
000621709 10
000621710 27
000621711 8
000621712 25
000621713 29
000621714 14
000621715 22
000621716 13
000621717 20
000621718 16
000621719 13
000621720 25
000621721 6
000621722 10
000621723 16
000621724 20
000621725 15
000621727 9
000621728 22
000621729 15
000621730 6
000621731 29
000621732 15
000621733 14
000621734 11
000621735 11
000621736 35
000621737 26
000621738 5
000621739 32
000621740 30
000621741 28
000621742 9
000621743 26
000621744 26
000621745 16
000621746 32
000621747 15
000621748 38
000621749 36
000621750 24
000621752 9
000621753 9
000621754 15
000621755 19
000621756 19
000621759 20
000621760 33
000621761 7
000621762 12
000621763 22
000621765 34
000621766 22
000621767 27
000621768 13
000621769 11
000621770 21
000621771 17
000621772 9
000621773 16
000621774 13
000621775 19
000621777 13
000621778 19
000621779 25
000621780 29
000621781 13
000621782 19
000621783 15
000621788 26
000621789 17
000621790 31
000621791 29
000621792 25
000621793 22
000621795 23
000621796 7
000621797 29
000621798 18
000621799 6
000621800 19
000630001 10
000630002 41
000630003 16
000630004 33
000630005 35
000630006 21
000630007 29
000630008 26
000630009 14
000630010 27
000630011 20
000630012 34
000630013 20
000630014 37
000630015 27
000630016 46
000630017 18
000630018 25
000630019 44
000630020 23
000630021 7
000630025 20
000630026 8
000630027 12
000630028 8
000630029 11
000630030 14
000630031 15
000630032 19
000630033 20
000630034 20
000630036 8
000630037 17
000630038 10
000630039 11
000630040 14
000630041 4
000630042 4
000630043 15
000630044 10
000630045 6
000630046 9
000630047 10
000630048 15
000630049 7
000630050 14
000630052 17
000630053 8
000630054 7
000630055 12
000630056 13
000630057 16
000630059 9
000630060 14
000630061 17
000630062 11
000630063 20
000630064 13
000630065 18
000630066 8
000630068 13
000630070 19
000630071 14
000630072 12
000630073 15
000630074 14
000630075 13
000630077 7
000630078 20
000630079 14
000630080 12
000630081 13
000630082 17
000630083 14
000630084 13
000630085 11
000630086 14
000630087 15
000630088 15
000630089 21
000630090 22
000630091 15
000630092 35
000630093 16
000630094 13
000630095 14
000630096 14
000630097 13
000630098 19
000630099 17
000630100 17
000630101 37
000630102 23
000630103 23
000630104 7
000630106 31
000630107 11
000630108 26
000630109 14
000630110 23
000630111 7
000630112 22
000630113 21
000630114 29
000630115 20
000630116 26
000630117 14
000630118 34
000630119 23
000630120 11
000630122 35
000630123 25
000630124 12
000630126 22
000630129 14
000630130 9
000630131 27
000630132 21
000630133 10
000630134 17
000630136 27
000630137 13
000630138 27
000630139 10
000630140 9
000630141 16
000630142 11
000630143 26
000630144 18
000630145 24
000630146 15
000630147 25
000630148 31
000630149 24
000630150 20
000630151 24
000630152 12
000630153 31
000630154 14
000630155 14
000630156 13
000630158 16
000630159 29
000630160 35
000630161 18
000630163 9
000630165 16
000630166 12
000630167 9
000630168 29
000630169 11
000630171 16
000630172 23
000630173 15
000630174 7
000630175 16
000630176 9
000630177 43
000630178 11
000630179 26
000630181 28
000630182 17
000630184 24
000630185 13
000630186 12
000630187 17
000630188 32
000630189 23
000630190 27
000630191 15
000630193 17
000630194 20
000630195 18
000630196 23
000630197 11
000630198 16
000630199 30
000630200 31
000630201 34
000630202 29
000630203 14
000630204 25
000630205 9
000630206 15
000630207 26
000630209 15
000630210 7
000630211 10
000630212 25
000630213 36
000630216 31
000630217 15
000630219 15
000630222 19
000630223 22
000630225 24
000630226 14
000630227 17
000630228 17
000630229 28
000630230 16
000630232 28
000630233 25
000630234 27
000630235 18
000630238 20
000630239 11
000630240 28
000630241 26
000630242 21
000630243 23
000630244 19
000630245 13
000630246 30
000630248 7
000630249 21
000630251 19
000630252 18
000630254 17
000630255 34
000630257 19
000630258 14
000630259 21
000630261 26
000630262 17
000630263 14
000630264 21
000630266 21
000630267 20
000630269 17
000630270 27
000630271 13
000630273 13
000630274 28
000630275 23
000630277 15
000630279 12
000630280 18
000630282 25
000630283 10
000630285 20
000630287 8
000630288 24
000630289 32
000630290 21
000630291 6
000630292 18
000630293 34
000630296 19
000630297 20
000630298 12
000630299 34
000630300 18
000630301 15
000630302 14
000630303 8
000630304 23
000630305 6
000630306 30
000630307 10
000630310 9
000630311 21
000630313 18
000630314 13
000630315 20
000630317 13
000630318 9
000630319 25
000630320 36
000630322 32
000630323 14
000630324 18
000630325 25
000630327 12
000630328 17
000630329 13
000630330 12
000630332 8
000630334 19
000630335 9
000630336 35
000630337 16
000630338 15
000630339 19
000630341 25
000630342 15
000630343 18
000630344 23
000630345 36
000630346 27
000630347 33
000630348 11
000630349 35
000630350 23
000630351 34
000630352 24
000630353 15
000630354 17
000630357 16
000630358 43
000630359 12
000630360 13
000630361 19
000630364 20
000630365 37
000630366 32
000630367 27
000630368 33
000630369 19
000630371 17
000630372 32
000630373 13
000630374 24
000630376 12
000630377 21
000630378 10
000630379 13
000630380 9
000630381 18
000630382 10
000630384 11
000630385 11
000630386 38
000630387 36
000630388 16
000630390 21
000630391 31
000630392 28
000630393 11
000630394 14
000630395 33
000630397 27
000630399 17
000631401 12
000631402 18
000631403 13
000631404 21
000631405 13
000631406 15
000631407 17
000631408 16
000631409 10
000631411 19
000631412 21
000631413 6
000631414 19
000631415 11
000631416 15
000631418 18
000631419 16
000631420 14
000631421 8
000631422 25
000631423 10
000631424 15
000631425 10
000631427 22
000631428 10
000631429 15
000631430 17
000631431 11
000631432 20
000631433 19
000631434 15
000631435 16
000631436 12
000631438 16
000631439 25
000631440 8
000631441 17
000631442 20
000631443 17
000631444 21
000631445 15
000631447 11
000631448 16
000631449 12
000631450 16
000631451 21
000631452 24
000631453 15
000631454 6
000631455 20
000631456 20
000631457 13
000631458 23
000631460 15
000631461 22
000631463 20
000631464 21
000631465 19
000631466 19
000631467 9
000631470 18
000631471 14
000631472 19
000631473 14
000631474 8
000631476 13
000631477 13
000631478 14
000631480 33
000631481 12
000631482 14
000631483 17
000631485 10
000631487 18
000631488 16
000631489 25
000631490 13
000631491 15
000631492 16
000631494 13
000631495 12
000631496 21
000631497 15
000631498 15
000631499 15
000631500 18
000631501 15
000631502 25
000631505 21
000631506 26
000631508 26
000631510 10
000631511 18
000631512 26
000631513 24
000631514 28
000631515 34
000631516 25
000631518 21
000631520 21
000631521 11
000631522 17
000631523 16
000631524 7
000631525 37
000631526 33
000631527 24
000631529 22
000631530 26
000631531 17
000631532 14
000631533 15
000631534 38
000631537 21
000631538 24
000631541 11
000631542 23
000631543 9
000631544 33
000631545 12
000631546 10
000631547 37
000631548 11
000631549 27
000631550 27
000631551 9
000631552 7
000631553 9
000631555 12
000631556 30
000631557 21
000631558 12
000631559 19
000631560 20
000631561 31
000631562 18
000631563 16
000631564 10
000631565 8
000631566 15
000631568 22
000631569 25
000631571 22
000631572 25
000631574 19
000631575 12
000631576 25
000631577 5
000631579 23
000631580 32
000631581 35
000631582 9
000631583 13
000631584 20
000631586 16
000631587 10
000631588 32
000631589 20
000631590 21
000631591 29
000631592 23
000631593 18
000631595 24
000631596 26
000631597 22
000631598 14
000631599 12
000631600 6
000631601 33
000631602 14
000631603 23
000631604 35
000631605 8
000631607 8
000631608 21
000631610 32
000631611 13
000631612 30
000631613 12
000631614 20
000631615 19
000631617 8
000631618 8
000631619 14
000631620 32
000631621 13
000631622 36
000631623 31
000631624 25
000631625 25
000631626 8
000631627 23
000631628 38
000631629 30
000631630 17
000631632 32
000631633 7
000631634 35
000631635 13
000631636 14
000631637 16
000631638 8
000631640 8
000631641 8
000631642 12
000631643 24
000631644 21
000631645 15
000631646 26
000631647 30
000631648 18
000631649 21
000631650 19
000631651 9
000631652 12
000631653 25
000631654 36
000631655 12
000631656 34
000631658 11
000631659 20
000631660 21
000631661 26
000631662 11
000631663 23
000631664 12
000631665 16
000631666 21
000631667 28
000631668 25
000631670 11
000631671 22
000631672 16
000631673 33
000631674 30
000631675 8
000631676 12
000631677 28
000631679 19
000631680 16
000631681 38
000631682 27
000631684 15
000631686 21
000631687 13
000631688 20
000631689 14
000631691 46
000631692 25
000631693 7
000631694 7
000631695 22
000631696 18
000631697 30
000631698 22
000631699 22
000631700 15
000631701 23
000631702 26
000631703 23
000631704 9
000631705 9
000631707 10
000631708 19
000631710 12
000631712 11
000631714 26
000631715 30
000631716 17
000631718 24
000631719 34
000631720 27
000631721 11
000631722 6
000631723 26
000631724 35
000631725 30
000631726 14
000631727 15
000631728 10
000631729 24
000631730 7
000631731 20
000631734 26
000631736 18
000631738 23
000631739 22
000631740 19
000631741 16
000631742 25
000631744 14
000631745 26
000631747 17
000631748 24
000631749 19
000631750 20
000631751 24
000631752 10
000631753 24
000631754 10
000631755 20
000631756 19
000631758 6
000631760 22
000631761 8
000631762 17
000631765 14
000631766 23
000631767 26
000631769 33
000631770 18
000631771 13
000631772 16
000631773 15
000631774 10
000631776 6
000631777 25
000631779 24
000631780 18
000631781 17
000631782 8
000631783 38
000631785 32
000631786 24
000631787 23
000631788 6
000631789 13
000631790 22
000631791 12
000631792 22
000631793 32
000631794 8
000631796 13
000631797 26
000631798 26
000631799 23
000631800 20
000640001 10
000640002 43
000640003 16
000640004 33
000640005 35
000640006 21
000640007 30
000640008 24
000640009 20
000640010 27
000640011 20
000640012 34
000640013 20
000640014 37
000640015 27
000640016 46
000640017 17
000640019 42
000640020 23
000640021 7
000640024 12
000640025 20
000640026 8
000640027 12
000640028 8
000640029 11
000640030 14
000640031 21
000640032 19
000640033 20
000640034 20
000640035 7
000640036 8
000640037 17
000640038 10
000640039 11
000640040 14
000640041 4
000640042 4
000640043 14
000640044 10
000640045 6
000640046 9
000640047 10
000640048 15
000640049 7
000640050 14
000640052 17
000640053 8
000640054 7
000640057 16
000640058 14
000640059 9
000640060 14
000640061 17
000640062 11
000640063 20
000640064 13
000640065 18
000640067 11
000640068 13
000640070 19
000640071 14
000640072 12
000640073 15
000640074 14
000640075 13
000640077 7
000640078 20
000640079 14
000640080 10
000640081 13
000640082 17
000640083 14
000640084 13
000640085 11
000640086 14
000640087 15
000640088 15
000640089 21
000640090 22
000640091 15
000640092 35
000640093 16
000640094 13
000640095 14
000640096 14
000640097 13
000640098 19
000640100 17
000640101 27
000640102 42
000640103 31
000640104 9
000640105 15
000640106 14
000640107 11
000640108 21
000640109 8
000640111 21
000640112 24
000640113 5
000640114 28
000640116 17
000640117 19
000640120 20
000640121 10
000640122 31
000640123 16
000640124 30
000640125 10
000640126 26
000640127 22
000640129 17
000640130 19
000640131 24
000640132 6
000640133 32
000640134 11
000640138 14
000640139 8
000640141 14
000640143 23
000640144 17
000640145 24
000640146 23
000640147 24
000640148 21
000640151 11
000640153 22
000640154 14
000640155 25
000640157 21
000640158 21
000640159 18
000640160 21
000640161 24
000640164 31
000640165 15
000640166 18
000640168 13
000640169 9
000640170 23
000640171 7
000640172 21
000640173 39
000640174 18
000640176 9
000640178 11
000640180 30
000640181 16
000640182 30
000640183 14
000640184 5
000640185 10
000640187 17
000640188 18
000640189 24
000640190 35
000640192 10
000640193 19
000640194 25
000640195 29
000640196 16
000640197 5
000640199 24
000640200 40
000640201 32
000640202 31
000640203 17
000640204 22
000640206 8
000640207 11
000640208 27
000640209 13
000640210 17
000640211 41
000640213 9
000640214 17
000640215 14
000640216 12
000640217 13
000640218 11
000640219 24
000640220 17
000640221 16
000640222 13
000640223 27
000640224 22
000640225 11
000640226 13
000640227 14
000640228 23
000640229 35
000640230 9
000640231 24
000640232 11
000640233 27
000640235 31
000640236 27
000640238 17
000640239 23
000640240 7
000640241 22
000640243 18
000640244 7
000640245 22
000640246 11
000640247 26
000640248 19
000640250 43
000640251 20
000640252 11
000640253 16
000640255 27
000640256 14
000640258 26
000640259 32
000640260 15
000640261 30
000640262 20
000640263 17
000640264 14
000640265 16
000640266 19
000640267 29
000640268 22
000640269 18
000640270 15
000640271 20
000640272 20
000640273 12
000640274 13
000640275 37
000640276 33
000640277 10
000640278 13
000640281 26
000640282 21
000640285 15
000640286 31
000640287 24
000640288 21
000640289 39
000640290 10
000640291 11
000640292 14
000640293 16
000640294 12
000640295 28
000640296 24
000640298 17
000640299 8
000640300 25
000640301 23
000640302 18
000640303 15
000640304 19
000640305 26
000640307 30
000640308 11
000640309 23
000640310 16
000640311 18
000640312 25
000640313 15
000640314 25
000640315 9
000640316 33
000640317 14
000640318 25
000640321 25
000640324 21
000640325 23
000640326 8
000640327 24
000640328 29
000640331 36
000640332 11
000640333 19
000640335 16
000640336 16
000640339 15
000640340 22
000640341 24
000640342 23
000640343 13
000640344 28
000640345 14
000640347 9
000640348 8
000640349 47
000640350 24
000640354 17
000640355 15
000640356 13
000640357 25
000640358 22
000640359 10
000640360 21
000640361 15
000640362 24
000640363 16
000640364 9
000640366 9
000640367 21
000640368 26
000640371 13
000640372 17
000640373 19
000640374 16
000640375 36
000640376 18
000640377 28
000640378 19
000640380 25
000640382 25
000640383 23
000640384 11
000640385 25
000640386 7
000640387 14
000640388 24
000640389 11
000640390 27
000640391 23
000640392 21
000640393 6
000640394 40
000640395 14
000640396 16
000640397 18
000640398 14
000640399 14
000640400 7
000641401 12
000641402 18
000641403 13
000641404 21
000641405 13
000641406 15
000641407 17
000641408 17
000641409 10
000641411 19
000641412 21
000641413 6
000641414 19
000641415 11
000641416 13
000641418 12
000641419 16
000641422 13
000641423 10
000641424 15
000641425 10
000641428 10
000641429 15
000641430 17
000641431 14
000641432 20
000641433 19
000641434 14
000641435 10
000641436 12
000641438 16
000641440 8
000641441 17
000641442 20
000641443 17
000641444 19
000641445 15
000641447 10
000641448 16
000641449 12
000641450 16
000641451 21
000641452 25
000641453 15
000641454 6
000641455 20
000641456 20
000641457 13
000641458 23
000641460 15
000641462 14
000641463 21
000641464 16
000641465 13
000641466 19
000641467 9
000641470 18
000641471 14
000641473 12
000641474 8
000641475 20
000641476 13
000641477 13
000641478 14
000641479 17
000641480 33
000641482 14
000641483 17
000641485 10
000641487 18
000641488 15
000641489 25
000641491 15
000641494 13
000641495 12
000641496 21
000641497 15
000641498 15
000641499 14
000641500 18
000641501 21
000641502 11
000641504 19
000641505 15
000641506 21
000641507 26
000641508 15
000641509 39
000641510 14
000641511 35
000641512 16
000641513 16
000641515 16
000641517 9
000641518 12
000641519 21
000641520 14
000641522 23
000641523 19
000641524 13
000641526 24
000641527 33
000641528 21
000641529 18
000641530 18
000641531 26
000641532 13
000641533 14
000641534 20
000641535 7
000641538 15
000641539 17
000641540 25
000641542 14
000641543 19
000641544 38
000641545 10
000641548 18
000641549 5
000641550 18
000641551 18
000641552 10
000641553 27
000641554 17
000641555 17
000641556 17
000641557 6
000641558 11
000641559 11
000641560 10
000641561 28
000641563 14
000641564 31
000641565 14
000641566 5
000641567 31
000641569 23
000641570 31
000641571 14
000641572 10
000641573 22
000641574 28
000641575 19
000641576 17
000641577 16
000641578 18
000641579 18
000641580 15
000641581 8
000641582 13
000641583 25
000641584 11
000641586 33
000641587 24
000641588 34
000641589 11
000641592 8
000641593 9
000641594 19
000641595 14
000641596 19
000641597 43
000641598 11
000641600 17
000641601 29
000641603 11
000641604 19
000641605 26
000641606 20
000641607 29
000641608 20
000641609 21
000641610 8
000641613 12
000641615 21
000641616 29
000641617 30
000641618 36
000641619 23
000641620 11
000641621 21
000641622 10
000641623 10
000641624 24
000641625 16
000641626 24
000641628 14
000641630 9
000641631 19
000641632 43
000641633 18
000641634 31
000641635 7
000641636 32
000641638 7
000641639 24
000641640 25
000641641 16
000641642 31
000641643 6
000641644 43
000641645 29
000641646 29
000641647 18
000641648 13
000641650 23
000641651 16
000641652 14
000641653 10
000641654 9
000641655 6
000641656 21
000641657 24
000641659 9
000641660 21
000641661 17
000641663 13
000641664 26
000641665 21
000641666 21
000641667 21
000641668 10
000641669 17
000641670 17
000641672 20
000641673 13
000641674 6
000641675 12
000641676 27
000641677 32
000641678 28
000641679 13
000641680 7
000641681 9
000641682 20
000641683 17
000641684 27
000641686 37
000641687 10
000641688 10
000641689 28
000641690 8
000641691 13
000641692 6
000641693 35
000641694 14
000641695 17
000641696 17
000641698 12
000641700 25
000641701 12
000641702 16
000641703 36
000641704 20
000641705 33
000641706 16
000641707 30
000641708 22
000641709 5
000641710 22
000641711 20
000641712 7
000641713 6
000641714 33
000641715 22
000641716 14
000641717 26
000641718 21
000641719 21
000641720 25
000641721 15
000641722 8
000641723 18
000641724 16
000641725 20
000641726 15
000641727 22
000641728 28
000641729 9
000641730 31
000641731 17
000641732 12
000641734 12
000641735 9
000641736 28
000641737 24
000641738 10
000641739 20
000641740 17
000641741 15
000641742 10
000641743 16
000641744 16
000641745 15
000641746 21
000641747 27
000641748 31
000641749 30
000641750 17
000641751 13
000641752 12
000641753 16
000641754 23
000641757 16
000641758 12
000641759 16
000641760 26
000641761 35
000641762 35
000641763 7
000641764 16
000641765 37
000641766 20
000641768 13
000641769 27
000641770 22
000641771 11
000641772 34
000641773 34
000641774 5
000641775 7
000641776 20
000641777 17
000641778 16
000641779 25
000641780 29
000641781 12
000641782 32
000641783 13
000641784 14
000641785 9
000641787 27
000641788 5
000641789 21
000641790 28
000641791 29
000641792 10
000641793 10
000641794 19
000641795 10
000641796 24
000641797 22
000641798 29
000641799 24
000641800 25
000650007 36
000650008 24
000650009 14
000650012 34
000650013 20
000650016 52
000650018 25
000650021 7
000650023 14
000650024 12
000650030 14
000650031 15
000650034 20
000650038 10
000650039 11
000650040 14
000650041 4
000650044 10
000650047 10
000650048 15
000650050 14
000650051 11
000650053 8
000650054 7
000650055 12
000650056 14
000650057 16
000650058 14
000650059 9
000650060 14
000650061 17
000650062 11
000650063 20
000650064 13
000650065 18
000650066 8
000650068 13
000650069 20
000650070 19
000650071 14
000650072 12
000650073 15
000650074 14
000650075 13
000650076 18
000650077 7
000650078 20
000650079 14
000650080 10
000650081 13
000650082 17
000650083 14
000650084 13
000650085 11
000650086 14
000650087 15
000650088 15
000650089 21
000650090 22
000650091 15
000650092 35
000650093 16
000650094 13
000650095 14
000650096 14
000650097 13
000650098 19
000650099 17
000650100 17
000650102 23
000650103 17
000650105 22
000650106 19
000650107 16
000650108 17
000650110 27
000650112 10
000650113 16
000650114 25
000650115 23
000650116 19
000650117 23
000650118 18
000650119 30
000650120 16
000650121 20
000650122 29
000650123 17
000650124 18
000650126 14
000650127 9
000650128 22
000650129 15
000650130 15
000650131 24
000650133 19
000650134 44
000650135 11
000650136 8
000650137 23
000650138 18
000650139 23
000650140 32
000650142 16
000650143 11
000650145 13
000650146 13
000650147 34
000650148 10
000650149 19
000650150 22
000650152 12
000650153 13
000650154 22
000650155 9
000650157 18
000650158 15
000650159 13
000650160 19
000650161 9
000650162 32
000650163 22
000650165 34
000650167 31
000650168 27
000650169 22
000650170 14
000650171 35
000650172 27
000650173 22
000650174 30
000650175 8
000650176 43
000650177 36
000650178 35
000650181 12
000650182 7
000650183 27
000650184 10
000650185 23
000650186 19
000650187 22
000650188 16
000650189 25
000650190 9
000650191 17
000650192 5
000650193 13
000650194 13
000650195 7
000650196 15
000650198 19
000650200 15
000650201 18
000650202 26
000650203 14
000650204 40
000650205 17
000650206 9
000650207 19
000650208 15
000650209 8
000650210 17
000650212 38
000650213 21
000650214 11
000650215 12
000650216 17
000650217 16
000650218 13
000650219 27
000650220 28
000650221 37
000650222 8
000650223 16
000650224 11
000650225 6
000650226 13
000650228 14
000650229 17
000650230 17
000650231 6
000650232 12
000650234 6
000650235 19
000650236 27
000650237 17
000650238 8
000650239 26
000650240 8
000650241 29
000650242 23
000650243 26
000650245 31
000650246 24
000650247 26
000650248 17
000650249 23
000650250 13
000650251 14
000650252 19
000650253 7
000650254 10
000650255 22
000650256 15
000650257 8
000650258 15
000650259 22
000650260 21
000650261 24
000650262 34
000650263 21
000650264 18
000650265 26
000650266 14
000650267 19
000650268 34
000650269 16
000650270 15
000650275 10
000650276 25
000650277 14
000650278 20
000650279 23
000650280 14
000650283 7
000650284 18
000650286 9
000650287 6
000650289 24
000650290 20
000650291 16
000650292 23
000650293 21
000650294 11
000650295 5
000650297 24
000650299 13
000650300 19
000650301 13
000650302 12
000650303 11
000650304 15
000650305 22
000650306 33
000650307 9
000650309 11
000650310 13
000650312 32
000650313 14
000650314 15
000650315 14
000650316 11
000650317 31
000650318 17
000650320 24
000650321 40
000650323 29
000650324 11
000650325 14
000650326 14
000650327 19
000650328 16
000650329 7
000650332 17
000650333 26
000650334 25
000650335 28
000650337 11
000650343 20
000650344 12
000650346 20
000650347 28
000650348 26
000650349 20
000650352 20
000650353 20
000650354 15
000650355 39
000650356 11
000650357 24
000650359 40
000650360 24
000650361 29
000650362 23
000650363 40
000650364 24
000650366 7
000650367 10
000650368 16
000650370 24
000650371 21
