001101743 52496
001101744 102080
001101745 122400
001101746 90240
001101747 104864
001101748 81760
001101749 57328
001101750 89600
001101751 159200
001101752 94240
001101753 65760
001101754 92320
001101755 55200
001101756 79008
001101758 143840
001101759 141440
001101760 97760
001101761 54880
001101762 75360
001101763 75200
001101764 76000
001101765 118080
001101766 54576
001101767 105440
001101768 102560
001101769 144000
001101770 88320
001101771 101760
001101772 119840
001101773 94128
001101774 68480
001101775 129120
001101776 125920
001101777 72320
001101778 168160
001101779 146720
001101780 95200
001101781 50512
001101782 84320
001101783 63168
001101784 59040
001101785 49376
001101786 105120
001101787 101440
001101788 111200
001101789 76640
001101790 73184
001101791 48320
001101793 94624
001101794 139200
001101795 80000
001101796 134400
001101797 47040
001101798 101920
001101799 117600
001101800 61376
001110002 123680
001110003 76320
001110004 90464
001110005 111360
001110006 76960
001110007 84800
001110008 79680
001110009 61280
001110010 78880
001110011 57632
001110012 107200
001110013 74720
001110014 108800
001110015 86560
001110016 120960
001110017 71680
001110018 80576
001110019 111200
001110020 70080
001110021 43120
001110022 52336
001110024 52480
001110025 68800
001110026 50240
001110027 47248
001110028 45050
001110029 50128
001110030 56832
001110031 55221
001110032 56938
001110033 67925
001110034 75988
001110035 40528
001110036 55040
001110037 68640
001110038 49120
001110039 51360
001110040 58656
001110041 32448
001110042 35072
001110044 41920
001110045 37856
001110046 38464
001110048 66880
001110049 46080
001110050 49600
001110052 60320
001110053 37280
001110055 50224
001110056 57904
001110057 61568
001110058 53648
001110059 52464
001110061 51264
001110062 49200
001110063 70720
001110064 58901
001110065 51600
001110067 54160
001110068 68352
001110069 55760
001110070 51088
001110071 47376
001110072 58080
001110073 56640
001110074 58672
001110075 50960
001110076 78208
001110077 52640
001110078 68661
001110079 54880
001110080 41248
001110081 50240
001110082 71360
001110083 53120
001110084 57280
001110085 62560
001110086 58560
001110087 58880
001110088 62720
001110089 85760
001110090 66720
001110091 69760
001110092 93408
001110093 65952
001110094 54720
001110095 69200
001110096 55680
001110097 56704
001110098 73600
001110099 58832
001110100 65056
001110101 72144
001110102 99680
001110103 101440
001110104 71360
001110105 80000
001110106 78400
001110107 90400
001110108 73600
001110109 89280
001110110 79104
001110111 88160
001110112 54880
001110113 91348
001110114 45280
001110115 73920
001110116 74080
001110117 109472
001110118 50480
001110119 50768
001110120 80000
001110121 48768
001110122 74880
001110123 76640
001110124 77920
001110125 78768
001110126 66768
001110127 47760
001110128 74720
001110129 87456
001110130 79680
001110131 55744
001110132 89152
001110133 79952
001110134 49216
001110135 96480
001110136 70400
001110137 72000
001110138 41584
001110139 80528
001110141 128656
001110142 46656
001110143 99040
001110145 43904
001110146 85120
001110147 70336
001110148 63444
001110149 103040
001110150 70336
001110151 100464
001110153 94154
001110154 61760
001110155 85440
001110156 38848
001110158 69024
001110159 69728
001110160 81600
001110162 69120
001110163 80960
001110164 61696
001110165 59824
001110167 70880
001110168 95280
001110169 79808
001110170 92320
001110171 50752
001110172 61280
001110173 55680
001110174 48320
001110175 75600
001110176 39008
001110177 41184
001110178 59680
001110179 83360
001110180 54832
001110181 78944
001110182 50080
001110183 56496
001110184 57472
001110185 107264
001110186 47792
001110187 98592
001110188 77440
001110189 59840
001110190 45440
001110191 87520
001110192 105962
001110193 78240
001110194 101664
001110195 94080
001110196 84000
001110197 82656
001110198 81440
001110199 66288
001110200 65600
001110201 75008
001110202 112032
001110203 68480
001110205 45392
001110206 80800
001110207 50928
001110208 64800
001110209 54976
001110210 58240
001110211 57600
001110212 76640
001110213 96528
001110215 94880
001110216 101920
001110217 67712
001110218 107040
001110219 101749
001110220 85600
001110221 38144
001110222 59360
001110223 92192
001110224 67088
001110226 86400
001110228 46032
001110229 118512
001110230 50672
001110231 55024
001110233 110880
001110234 42880
001110235 58720
001110236 120800
001110237 56128
001110238 75840
001110239 58080
001110240 62720
001110241 62448
001110242 109920
001110243 62496
001110244 106400
001110245 116384
001110246 54224
001110247 59760
001110248 64480
001110249 58560
001110250 80176
001110251 52480
001110252 100032
001110253 74208
001110254 100160
001110255 74400
001110257 58080
001110258 66704
001110259 43840
001110260 80032
001110263 141280
001110264 79680
001110265 84464
001110266 135232
001110267 79040
001110269 87200
001110270 107520
001110271 56448
001110272 64800
001110273 83520
001110274 48576
001110275 88960
001110276 50112
001110277 59520
001110278 68384
001110279 64319
001110280 86880
001110281 56656
001110282 70240
001110283 43632
001110284 92000
001110285 85156
001110286 85920
001110287 46080
001110288 80160
001110289 61904
001110290 51626
001110291 75200
001110292 39808
001110293 56180
001110294 49856
001110295 60320
001110296 103680
001110297 53280
001110298 45792
001110299 89424
001110300 38240
001110301 48480
001110302 52192
001110304 53600
001110305 60480
001110306 46352
001110307 54347
001110308 112928
001110309 86288
001110310 68592
001110311 76304
001110312 56480
001110313 102096
001110314 59360
001110315 76048
001110316 103680
001110317 73760
001110318 56160
001110319 66848
001110320 40800
001110321 40480
001110322 57120
001110324 44064
001110325 60112
001110327 66512
001110328 50400
001110329 63248
001110330 56976
001110331 66400
001110332 105920
001110333 40528
001110334 65600
001110335 89749
001110336 47840
001110337 54240
001110338 70560
001110339 88864
001110340 122560
001110341 74400
001110342 99040
001110343 88320
001110344 81600
001110345 83360
001110346 53504
001110347 96640
001110348 93280
001110349 45456
001110350 60160
001110351 144640
001110353 78896
001110354 111040
001110355 92160
001110356 89280
001110357 69120
001110358 99680
001110359 76400
001110360 102400
001110361 64319
001110362 51744
001110364 77941
001110365 79040
001110367 83680
001110368 56000
001110369 77760
001110370 35696
001110372 51040
001110374 59184
001110375 78464
001110376 49520
001110377 86560
001110378 73941
001110379 37600
001110380 113600
001110382 75680
001110383 53920
001110384 49104
001110385 62224
001110386 83008
001110387 59408
001110388 50256
001110389 44064
001110390 81440
001110391 98250
001110392 103888
001110393 70080
001110394 74720
001110395 101120
001110396 43104
001110398 85760
001111401 53280
001111402 64512
001111403 60320
001111404 74560
001111406 49803
001111407 53920
001111408 62880
001111410 49808
001111411 66080
001111412 65280
001111413 36272
001111414 68496
001111415 49440
001111416 54720
001111417 73008
001111418 52848
001111419 50928
001111420 41472
001111422 46880
001111423 44000
001111424 51680
001111425 50080
001111427 60992
001111428 46720
001111429 43312
001111430 56000
001111431 38160
001111432 61024
001111433 71824
001111434 51200
001111435 51680
001111436 51504
001111438 52512
001111439 66208
001111440 37264
001111441 59840
001111443 58224
001111444 68480
001111445 46096
001111446 61824
001111447 51856
001111448 50720
001111449 52160
001111450 58240
001111451 72992
001111452 65600
001111453 63520
001111454 39216
001111456 63680
001111457 58720
001111458 69440
001111459 45392
001111460 50880
001111461 53024
001111463 56000
001111464 64959
001111465 49488
001111466 59296
001111467 47200
001111468 55808
001111470 56640
001111471 48160
001111473 43136
001111474 47520
001111475 62240
001111476 53568
001111477 57120
001111478 45920
001111479 56480
001111480 72320
001111481 52720
001111482 52256
001111483 50352
001111485 50080
001111487 60800
001111488 48128
001111489 66560
001111490 45440
001111491 47280
001111492 52816
001111493 42272
001111494 46720
001111495 47520
001111496 59520
001111497 43851
001111498 55840
001111499 56160
001111500 55616
001111501 68928
001111502 60608
001111503 49920
001111504 60640
001111505 115040
001111506 67872
001111507 48160
001111510 83520
001111511 60720
001111512 37936
001111513 82608
001111514 68000
001111515 47840
001111516 70016
001111518 111840
001111519 75696
001111520 96800
001111521 69600
001111522 85440
001111523 41088
001111524 68832
001111525 50080
001111526 81328
001111527 98080
001111528 84640
001111529 46256
001111530 52896
001111531 73813
001111532 54400
001111533 108000
001111534 82144
001111535 62080
001111536 70512
001111537 102880
001111538 50603
001111540 57120
001111542 109920
001111543 59328
001111544 73552
001111545 89920
001111546 80512
001111547 91520
001111549 84160
001111550 81872
001111551 51600
001111552 42992
001111553 87040
001111554 66752
001111555 71536
001111556 83040
001111557 88832
001111558 65280
001111559 86240
001111560 64944
001111561 82560
001111562 91296
001111563 100480
001111564 60016
001111565 50080
001111566 68176
001111568 87504
001111569 72080
001111570 48336
001111571 42048
001111572 50560
001111573 55344
001111574 83872
001111576 75552
001111577 76160
001111578 93440
001111580 82432
001111581 42400
001111582 66080
001111583 54080
001111584 36848
001111585 88800
001111586 76000
001111587 79040
001111588 68800
001111589 96400
001111590 70560
001111591 69856
001111592 54240
001111593 54132
001111594 74720
001111595 92832
001111597 80906
001111599 77120
001111600 70240
001111601 70560
001111603 48960
001111604 62464
001111605 79536
001111606 42352
001111607 79040
001111608 70080
001111609 42544
001111610 62592
001111611 83216
001111612 56640
001111613 73268
001111615 57152
001111616 58240
001111617 41632
001111618 69840
001111619 81760
001111620 45152
001111621 107184
001111622 78080
001111623 86032
001111624 84480
001111625 45040
001111626 66400
001111627 38784
001111628 56960
001111629 87680
001111630 66464
001111631 37632
001111633 89584
001111634 44096
001111635 84000
001111637 52480
001111638 78080
001111639 69680
001111640 68640
001111641 58368
001111642 70336
001111643 45173
001111644 47856
001111645 60000
001111646 120800
001111647 84336
001111648 86240
001111649 85600
001111650 51808
001111652 92320
001111653 64000
001111654 70672
001111655 76960
001111657 86560
001111658 66064
001111661 52560
001111662 96000
001111663 108816
001111666 102219
001111667 70400
001111668 59360
001111669 63792
001111670 99200
001111672 81280
001111673 58352
001111674 45248
001111675 83840
001111676 78880
001111677 60800
001111678 52736
001111679 73104
001111680 56752
001111681 91680
001111682 39744
001111683 66240
001111684 67915
001111685 83040
001111686 102560
001111687 71664
001111688 61264
001111689 39552
001111690 58000
001111691 41440
001111692 73600
001111693 42720
001111694 73104
001111695 48512
001111696 50400
001111697 92320
001111698 66560
001111699 75232
001111700 78256
001111702 51488
001111703 53760
001111704 82368
001111705 73776
001111706 73568
001111707 71509
001111708 86400
001111709 39344
001111710 57024
001111711 53140
001111712 115360
001111713 92640
001111715 51680
001111716 71472
001111718 54352
001111719 82912
001111720 54192
001111721 73424
001111722 167200
001111723 65728
001111724 49984
001111725 52112
001111726 59280
001111727 60304
001111728 96000
001111729 94080
001111730 77616
001111731 64592
001111732 40864
001111733 73456
001111734 65760
001111735 141776
001111736 49920
001111737 77972
001111738 56960
001111739 79712
001111740 78400
001111741 54448
001111742 73280
001111743 83360
001111744 82224
001111745 64160
001111746 62432
001111747 55264
001111748 67248
001111749 67984
001111750 84736
001111751 63888
001111752 41584
001111753 51312
001111754 61504
001111755 86672
001111756 74928
001111757 40912
001111758 41552
001111759 89488
001111760 85344
001111761 57344
001111762 46080
001111763 41920
001111764 69984
001111765 94560
001111766 36544
001111767 77440
001111768 62080
001111769 84800
001111770 61168
001111771 83040
001111772 63840
001111773 91120
001111775 74016
001111776 39664
001111777 72864
001111778 60896
001111779 78512
001111780 46400
001111781 71680
001111782 50240
001111783 99444
001111784 81472
001111785 76832
001111786 116000
001111787 71680
001111788 112240
001111789 69424
001111790 45680
001111791 58400
001111793 75840
001111794 60064
001111795 54224
001111796 60400
001111797 85280
001111798 74688
001111800 50848
001120001 55840
001120002 156320
001120003 83296
001120004 86080
001120005 127520
001120006 84480
001120007 104960
001120008 82560
001120009 71040
001120010 102240
001120011 66928
001120012 123040
001120014 126560
001120015 99360
001120016 140320
001120017 76448
001120018 85120
001120019 140480
001120020 78400
001120021 45600
001120022 72480
001120024 65152
001120025 75520
001120026 58560
001120027 59520
001120028 51040
001120029 58064
001120030 64944
001120031 70720
001120032 72480
001120033 85600
001120034 91840
001120036 57760
001120037 86080
001120038 56640
001120039 65440
001120040 74080
001120041 33440
001120042 38880
001120043 62832
001120044 56160
001120045 42560
001120047 46880
001120048 80480
001120049 50240
001120050 54880
001120052 68480
001120053 43040
001120054 42400
001120055 56400
001120056 63680
001120057 69120
001120058 62080
001120059 58128
001120060 59520
001120061 68736
001120062 59040
001120064 64800
001120065 63520
001120066 47824
001120067 52800
001120068 69760
001120069 62944
001120070 56592
001120071 56480
001120072 59680
001120073 66560
001120074 70720
001120075 58560
001120077 58880
001120078 92800
001120079 73600
001120080 54304
001120081 68320
001120082 81760
001120083 64319
001120084 62400
001120085 61600
001120086 60480
001120087 64319
001120088 61216
001120089 114720
001120090 75168
001120091 79680
001120092 118080
001120093 77760
001120094 63232
001120095 77440
001120096 64319
001120097 65280
001120098 88800
001120099 68480
001120100 79840
001120101 76352
001120102 87456
001120104 93920
001120105 140160
001120106 72912
001120107 68000
001120108 58720
001120109 71520
001120110 120320
001120111 60640
001120113 85120
001120115 87840
001120116 83952
001120117 107728
001120119 107840
001120120 79040
001120121 52592
001120122 120784
001120123 73120
001120124 88160
001120125 54720
001120126 64928
001120127 76960
001120128 87360
001120129 50160
001120130 85899
001120131 130560
001120133 112480
001120134 110400
001120135 66832
001120136 87680
001120138 123360
001120139 91040
001120140 64800
001120141 102400
001120142 113760
001120144 93440
001120145 97120
001120146 56160
001120148 127840
001120149 93984
001120150 77088
001120151 88800
001120152 92960
001120153 100800
001120154 72000
001120155 80800
001120156 80000
001120157 136480
001120158 43760
001120159 119360
001120160 61440
001120161 103264
001120162 121440
001120163 102880
001120164 104800
001120165 65920
001120166 94880
001120167 111200
001120168 63040
001120169 82864
001120170 97120
001120171 70720
001120172 129104
001120173 120800
001120174 71840
001120175 51200
001120176 100688
001120177 111360
001120178 108000
001120179 137760
001120181 115200
001120182 96000
001120183 73504
001120184 45152
001120185 80352
001120186 80640
001120187 66688
001120188 105936
001120190 86944
001120191 52384
001120192 107520
001120193 68640
001120194 92320
001120195 34832
001120196 68480
001120197 68320
001120198 84960
001120199 107360
001120200 76160
001120201 89280
001120202 113280
001120203 98080
001120204 111920
001120205 85120
001120206 100960
001120207 55120
001120208 94448
001120209 56864
001120210 112800
001120211 56160
001120212 54960
001120213 41440
001120214 67056
001120215 103040
001120216 61280
001120217 61376
001120218 116800
001120219 59200
001120220 58080
001120221 67200
001120222 75520
001120223 79328
001120224 74080
001120225 116800
001120226 99360
001120227 102880
001120228 71520
001120229 78880
001120230 79360
001120231 79536
001120232 64959
001120233 115360
001120234 70080
001120235 97280
001120236 100320
001120237 135200
001120238 67840
001120239 50240
001120240 44448
001120241 85600
001120243 130080
001120244 99344
001120245 93120
001120246 82720
001120247 46016
001120248 128160
001120249 50080
001120250 45120
001120251 116640
001120252 47680
001120253 116480
001120254 100160
001120255 50400
001120256 128320
001120257 102400
001120258 81232
001120259 66240
001120260 79296
001120261 83200
001120262 95040
001120263 123200
001120264 71984
001120265 65440
001120266 96160
001120267 110080
001120268 138240
001120270 94240
001120271 121760
001120272 65600
001120273 98880
001120274 69760
001120275 106080
001120276 73760
001120277 104000
001120278 141760
001120279 124000
001120280 84768
001120281 55680
001120283 56480
001120284 57120
001120285 63680
001120286 89760
001120287 51040
001120288 70400
001120289 63840
001120290 103360
001120291 77120
001120292 75424
001120293 76384
001120294 57216
001120295 76512
001120296 88800
001120297 111360
001120298 41712
001120299 51680
001120301 100320
001120302 122880
001120303 94240
001120304 89600
001120305 65920
001120306 112160
001120307 119467
001120308 47552
001120309 69760
001120310 108320
001120311 106880
001120312 103200
001120313 103840
001120314 90400
001120315 121600
001120316 92000
001120317 80480
001120318 39456
001120319 91680
001120321 151840
001120322 82080
001120323 37200
001120324 85440
001120325 95520
001120326 146400
001120327 105920
001120328 88576
001120330 107840
001120331 62400
001120333 98720
001120334 57120
001120335 130720
001120336 112320
001120337 63376
001120338 114560
001120339 92944
001120340 65600
001120342 134224
001120343 84960
001120344 75200
001120345 96320
001120346 66080
001120347 144160
001120348 107840
001120349 76640
001120350 65600
001120351 54720
001120352 60288
001120353 65760
001120354 65280
001120355 54864
001120356 64640
001120357 90560
001120358 79200
001120360 109600
001120361 90720
001120362 106560
001120363 94400
001120364 69280
001120365 101600
001120366 61120
001120367 108640
001120368 110832
001120370 85440
001120371 54720
001120372 103360
001120374 136960
001120376 47296
001120377 87520
001120378 104160
001120379 116320
001120380 120160
001120381 89440
001120382 84400
001120384 92064
001120385 122720
001120386 83840
001120387 83840
001120388 119168
001120389 102128
001120390 105920
001120391 90208
001120393 46992
001120394 44480
001120395 120800
001120396 57120
001120397 80320
001120398 117440
001120399 59728
001120400 124960
001121401 60528
001121402 72000
001121403 69760
001121404 86016
001121405 68320
001121407 64480
001121408 60800
001121409 51184
001121411 87200
001121412 93760
001121413 42480
001121414 89936
001121415 72160
001121416 73312
001121417 92000
001121418 69440
001121419 56768
001121420 48208
001121421 41104
001121422 58432
001121423 49680
001121424 61600
001121425 56016
001121426 70720
001121427 72640
001121428 58240
001121429 66848
001121430 74400
001121431 45184
001121432 78560
001121433 79840
001121434 65760
001121435 57152
001121436 68160
001121437 59568
001121438 59984
001121439 87360
001121440 43120
001121441 75520
001121442 76944
001121444 92800
001121445 55840
001121446 76480
001121447 65424
001121448 60480
001121449 61440
001121450 79040
001121451 81264
001121452 80960
001121453 80160
001121456 72160
001121457 69920
001121458 89664
001121459 51136
001121460 58240
001121463 74720
001121464 69968
001121465 62880
001121466 80960
001121467 59680
001121468 72000
001121470 77280
001121471 62080
001121474 60672
001121475 78640
001121476 61120
001121477 69184
001121478 56656
001121479 71680
001121480 107520
001121481 66720
001121482 63520
001121483 57600
001121484 51040
001121485 62240
001121487 82720
001121488 53168
001121489 86416
001121490 55632
001121491 61280
001121492 60320
001121494 57440
001121495 59520
001121496 67360
001121497 55024
001121498 68000
001121499 66848
001121500 64160
001121501 47184
001121502 73440
001121503 80800
001121504 56000
001121505 142480
001121506 103520
001121507 61600
001121508 71200
001121509 106080
001121512 132640
001121513 120480
001121514 103200
001121515 131360
001121516 95520
001121517 56960
001121518 93440
001121519 117120
001121520 67040
001121522 95840
001121523 79200
001121524 85920
001121525 112000
001121526 84160
001121527 65120
001121528 134880
001121529 104640
001121530 89424
001121531 96640
001121532 47552
001121533 66400
001121534 50240
001121535 109440
001121536 152320
001121537 119360
001121538 113760
001121540 89536
001121541 114880
001121542 133280
001121543 116640
001121544 89760
001121545 55040
001121546 104640
001121547 151680
001121548 123920
001121549 105792
001121550 122416
001121551 109008
001121552 131520
001121553 147040
001121554 87232
001121555 106240
001121556 128800
001121557 100640
001121558 76960
001121559 94080
001121560 116480
001121561 88800
001121562 133760
001121563 97920
001121564 65343
001121565 107840
001121566 95680
001121567 122400
001121568 95520
001121569 152800
001121571 93920
001121572 102720
001121573 106080
001121574 88800
001121575 117440
001121576 111360
001121577 105920
001121578 77920
001121579 78016
001121580 62896
001121581 76512
001121582 68320
001121583 131680
001121584 53280
001121585 102240
001121586 49600
001121587 136144
001121589 65440
001121590 91520
001121591 64160
001121592 77680
001121593 88480
001121595 92640
001121596 42880
001121597 99680
001121598 68160
001121599 58080
001121600 75360
001121602 105600
001121603 54080
001121604 69440
001121605 124320
001121607 61920
001121608 81120
001121609 108960
001121610 80480
001121611 114720
001121612 82000
001121613 52800
001121614 86560
001121616 91200
001121617 119360
001121618 123520
001121619 104320
001121620 56224
001121621 111840
001121622 107520
001121623 92048
001121624 52320
001121625 86704
001121626 65920
001121627 123040
001121628 55360
001121629 56960
001121630 75200
001121631 114720
001121632 93440
001121633 87520
001121634 74880
001121635 130383
001121636 107840
001121637 56000
001121638 126400
001121639 91040
001121640 119840
001121641 64160
001121642 42288
001121643 52960
001121644 76320
001121645 58880
001121646 114080
001121647 66880
001121648 176640
001121649 90240
001121650 91200
001121651 82400
001121652 106720
001121653 116960
001121654 139520
001121655 95520
001121656 87808
001121657 78560
001121658 100960
001121659 75552
001121660 125280
001121661 157184
001121662 140800
001121664 84640
001121665 106720
001121666 123680
001121667 53920
001121668 109440
001121669 81216
001121670 61760
001121671 90720
001121672 58416
001121673 77600
001121675 75024
001121676 60640
001121677 119200
001121678 61280
001121679 74720
001121680 56192
001121681 132640
001121682 54880
001121683 88720
001121684 81600
001121685 117280
001121686 131520
001121687 121920
001121688 99840
001121689 93120
001121690 79840
001121691 114240
001121692 98240
001121693 82240
001121694 65248
001121695 93600
001121696 52160
001121697 39376
001121698 130560
001121699 149120
001121700 66400
001121701 63360
001121702 49120
001121703 126560
001121704 104000
001121705 96480
001121706 73120
001121707 78144
001121709 78720
001121710 118560
001121711 104000
001121712 127840
001121713 55680
001121714 73600
001121715 99840
001121716 40000
001121717 56000
001121718 68000
001121719 73120
001121720 119840
001121721 119520
001121722 117584
001121723 150256
001121724 71680
001121726 52640
001121727 120320
001121729 83488
001121730 109920
001121731 64160
001121732 65760
001121733 63520
001121734 71504
001121735 100816
001121736 116320
001121737 64480
001121738 120640
001121739 64800
001121740 76320
001121741 123680
001121742 54368
001121743 91360
001121744 119680
001121745 118880
001121746 102400
001121747 73600
001121748 101600
001121749 107819
001121750 114720
001121751 62240
001121752 113280
001121753 141104
001121754 126240
001121755 65968
001121756 114080
001121757 58400
001121758 149568
001121759 101760
001121761 103840
001121763 82720
001121764 65760
001121766 155520
001121767 127360
001121768 76800
001121769 82240
001121770 126080
001121771 64816
001121772 100064
001121773 72320
001121774 103360
001121775 112912
001121776 60592
001121777 61584
001121778 82720
001121779 132640
001121780 51680
001121781 82560
001121782 100960
001121783 70240
001121784 111520
001121785 67840
001121786 60768
001121787 121760
001121788 99680
001121789 68016
001121790 68480
001121791 60976
001121792 60016
001121793 102400
001121794 69760
001121795 139520
001121796 109600
001121797 138240
001121798 83680
001121799 69728
001121800 49888
001130001 80800
001130002 151680
001130003 84320
001130004 108496
001130005 130720
001130006 83200
001130007 98400
001130008 90560
001130009 78720
001130010 100160
001130011 70032
001130012 121120
001130013 79712
001130014 116160
001130015 99520
001130016 135520
001130017 76800
001130019 123360
001130020 78400
001130021 48480
001130022 66400
001130024 60640
001130025 76320
001130026 61120
001130027 56480
001130028 48960
001130029 60000
001130030 64480
001130031 67680
001130032 63680
001130033 73440
001130034 87200
001130035 45120
001130036 56000
001130037 73920
001130038 58560
001130039 59840
001130040 63840
001130041 33760
001130042 38240
001130043 57600
001130044 46240
001130045 43840
001130046 43520
001130047 44800
001130048 74560
001130049 49920
001130050 55680
001130051 44160
001130052 71680
001130053 40480
001130054 39200
001130055 55520
001130057 67680
001130058 60960
001130059 59520
001130060 60640
001130061 57600
001130062 53280
001130063 72320
001130064 58400
001130065 59520
001130066 56000
001130067 52800
001130068 76000
001130069 63040
001130070 60320
001130071 50080
001130072 60640
001130073 61120
001130074 66720
001130075 54240
001130076 87680
001130077 51520
001130078 78080
001130079 63520
001130080 42880
001130081 47840
001130082 74720
001130083 58880
001130084 61440
001130085 60480
001130086 60960
001130087 65120
001130088 60160
001130089 86400
001130090 72640
001130091 68480
001130093 69984
001130094 61984
001130095 63200
001130096 59040
001130097 59040
001130098 79520
001130100 67040
001130102 115360
001130103 63680
001130104 42240
001130105 61760
001130106 72480
001130107 115840
001130108 95520
001130109 57280
001130110 57760
001130111 63520
001130112 101600
001130114 74560
001130116 71200
001130117 58880
001130118 46880
001130119 63040
001130120 109440
001130121 109120
001130122 65600
001130124 48160
001130125 79520
001130126 71680
001130127 46080
001130128 106400
001130129 89440
001130131 57760
001130132 67680
001130133 123200
001130134 114240
001130135 80640
001130137 95840
001130138 129759
001130139 55280
001130140 92000
001130141 86080
001130142 58240
001130143 80160
001130144 96832
001130145 74720
001130146 69920
001130147 84480
001130148 74080
001130149 57920
001130150 63040
001130151 71360
001130152 86720
001130153 45440
001130155 60960
001130156 71680
001130157 99840
001130158 66400
001130159 72480
001130160 85280
001130161 87040
001130162 76480
001130163 116480
001130164 75520
001130165 83680
001130167 42224
001130169 81760
001130170 47520
001130171 56800
001130172 99680
001130173 93120
001130176 85600
001130177 96960
001130178 139360
001130179 53920
001130180 48160
001130181 85440
001130182 52640
001130183 47200
001130184 46240
001130185 57600
001130187 39520
001130189 72320
001130190 83680
001130191 48960
001130192 74240
001130193 53120
001130194 48000
001130195 54560
001130197 57280
001130198 47040
001130199 74720
001130200 61280
001130202 72160
001130203 53440
001130204 83360
001130205 103520
001130206 112960
001130207 70720
001130208 68640
001130211 68000
001130212 80480
001130213 66720
001130214 111840
001130216 59200
001130217 76523
001130218 75840
001130219 116000
001130220 81696
001130221 87360
001130222 114560
001130223 47520
001130224 55360
001130225 82880
001130226 96800
001130227 81920
001130229 116480
001130231 56000
001130232 41600
001130233 57600
001130235 65120
001130236 43200
001130237 74720
001130238 120320
001130240 77280
001130241 56480
001130242 58080
001130243 60640
001130246 61920
001130247 46676
001130248 85600
001130249 111040
001130250 50400
001130251 118560
001130252 87840
001130253 66720
001130254 101280
001130255 72640
001130257 93120
001130258 58560
001130260 105440
001130262 130560
001130263 77920
001130264 72960
001130265 40464
001130266 102890
001130268 45440
001130269 50400
001130271 36320
001130272 44715
001130273 80320
001130274 106773
001130275 88160
001130277 139040
001130278 58240
001130279 41120
001130280 87040
001130281 88320
001130283 40202
001130284 99520
001130285 85440
001130287 62816
001130288 58560
001130289 66549
001130291 102560
001130292 106080
001130293 86720
001130294 36916
001130295 53920
001130296 67680
001130297 72160
001130298 92800
001130300 61760
001130301 54560
001130302 83360
001130303 47520
001130304 77440
001130305 59040
001130306 88480
001130307 105760
001130308 44000
001130309 54880
001130310 44960
001130311 69920
001130312 59360
001130313 119360
001130314 73600
001130315 82400
001130316 38400
001130317 53440
001130318 63040
001130319 87360
001130320 141600
001130323 83680
001130324 96640
001130325 106240
001130327 38645
001130328 122240
001130330 85120
001130331 57920
001130333 111360
001130334 114240
001130335 63040
001130337 81600
001130338 69280
001130339 61760
001130341 151680
001130343 63957
001130344 101440
001130346 73120
001130347 79040
001130349 72800
001130350 76640
001130354 101600
001130355 100480
001130356 84800
001130357 97760
001130358 67200
001130359 83520
001130360 128160
001130362 107840
001130363 64341
001130364 55520
001130365 99680
001130367 117120
001130369 86720
001130370 45920
001130371 83040
001130373 98720
001130374 43541
001130375 68116
001130378 105440
001130379 71360
001130380 92320
001130381 67040
001130382 79168
001130383 92000
001130385 71520
001130386 84480
001130387 110560
001130388 99520
001130389 64640
001130390 94560
001130391 105120
001130392 104320
001130393 51040
001130394 45547
001130395 54560
001130396 65280
001130397 33120
001130398 67829
001130399 44960
001130400 58720
001131401 56000
001131402 67840
001131403 60800
001131405 58560
001131406 54581
001131407 55680
001131408 65440
001131409 44560
001131411 73920
001131412 71840
001131413 37760
001131414 75040
001131415 52000
001131416 56811
001131417 87200
001131418 58080
001131422 47200
001131423 49440
001131424 57760
001131425 54400
001131427 65120
001131428 56160
001131430 62240
001131431 40949
001131432 72160
001131433 68320
001131434 56000
001131435 47360
001131436 56789
001131438 54560
001131439 75360
001131440 38880
001131441 51680
001131442 58560
001131443 56320
001131444 73440
001131445 54560
001131447 54240
001131448 54080
001131449 53600
001131450 61760
001131451 72160
001131452 65120
001131453 68128
001131454 43904
001131457 58080
001131458 71360
001131459 45440
001131460 54720
001131461 59664
001131463 63360
001131464 69600
001131465 48000
001131466 61205
001131467 51520
001131470 62400
001131471 48160
001131473 40640
001131474 45440
001131475 62560
001131476 53440
001131477 60304
001131478 46560
001131479 61600
001131480 72800
001131481 66720
001131482 54880
001131483 50560
001131484 52032
001131485 56256
001131487 68320
001131488 48192
001131489 78240
001131490 45920
001131491 47040
001131492 56592
001131494 50912
001131495 48160
001131496 57600
001131497 44789
001131498 55680
001131499 60160
001131500 58400
001131501 80640
001131502 58880
001131504 56960
001131505 98880
001131507 90880
001131508 48960
001131509 48160
001131510 104000
001131511 85760
001131512 100960
001131514 54240
001131515 79200
001131516 87360
001131517 79840
001131518 74080
001131520 114400
001131521 83840
001131522 89712
001131523 72160
001131524 84586
001131525 35221
001131527 127040
001131528 49120
001131529 50080
001131530 90240
001131531 62560
001131532 50240
001131533 97760
001131534 84640
001131536 89920
001131538 77760
001131539 71040
001131540 86240
001131541 132640
001131542 73120
001131543 69120
001131544 65440
001131546 86698
001131547 57280
001131548 45396
001131550 73600
001131552 102004
001131553 43840
001131554 84800
001131555 72800
001131556 74773
001131557 96640
001131558 85600
001131559 95520
001131560 68336
001131561 97600
001131562 72160
001131563 114400
001131564 110720
001131566 97600
001131568 61600
001131569 84480
001131571 57920
001131572 71915
001131573 91200
001131574 114240
001131575 97760
001131576 46485
001131577 63040
001131578 90080
001131579 44640
001131580 71648
001131584 74624
001131585 57024
001131586 68308
001131587 75733
001131588 68480
001131589 88640
001131590 58101
001131591 133440
001131592 58347
001131593 100107
001131595 80944
001131597 63360
001131598 65920
001131599 106922
001131602 80640
001131603 38400
001131605 66080
001131606 118240
001131607 76800
001131608 65920
001131609 137600
001131610 41600
001131611 44277
001131613 86240
001131615 44000
001131616 79360
001131617 78400
001131618 47456
001131619 109120
001131620 84752
001131622 53280
001131623 77120
001131624 73264
001131626 97280
001131627 56320
001131628 47200
001131629 121600
001131630 85440
001131631 74720
001131632 76160
001131633 88480
001131635 57600
001131638 58560
001131639 112320
001131640 113760
001131642 107360
001131644 72960
001131645 78400
001131646 60000
001131647 120960
001131648 62080
001131650 36480
001131651 107840
001131652 41920
001131653 40960
001131654 101440
001131655 100480
001131656 117440
001131657 59680
001131658 71840
001131659 59040
001131660 140000
001131661 80160
001131662 61760
001131663 81280
001131664 43840
001131667 35840
001131668 78560
001131669 70240
001131670 60160
001131671 72000
001131672 59520
001131673 83200
001131674 80240
001131675 76480
001131676 115360
001131677 77120
001131678 125280
001131680 88320
001131681 93440
001131682 88320
001131683 106400
001131686 81120
001131687 82080
001131688 46560
001131689 76320
001131690 88960
001131691 62560
001131693 78720
001131694 68320
001131695 48320
001131696 42880
001131698 51040
001131699 82240
001131700 52800
001131701 70720
001131702 90400
001131703 60160
001131704 78080
001131705 94400
001131706 104640
001131707 107680
001131708 86720
001131710 66880
001131712 89120
001131713 70720
001131714 66400
001131715 125600
001131716 89280
001131718 45920
001131719 118080
001131720 105280
001131721 54928
001131722 68160
001131723 45760
001131724 41440
001131725 79040
001131726 91680
001131727 129280
001131728 82240
001131729 123200
001131731 131520
001131732 54720
001131733 49760
001131734 95040
001131735 108960
001131736 51786
001131737 132480
001131738 73440
001131740 117440
001131742 49760
001131743 100960
001131744 75840
001131745 59840
001131746 57451
001131747 135360
001131748 90720
001131749 87040
001131750 115200
001131751 41920
001131752 79200
001131753 71520
001131754 104000
001131755 46240
001131756 125760
001131758 78560
001131759 72144
001131761 76160
001131762 79680
001131763 87520
001131764 86240
001131765 71840
001131766 48800
001131767 74880
001131768 85440
001131769 125920
001131770 112640
001131771 55840
001131772 105440
001131773 108160
001131774 57760
001131775 105520
001131776 82560
001131777 44080
001131778 126848
001131779 58400
001131780 74080
001131781 113440
001131782 93600
001131784 74400
001131785 71520
001131787 106560
001131788 45760
001131790 43200
001131791 102560
001131792 91200
001131793 70880
001131797 45120
001131798 97120
001131800 105120
001140001 68960
001140002 144160
001140003 86880
001140004 109872
001140005 145200
001140006 89600
001140007 101008
001140008 90560
001140009 70400
001140010 93920
001140011 70720
001140012 104000
001140013 85168
001140014 113008
001140015 107040
001140016 145920
001140017 76800
001140018 82816
001140019 137984
001140020 76800
001140021 43040
001140022 56448
001140023 66576
001140024 66512
001140025 83840
001140026 50704
001140027 52160
001140028 46096
001140029 57280
001140030 62192
001140031 68800
001140032 66464
001140033 82544
001140034 103040
001140035 43088
001140036 54880
001140037 80208
001140038 52064
001140039 59520
001140040 65632
001140041 33424
001140042 37440
001140043 65007
001140044 48400
001140045 41920
001140046 43200
001140047 45600
001140048 75040
001140049 50976
001140050 54400
001140052 82368
001140054 39312
001140055 55040
001140056 62240
001140057 72640
001140058 66219
001140059 53680
001140060 65456
001140061 59504
001140062 59360
001140063 77600
001140064 66512
001140065 59872
001140066 47200
001140068 69584
001140069 59616
001140072 62848
001140073 62000
001140074 81120
001140075 57120
001140077 62592
001140078 81120
001140079 62560
001140080 52416
001140081 60480
001140082 89264
001140083 62864
001140084 57600
001140085 63680
001140086 69760
001140087 66720
001140088 72240
001140089 104320
001140090 81120
001140092 109760
001140093 89280
001140094 65904
001140095 68320
001140096 68320
001140097 62880
001140098 85280
001140100 73744
001140101 49440
001140102 86912
001140103 89492
001140104 146592
001140105 59504
001140106 77440
001140108 94560
001140109 47616
001140110 90192
001140111 57232
001140113 64480
001140114 57120
001140115 59840
001140116 95200
001140117 80160
001140118 59040
001140119 111840
001140120 60320
001140121 66880
001140122 161920
001140123 49696
001140124 108000
001140127 73136
001140128 164800
001140129 78880
001140130 132800
001140131 117760
001140132 115968
001140134 67648
001140135 74400
001140136 101952
001140137 133760
001140138 72240
001140139 111120
001140140 54656
001140141 77120
001140142 69440
001140144 50240
001140145 61920
001140146 59604
001140147 114880
001140149 73584
001140150 70880
001140151 91520
001140152 105920
001140153 76800
001140154 134720
001140155 56160
001140156 96320
001140157 115200
001140158 92800
001140159 72992
001140160 101440
001140161 115568
001140162 70928
001140163 49696
001140164 121440
001140165 52480
001140166 76800
001140167 45600
001140170 95296
001140171 98720
001140172 92000
001140173 133120
001140174 102656
001140176 130080
001140177 91952
001140179 108432
001140181 111392
001140182 67840
001140183 70080
001140184 40320
001140185 104640
001140186 63520
001140188 90560
001140190 66240
001140191 124320
001140192 71040
001140194 95216
001140195 87520
001140196 63200
001140197 77920
001140198 82560
001140199 119200
001140200 41776
001140201 56768
001140203 72848
001140204 94080
001140205 85760
001140207 154832
001140208 70640
001140209 94080
001140210 86240
001140211 149600
001140212 38592
001140213 59520
001140214 83520
001140216 89120
001140217 107680
001140218 83520
001140219 117600
001140220 100224
001140221 115776
001140222 62400
001140223 158032
001140224 108320
001140225 94240
001140226 47920
001140227 60512
001140229 52816
001140230 74880
001140231 87520
001140232 60320
001140233 66720
001140234 57440
001140235 53280
001140236 86880
001140237 84912
001140238 62400
001140239 69600
001140240 51072
001140241 109652
001140242 83888
001140243 64000
001140244 40736
001140245 121600
001140246 57760
001140247 88160
001140248 83584
001140249 86752
001140251 102080
001140252 133920
001140253 86000
001140255 137280
001140256 100960
001140257 68000
001140259 97760
001140260 93920
001140262 113760
001140263 113920
001140264 77600
001140265 68160
001140266 88608
001140267 131376
001140268 94720
001140269 103040
001140270 93920
001140271 112640
001140273 71760
001140274 155040
001140275 149568
001140276 66224
001140277 101760
001140278 98080
001140279 106240
001140280 154826
001140281 40960
001140282 56960
001140283 56640
001140284 88736
001140286 92016
001140287 68160
001140288 73600
001140289 119680
001140290 39360
001140291 57568
001140292 59680
001140294 70576
001140295 122944
001140297 76320
001140298 106720
001140299 46848
001140300 47040
001140302 123040
001140304 109568
001140305 126432
001140306 51104
001140307 92640
001140309 81424
001140310 56480
001140311 74208
001140313 171104
001140314 58240
001140316 62880
001140317 45136
001140319 101520
001140320 72160
001140321 94240
001140322 99883
001140323 58720
001140325 70832
001140326 81600
001140327 87040
001140329 52000
001140330 44320
001140331 69280
001140332 54960
001140333 112160
001140334 85440
001140335 110400
001140336 74112
001140338 93920
001140339 116960
001140340 114720
001140341 48832
001140342 87040
001140344 230544
001140346 85568
001140347 89920
001140348 78032
001140349 83296
001140350 95360
001140352 66560
001140353 189280
001140354 52640
001140355 96528
001140357 67520
001140358 67008
001140359 57760
001140360 146144
001140361 63712
001140362 87888
001140364 44480
001140365 67360
001140367 58240
001140368 109424
001140369 112032
001140370 128800
001140371 61760
001140373 66160
001140374 96320
001140375 66304
001140376 46368
001140381 87872
001140382 84320
001140383 142704
001140385 52480
001140386 103040
001140387 73056
001140389 75200
001140390 44800
001140391 115520
001140392 154560
001140393 101280
001140394 112480
001140396 49120
001140397 152800
001140398 74080
001140399 136464
001140400 40640
001141401 52448
001141402 84480
001141403 62880
001141404 76480
001141405 61648
001141406 54896
001141407 61440
001141408 66560
001141409 46656
001141411 90880
001141412 108784
001141413 38240
001141414 76160
001141415 53120
001141418 64640
001141419 51360
001141420 42912
001141421 42720
001141422 52000
001141423 47552
001141424 62080
001141425 56320
001141426 68160
001141427 88048
001141428 47520
001141429 47360
001141430 66880
001141431 47184
001141432 96640
001141433 75840
001141434 63520
001141435 59040
001141436 64640
001141438 63968
001141439 82112
001141440 47520
001141441 70400
001141442 86544
001141443 82485
001141444 77920
001141445 61216
001141446 84640
001141447 56160
001141448 56480
001141449 67040
001141450 76960
001141451 71520
001141452 92640
001141453 72640
001141454 40400
001141456 83520
001141457 61440
001141458 92960
001141459 47840
001141460 54560
001141463 129919
001141464 76640
001141465 55360
001141466 57760
001141467 47840
001141468 57360
001141469 53440
001141470 58080
001141471 52960
001141473 43168
001141474 44608
001141475 80800
001141476 66576
001141477 62240
001141478 50400
001141479 61536
001141480 95200
001141481 68160
001141482 56864
001141483 78080
001141484 50608
001141485 56000
001141487 68480
001141488 72960
001141489 100320
001141490 48480
001141491 56960
001141492 57120
001141493 44128
001141494 54400
001141495 54400
001141496 69280
001141497 81600
001141498 58384
001141499 70560
001141500 84048
001141501 123360
001141504 52160
001141505 74880
001141506 44800
001141507 106080
001141508 50288
001141509 90000
001141510 45232
001141512 112960
001141513 91520
001141516 114336
001141517 66464
001141518 111840
001141519 92816
001141520 116160
001141521 108640
001141522 119520
001141523 139312
001141524 79216
001141525 63040
001141526 108000
001141527 50720
001141528 102304
001141529 66240
001141530 69424
001141533 109920
001141534 48480
001141536 72720
001141537 69200
001141538 137120
001141541 54080
001141543 35360
001141544 53408
001141545 52160
001141546 90880
001141550 94080
001141551 52960
001141552 115840
001141553 102448
001141555 81760
001141558 53760
001141560 98720
001141561 76800
001141562 60160
001141564 90272
001141565 103680
001141566 91040
001141567 73280
001141568 64959
001141569 47840
001141573 113184
001141574 128639
001141575 91680
001141577 95040
001141578 131600
001141579 149280
001141580 64176
001141581 105440
001141582 77280
001141584 53760
001141585 126720
001141586 121600
001141587 60480
001141588 104960
001141589 68160
001141590 50720
001141591 96640
001141593 125216
001141594 85120
001141596 157120
001141597 65920
001141598 93760
001141599 202880
001141601 143520
001141602 73408
001141603 115040
001141605 86560
001141606 95520
001141607 50512
001141608 102240
001141609 118240
001141610 119360
001141611 62080
001141612 83360
001141614 89760
001141615 154560
001141617 126240
001141618 70720
001141619 84640
001141620 96800
001141621 128000
001141622 115200
001141623 44160
001141624 77120
001141625 103040
001141626 88480
001141627 98720
001141628 105600
001141629 61440
001141630 65248
001141631 50080
001141632 115200
001141633 130720
001141635 41712
001141636 59840
001141637 120320
001141638 67520
001141639 81120
001141641 49600
001141643 93184
001141644 54240
001141645 95360
001141646 75200
001141648 60640
001141650 142960
001141651 60320
001141652 97760
001141653 136000
001141654 55360
001141656 92960
001141657 102240
001141658 56640
001141659 38720
001141660 61280
001141661 66880
001141662 94400
001141663 122720
001141664 47872
001141665 88624
001141667 101920
001141668 122080
001141669 81648
001141671 95840
001141672 67040
001141673 48800
001141674 41280
001141675 89568
001141676 91520
001141678 101920
001141679 47472
001141680 87360
001141681 103360
001141682 56160
001141683 57120
001141684 57120
001141686 109120
001141688 60736
001141694 92960
001141696 72144
001141697 100960
001141698 132960
001141700 41696
001141701 101440
001141702 84000
001141703 99680
001141704 92160
001141705 71840
001141706 96640
001141707 112160
001141709 63680
001141711 131680
001141712 67600
001141713 120000
001141714 126576
001141715 85280
001141716 94080
001141717 76272
001141720 84000
001141722 95648
001141723 122880
001141724 88960
001141725 70880
001141726 134560
001141727 43824
001141728 94080
001141729 70080
001141730 54080
001141731 86080
001141733 50560
001141734 81920
001141735 134080
001141737 111360
001141738 73600
001141739 85120
001141740 66080
001141741 58384
001141742 115040
001141743 52304
001141744 68000
001141745 76800
001141746 80800
001141747 57440
001141748 72640
001141749 108160
001141750 50448
001141751 113920
001141753 42048
001141754 68160
001141755 109920
001141756 77920
001141757 70560
001141758 82240
001141759 188400
001141760 90720
001141761 52160
001141764 71402
001141765 82240
001141766 97280
001141768 73440
001141769 151520
001141770 100480
001141771 40320
001141772 88960
001141773 85760
001141774 91200
001141775 86880
001141777 77840
001141778 73424
001141779 49664
001141780 98560
001141781 65920
001141782 105920
001141783 111520
001141784 164960
001141785 71984
001141788 67200
001141789 122880
001141790 120320
001141791 89280
001141793 85920
001141794 59040
001141796 87520
001141797 85120
001141799 58400
001141800 224320
001150001 61200
001150002 142240
001150003 73440
001150004 106720
001150005 131648
001150006 75360
001150007 86560
001150008 89280
001150009 67488
001150011 71040
001150013 73744
001150014 116000
001150015 87680
001150016 124000
001150017 73280
001150018 76480
001150021 44768
001150023 66720
001150024 52144
001150025 71376
001150030 56640
001150032 58880
001150033 66560
001150034 84688
001150035 38832
001150036 56640
001150037 71680
001150038 54880
001150043 51200
001150044 44160
001150045 39088
001150047 38128
001150048 73920
001150049 47040
001150050 53120
001150052 64928
001150055 54240
001150056 60320
001150057 65920
001150058 53872
001150059 49920
001150060 57760
001150061 54560
001150062 50848
001150063 72800
001150064 52020
001150065 56960
001150066 47120
001150067 48800
001150068 62720
001150069 60800
001150070 51200
001150071 46400
001150072 57920
001150073 65440
001150074 62240
001150075 52160
001150076 79360
001150077 50720
001150078 80640
001150079 61280
001150080 46240
001150081 49120
001150082 75360
001150083 56896
001150084 67840
001150085 60064
001150086 61600
001150087 66080
001150089 96640
001150090 70704
001150091 72256
001150092 94400
001150093 68084
001150094 57280
001150095 59680
001150096 68160
001150097 60992
001150098 70880
001150099 59680
001150100 69120
001150101 100160
001150102 80000
001150103 49616
001150104 85440
001150105 85760
001150106 68800
001150107 90240
001150108 74560
001150109 85120
001150110 81920
001150112 68800
001150113 71024
001150114 88160
001150115 73120
001150116 53120
001150117 98400
001150119 128800
001150120 48640
001150122 84800
001150123 42880
001150124 79200
001150125 85440
001150126 52640
001150127 83680
001150128 78560
001150129 77280
001150130 65808
001150131 70240
001150132 51200
001150133 75040
001150134 74720
001150135 74720
001150136 97760
001150137 69920
001150138 79040
001150139 86240
001150140 93760
001150141 89440
001150142 72640
001150143 85920
001150144 130720
001150145 70080
001150147 70240
001150148 87840
001150149 45760
001150150 72320
001150151 68960
001150152 51680
001150153 95520
001150154 99680
001150155 73920
001150156 81440
001150157 80960
001150158 90400
001150159 67200
001150160 103200
001150161 47840
001150162 74752
001150163 90560
001150164 86400
001150165 97760
001150166 51680
001150168 125920
001150169 73120
001150170 87840
001150171 68640
001150172 106560
001150173 63936
001150174 100992
001150175 84960
001150176 70400
001150177 72053
001150179 74720
001150180 83040
001150181 95680
001150182 120800
001150183 86100
001150184 88000
001150185 77440
001150186 88000
001150187 58400
001150188 52160
001150189 71520
001150190 49760
001150191 48960
001150192 113600
001150193 61760
001150194 54896
001150195 74912
001150196 54240
001150198 48373
001150199 58400
001150200 93280
001150201 72160
001150202 120960
001150203 80480
001150204 92320
001150205 54880
001150206 63040
001150207 79200
001150209 108331
001150210 108480
001150211 95040
001150213 56640
001150214 90400
001150215 82432
001150216 62880
001150217 76960
001150218 44480
001150219 95509
001150220 98080
001150222 81120
001150223 72480
001150224 90400
001150225 53280
001150226 120640
001150227 140640
001150228 90080
001150230 58160
001150231 87840
001150232 71520
001150234 52640
001150235 52800
001150236 91520
001150237 126240
001150238 73760
001150239 88960
001150240 81600
001150241 113120
001150242 57600
001150243 73760
001150244 57120
001150245 68960
001150246 83200
001150247 53440
001150248 105440
001150249 69760
001150251 94240
001150252 84320
001150254 70240
001150255 81600
001150256 73040
001150257 94720
001150258 77920
001150259 101920
001150260 126880
001150261 68427
001150262 67040
001150263 82880
001150264 92512
001150265 65109
001150266 86240
001150267 86848
001150268 69546
001150269 84144
001150270 99040
001150271 104180
001150272 61632
001150273 69120
001150274 102400
001150275 74688
001150276 54741
001150277 55184
001150278 51755
001150279 85440
001150280 62240
001150281 66080
001150282 41120
001150284 40080
001150287 119520
001150288 69600
001150289 108000
001150290 70400
001150291 78560
001150292 84928
001150293 101600
001150294 49120
001150295 43680
001150296 92320
001150297 61984
001150298 102560
001150299 110560
001150301 68000
001150302 75360
001150303 54400
001150304 105248
001150305 49600
001150306 41440
001150307 99733
001150308 81333
001150309 115200
001150311 137104
001150312 80320
001150313 52960
001150314 94720
001150315 92672
001150316 90080
001150317 48112
001150318 62997
001150319 110240
001150320 71840
001150321 47552
001150322 79520
001150323 91840
001150324 79360
001150325 91360
001150326 89600
001150327 63040
001150328 85172
001150329 69072
001150330 122240
001150331 125600
001150332 68480
001150333 91680
001150334 64000
001150335 75040
001150336 89120
001150337 56000
001150338 67072
001150339 58080
001150340 64160
001150341 84000
001150342 57440
001150344 69440
001150345 72320
001150347 82080
001150348 104640
001150349 55360
001150350 112640
001150351 46356
001150352 106880
001150353 91520
001150354 133440
001150355 87360
001150356 84160
001150357 51040
001150358 108320
001150359 74400
001150360 70400
001150361 95360
001150362 65920
001150363 62720
001150364 76960
001150365 77280
001150366 84800
001150367 82400
001150368 67040
001150369 89440
001150370 61920
001150371 81440
001150372 83200
001150373 59840
001150374 126720
001150375 95040
001150376 63888
001150377 112480
001150379 102240
001150380 84000
001150381 44640
001150382 84640
001150383 80000
001150384 56208
001150385 100960
001150386 56117
001150387 47444
001150388 52800
001150389 93760
001150390 90720
001150391 86880
001150392 82880
001150393 110080
001150394 60480
001150395 109845
001150396 108160
001150397 92000
001150398 42720
001150399 88170
001150400 55040
001151401 60896
001151402 71520
001151403 69920
001151404 77120
001151405 64000
001151406 54720
001151407 58400
001151408 67504
001151409 44368
001151411 72160
001151412 68960
001151413 40320
001151414 82880
001151415 54708
001151416 62400
001151418 60000
001151419 53440
001151420 41824
001151421 38544
001151422 52117
001151423 48960
001151424 53120
001151425 53792
001151427 69760
001151428 47520
001151429 46880
001151430 68800
001151431 42720
001151432 65440
001151433 75200
001151434 59040
001151435 54560
001151436 57280
001151437 49280
001151438 55360
001151439 73280
001151440 39680
001151441 58400
001151442 64160
001151443 62560
001151444 77600
001151445 51680
001151446 72480
001151447 59680
001151448 53664
001151449 56320
001151450 61760
001151451 72084
001151452 67840
001151453 64959
001151454 39056
001151455 62080
001151456 62400
001151458 77600
001151459 49600
001151460 55840
001151462 51360
001151463 67840
001151464 69600
001151465 55520
001151466 64959
001151467 55680
001151469 61920
001151470 62720
001151471 53920
001151473 44800
001151474 45920
001151475 64959
001151476 60160
001151477 58880
001151478 47488
001151479 61552
001151480 80416
001151481 61120
001151482 57152
001151483 53440
001151484 48288
001151485 56820
001151487 71024
001151488 50592
001151489 78080
001151490 48320
001151491 50784
001151492 58512
001151493 46752
001151494 52000
001151495 52320
001151496 57920
001151497 52544
001151498 59840
001151499 59520
001151500 59040
001151501 64800
001151502 40464
001151503 61440
001151504 45600
001151505 118400
001151506 47104
001151507 52000
001151508 84640
001151509 62080
001151510 79200
001151511 91680
001151512 47680
001151513 93280
001151514 102720
001151515 72160
001151516 96800
001151517 86240
001151518 48480
001151519 97440
001151520 144656
001151521 109040
001151522 104352
001151523 124960
001151524 86704
001151525 84800
001151526 44800
001151527 106240
001151528 120160
001151529 143840
001151530 41744
001151531 89120
001151532 63360
001151533 72960
001151534 73920
001151535 81760
001151536 62347
001151537 130080
001151538 105280
001151539 69205
001151540 151680
001151541 37264
001151542 100320
001151543 91040
001151544 79680
001151545 97440
001151546 82560
001151547 66048
001151548 121760
001151549 46240
001151551 130880
001151552 45408
001151553 75840
001151554 65280
001151555 76480
001151558 66144
001151560 77440
001151561 68960
001151562 69280
001151563 97120
001151564 94560
001151565 104480
001151566 83360
001151567 109920
001151568 105600
001151569 88555
001151570 75680
001151572 132320
001151573 63200
001151574 45120
001151575 81280
001151576 97120
001151577 81280
001151578 44480
001151579 83114
001151580 82240
001151581 64245
001151582 46880
001151584 104000
001151585 73418
001151586 61600
001151587 39200
001151588 105760
001151589 84896
001151590 70400
001151591 74805
001151592 54741
001151594 35680
001151595 74112
001151596 88800
001151597 81600
001151598 69460
001151599 41936
001151600 100800
001151601 61984
001151602 92320
001151605 88000
001151606 85120
001151607 85920
001151608 73760
001151609 85760
001151610 88320
001151611 62240
001151612 89120
001151613 67920
001151614 121760
001151615 101280
001151616 73104
001151617 90080
001151618 61920
001151619 58400
001151620 96848
001151621 64319
001151622 106400
001151623 73600
001151624 61280
001151625 79840
001151627 70880
001151628 93525
001151629 68000
001151630 68000
001151631 110240
001151633 77920
001151634 53280
001151636 53520
001151638 109760
001151640 69120
001151641 116800
001151643 91840
001151644 91520
001151645 82880
001151646 51541
001151647 113440
001151648 89120
001151649 72160
001151653 55200
001151654 50400
001151655 56916
001151656 46400
001151657 68960
001151658 70240
001151659 53440
001151660 68800
001151661 70240
001151662 98560
001151663 59040
001151665 65024
001151666 50176
001151667 44320
001151668 95060
001151669 58965
001151670 107691
001151673 67680
001151674 74720
001151675 92960
001151676 43200
001151677 94720
001151679 39360
001151680 105600
001151681 87520
001151682 105600
001151683 116640
001151684 67680
001151685 67520
001151686 77920
001151687 58196
001151688 48160
001151690 64959
001151691 108373
001151692 58708
001151693 104480
001151694 49760
001151695 54880
001151696 67840
001151697 116160
001151698 70752
001151699 84480
001151700 91200
001151701 85760
001151702 90816
001151703 67360
001151704 49120
001151706 72960
001151707 68160
001151709 139520
001151712 38048
001151713 50880
001151714 100160
001151715 73952
001151716 51200
001151719 60144
001151720 71360
001151721 70240
001151722 60800
001151723 81760
001151724 63888
001151725 71680
001151727 68960
001151728 88640
001151731 109760
001151732 60320
001151733 60480
001151734 81920
001151735 56000
001151736 117600
001151738 62080
001151739 110240
001151740 68320
001151741 53280
001151742 62272
001151744 80160
001151745 129600
001151747 54400
001151749 74400
001151750 117600
001151751 65440
001151752 73600
001151754 76800
001151755 58720
001151756 70080
001151757 73280
001151758 54880
001151759 56800
001151760 54676
001151761 66560
001151763 120960
001151764 98400
001151765 42080
001151766 104800
001151767 48320
001151768 85600
001151769 88480
001151770 95200
001151771 55680
001151772 80320
001151773 96960
001151776 69920
001151777 72640
001151778 86720
001151779 53920
001151780 45920
001151782 82400
001151784 83040
001151785 75360
001151786 54720
001151787 69760
001151788 104000
001151789 79040
001151790 106240
001151791 80000
001151792 77920
001151793 52800
001151795 53120
001151797 116640
001151798 57600
001151799 83680
001151800 99520
001160001 52880
001160002 135440
001160003 77904
001160004 91040
001160005 108608
001160006 66192
001160007 74896
001160008 71904
001160009 61792
001160010 75744
001160011 58848
001160012 113200
001160013 68880
001160014 117760
001160015 96944
001160016 125424
001160017 67888
001160018 88464
001160019 108848
001160020 68880
001160021 50512
001160022 56992
001160023 64319
001160024 51696
001160025 74016
001160026 48560
001160027 46304
001160028 47840
001160029 52672
001160030 54464
001160031 58128
001160032 58368
001160033 70944
001160034 76448
001160035 37216
001160036 51824
001160037 70512
001160038 51408
001160039 50656
001160040 59472
001160041 29392
001160042 37296
001160043 62560
001160044 40912
001160045 34864
001160046 37504
001160047 41872
001160048 70032
001160049 45040
001160050 48256
001160051 38336
001160052 65600
001160053 37024
001160055 44496
001160056 55680
001160057 66592
001160058 49440
001160059 48944
001160060 56064
001160061 56000
001160062 45664
001160063 65984
001160064 65648
001160065 53008
001160066 45072
001160067 44288
001160068 66528
001160069 50464
001160070 52448
001160071 44128
001160072 54272
001160073 60576
001160074 59504
001160075 49680
001160076 76560
001160077 46784
001160078 75216
001160079 55200
001160080 44400
001160081 52320
001160082 76096
001160083 57264
001160084 54736
001160085 52912
001160086 54112
001160087 63584
001160088 60960
001160089 89648
001160090 67024
001160091 64352
001160092 90048
001160093 61104
001160094 50672
001160095 53280
001160096 55616
001160097 58784
001160098 75952
001160099 61200
001160100 62496
001160101 104608
001160102 74320
001160103 39712
001160104 41296
001160105 98016
001160106 53920
001160107 87536
001160108 75424
001160109 46384
001160110 47520
001160111 91088
001160112 64063
001160113 78640
001160114 42240
001160115 51232
001160116 70720
001160117 136640
001160118 106592
001160119 90496
001160120 33824
001160121 94240
001160122 79024
001160123 55824
001160124 87232
001160125 41296
001160126 102624
001160127 67472
001160128 92416
001160129 78080
001160130 79552
001160131 103360
001160132 83776
001160133 72448
001160134 49392
001160135 69504
001160136 75296
001160137 98736
001160138 81456
001160139 101200
001160140 117824
001160141 89376
001160142 92880
001160143 39776
001160144 67664
001160145 57872
001160146 80416
001160147 70208
001160148 75168
001160149 80832
001160150 95808
001160151 52496
001160152 52224
001160153 61456
001160154 91456
001160155 45312
001160156 50096
001160157 79504
001160158 65471
001160159 80432
001160160 71968
001160161 88432
001160162 78976
001160163 46560
001160164 67808
001160165 74144
001160166 59648
001160167 67360
001160168 82032
001160169 49664
001160170 88048
001160171 99744
001160172 41376
001160173 83952
001160174 79184
001160175 67200
001160176 49008
001160177 49264
001160178 67824
001160179 40128
001160180 49168
001160181 102880
001160182 78960
001160183 54800
001160184 48480
001160185 78992
001160186 98640
001160187 75680
001160188 66288
001160189 84064
001160190 64784
001160191 94256
001160192 90608
001160193 84240
001160194 81584
001160195 60752
001160196 50832
001160197 47792
001160198 79712
001160199 83088
001160200 98768
001160201 83360
001160202 73072
001160206 100432
001160207 50368
001160208 36304
001160209 62256
001160210 74128
001160211 80000
001160212 80720
001160213 53744
001160214 63264
001160215 75920
001160216 95856
001160217 82880
001160218 74224
001160219 81744
001160220 57728
001160221 66288
001160222 89024
001160223 81168
001160224 80304
001160225 91968
001160226 42624
001160227 48144
001160228 51904
001160229 60368
001160230 82848
001160231 80832
001160232 82768
001160233 39024
001160234 63632
001160235 49936
001160236 65200
001160237 74992
001160238 63824
001160239 78304
001160240 78960
001160241 110528
001160242 66784
001160243 78576
001160244 44128
001160245 86960
001160246 83008
001160247 114896
001160248 60304
001160249 67264
001160250 97504
001160251 78816
001160252 66928
001160253 38512
001160254 50032
001160255 67264
001160256 85232
001160257 100400
001160258 69584
001160259 41664
001160260 116784
001160261 103456
001160262 79824
001160263 40656
001160264 81648
001160265 76400
001160266 92736
001160267 54704
001160268 43168
001160269 45232
001160270 65920
001160271 95008
001160272 70016
001160273 51232
001160274 47632
001160275 38032
001160276 113680
001160277 76640
001160278 56672
001160279 72416
001160280 94976
001160281 54880
001160282 80176
001160283 100800
001160284 72272
001160285 82688
001160286 118752
001160287 98992
001160288 41200
001160289 97392
001160290 44512
001160291 70432
001160292 82672
001160293 100256
001160294 53920
001160295 62912
001160296 69968
001160297 53872
001160298 111312
001160299 75616
001160300 58000
001160301 74464
001160302 60272
001160304 61216
001160305 51264
001160306 70912
001160307 49648
001160309 57168
001160310 108528
001160311 66704
001160312 122704
001160313 66864
001160314 59104
001160315 40336
001160316 56288
001160317 88800
001160318 77744
001160319 76704
001160320 73856
001160321 108480
001160322 60032
001160323 62272
001160324 129904
001160325 92176
001160326 56608
001160327 70720
001160328 53792
001160329 101920
001160330 57616
001160332 84096
001160334 109824
001160335 85872
001160336 69872
001160337 43408
001160338 55376
001160339 97792
001160340 97952
001160341 91984
001160342 67552
001160343 76608
001160344 74736
001160345 76480
001160346 46288
001160347 65760
001160348 70368
001160349 81264
001160350 82448
001160351 70864
001160352 53216
001160353 45776
001160354 58176
001160355 90256
001160356 66816
001160357 69024
001160358 56912
001160359 82816
001160360 84464
001160361 73760
001160362 47760
001160363 91568
001160364 92880
001160365 53136
001160366 120048
001160367 89296
001160368 106832
001160369 43920
001160370 74144
001160371 49744
001160372 67616
001160373 74304
001160374 94928
001160375 55424
001160376 53344
001160377 40144
001160378 100288
001160379 51712
001160380 49696
001160381 78000
001160383 66208
001160384 52528
001160385 47728
001160386 59584
001160387 47776
001160388 96928
001160389 70976
001160390 65936
001160391 78784
001160392 99264
001160393 73632
001160394 61936
001160395 85712
001160396 62944
001160397 104640
001160398 75648
001160399 89424
001160400 59808
001161401 52368
001161402 63600
001161403 60208
001161404 75488
001161405 59872
001161406 50912
001161407 57456
001161408 65263
001161409 43760
001161410 48832
001161411 71792
001161412 69200
001161413 37360
001161414 77664
001161415 51488
001161416 73584
001161417 90896
001161418 59424
001161419 53360
001161420 43344
001161421 36416
001161422 44944
001161423 41872
001161424 49168
001161425 50784
001161426 49216
001161427 61600
001161428 45680
001161429 42608
001161430 58656
001161431 46160
001161432 63152
001161433 83680
001161434 55056
001161435 49856
001161436 47520
001161437 44960
001161438 57904
001161439 72752
001161440 37072
001161441 62784
001161442 67408
001161443 54656
001161444 72016
001161445 45728
001161446 68896
001161447 47104
001161448 47584
001161449 51344
001161450 55280
001161451 66720
001161452 69808
001161453 61568
001161454 41184
001161455 59136
001161456 67488
001161457 62032
001161458 92880
001161459 47024
001161460 56448
001161461 55312
001161462 46896
001161463 60944
001161464 56560
001161465 56320
001161466 59808
001161467 49056
001161469 53056
001161470 54256
001161471 46576
001161472 59056
001161473 40224
001161474 44592
001161475 60384
001161476 57968
001161477 59632
001161478 46688
001161479 56784
001161480 74384
001161481 62432
001161482 54816
001161483 47152
001161484 43248
001161485 50320
001161486 45824
001161487 62256
001161488 44496
001161489 72016
001161490 45600
001161491 45632
001161492 59088
001161493 42560
001161494 49584
001161495 45536
001161496 55504
001161497 42512
001161498 52688
001161499 65808
001161500 54896
001161501 77024
001161502 60960
001161503 75760
001161504 44832
001161505 40640
001161506 93280
001161507 86672
001161508 80256
001161509 41216
001161510 53600
001161511 57536
001161512 86640
001161513 68752
001161514 83088
001161515 106944
001161516 51264
001161518 86160
001161519 58240
001161520 56992
001161521 85328
001161522 42752
001161523 47536
001161524 58560
001161525 52752
001161526 88704
001161527 80960
001161528 65632
001161529 104000
001161530 68096
001161531 59824
001161532 78032
001161533 59248
001161534 48032
001161535 73840
001161536 53824
001161537 46016
001161538 39520
001161539 52480
001161540 96704
001161541 44192
001161542 46352
001161543 75840
001161544 42800
001161545 98912
001161546 59504
001161547 91744
001161548 94960
001161549 87392
001161550 101136
001161551 80176
001161552 68160
001161553 50448
001161554 52896
001161555 65504
001161556 100544
001161557 113376
001161558 89200
001161559 74064
001161560 57680
001161561 59568
001161562 108592
001161563 47520
001161565 48944
001161566 89776
001161567 63984
001161568 59712
001161569 101696
001161570 113536
001161571 104784
001161572 44864
001161573 52400
001161574 123088
001161575 70816
001161576 62736
001161577 71088
001161578 68656
001161579 102464
001161580 59408
001161581 76016
001161582 75136
001161583 50064
001161584 87248
001161585 50896
001161586 36656
001161587 91392
001161588 82336
001161589 100208
001161590 109216
001161591 45520
001161592 72992
001161593 69728
001161594 64703
001161595 68080
001161596 72256
001161597 50928
001161598 94864
001161599 76768
001161600 100576
001161601 76512
001161602 83872
001161604 107872
001161605 109936
001161606 126640
001161607 102352
001161608 63840
001161609 91184
001161610 84368
001161611 89344
001161612 45456
001161613 96960
001161614 60864
001161615 62304
001161617 107184
001161618 88832
001161619 66800
001161620 49232
001161621 50736
001161622 84000
001161623 47824
001161624 55248
001161625 85072
001161626 58160
001161627 81040
001161628 102912
001161629 74352
001161630 110624
001161631 96800
001161632 81232
001161633 102384
001161634 77072
001161635 93360
001161636 71904
001161637 62736
001161638 42224
001161639 62832
001161640 90256
001161641 68160
001161642 56992
001161643 72304
001161645 53360
001161646 57648
001161647 72320
001161648 49504
001161649 102000
001161650 91552
001161651 67168
001161652 73088
001161653 45360
001161654 97728
001161655 88752
001161656 69584
001161657 84272
001161658 81312
001161659 76112
001161660 87472
001161661 89216
001161662 41536
001161663 85408
001161664 84128
001161665 41040
001161666 98704
001161667 87200
001161668 55856
001161669 70432
001161670 75504
001161671 54048
001161672 72752
001161673 108416
001161674 93872
001161675 83216
001161676 82896
001161677 66464
001161678 50976
001161679 42640
001161680 43760
001161681 89088
001161682 75008
001161683 68080
001161684 54368
001161685 65007
001161686 49584
001161687 53456
001161688 69616
001161689 37536
001161690 93856
001161691 56864
001161692 94560
001161693 75024
001161694 95328
001161695 30800
001161696 57536
001161697 81424
001161698 85360
001161699 63840
001161700 40736
001161701 59920
001161702 75376
001161703 85664
001161704 58352
001161705 49920
001161706 68304
001161707 107280
001161708 66832
001161709 51040
001161710 49040
001161711 78224
001161712 47568
001161713 40112
001161714 48480
001161715 57152
001161716 53152
001161717 76096
001161718 76944
001161719 83216
001161720 73120
001161721 111696
001161722 57552
001161723 77072
001161724 81872
001161725 57200
001161726 61904
001161727 68560
001161728 52064
001161729 78672
001161730 70096
001161731 52432
001161732 36640
001161733 64256
001161734 65232
001161735 66208
001161736 58192
001161737 38816
001161738 38976
001161739 106512
001161740 75424
001161741 84784
001161742 42800
001161743 88432
001161744 62272
001161745 60432
001161746 50160
001161747 60688
001161748 79232
001161749 62880
001161750 75024
001161751 51664
001161752 89184
001161753 56208
001161754 53008
001161755 125872
001161756 92032
001161757 52320
001161758 53568
001161759 89200
001161760 60544
001161761 57952
001161762 59136
001161763 47568
001161764 80160
001161765 55136
001161766 54720
001161767 43040
001161768 70128
001161769 41584
001161770 45136
001161771 69984
001161772 73824
001161773 78080
001161774 71408
001161775 43584
001161776 93984
001161777 65952
001161778 80320
001161779 69520
001161780 43152
001161781 90160
001161782 44240
001161784 101088
001161785 86432
001161786 90368
001161787 91952
001161788 100160
001161789 71056
001161790 79296
001161791 101312
001161792 73312
001161793 66000
001161794 93840
001161795 91680
001161796 55104
001161797 95520
001161798 45232
001161799 98176
001161800 94656
001170001 64000
001170002 137328
001170003 87680
001170004 105600
001170005 129024
001170006 80960
001170007 103520
001170008 93280
001170009 74592
001170010 93968
001170011 71920
001170012 133328
001170014 128160
001170016 140960
001170017 77120
001170018 87040
001170019 145120
001170020 80816
001170021 49600
001170022 60160
001170023 62960
001170024 55200
001170025 88160
001170026 58880
001170027 57568
001170029 56800
001170030 55040
001170031 57120
001170032 59616
001170033 72256
001170034 91520
001170036 54432
001170037 69760
001170038 51360
001170039 55520
001170040 59360
001170041 27040
001170042 34400
001170043 55040
001170044 41632
001170045 44576
001170046 39952
001170047 44608
001170048 67520
001170049 45600
001170050 48256
001170052 68320
001170053 35360
001170054 34080
001170055 52576
001170056 59648
001170057 66240
001170058 57440
001170059 48640
001170060 56480
001170061 59952
001170062 58208
001170063 70128
001170064 48320
001170065 54720
001170066 44672
001170067 45120
001170068 64160
001170069 57120
001170070 46560
001170071 45920
001170072 55216
001170073 60000
001170074 67520
001170075 48048
001170076 79840
001170077 54560
001170078 77600
001170079 61152
001170080 39680
001170081 52960
001170082 67360
001170083 51200
001170084 53440
001170085 57120
001170086 57120
001170087 62720
001170088 62240
001170089 88000
001170090 71200
001170091 66080
001170092 103520
001170093 80480
001170094 56160
001170095 57760
001170096 55360
001170097 53920
001170098 76640
001170099 55200
001170100 71040
001170101 86880
001170102 47216
001170103 110560
001170104 78880
001170105 88000
001170106 69760
001170107 131200
001170108 105440
001170109 85280
001170110 78864
001170111 78880
001170112 53600
001170113 115200
001170114 87840
001170115 86400
001170116 96640
001170117 84320
001170118 63680
001170119 63680
001170120 116864
001170121 56160
001170122 47040
001170123 50512
001170124 102400
001170125 40000
001170126 46240
001170127 50720
001170128 52320
001170129 86880
001170130 52320
001170131 100960
001170132 64959
001170133 98880
001170134 54240
001170135 86720
001170136 84960
001170137 69760
001170138 107680
001170139 104800
001170140 124960
001170141 84800
001170142 68640
001170143 32479
001170144 75680
001170145 65920
001170146 136800
001170147 53280
001170148 85280
001170149 65920
001170150 57280
001170151 101280
001170152 61600
001170153 120640
001170154 57920
001170155 82080
001170156 94880
001170157 54288
001170158 78240
001170159 99040
001170160 74880
001170161 116320
001170162 68704
001170163 95840
001170164 61120
001170165 66400
001170166 73600
001170167 53280
001170168 99680
001170169 58240
001170170 51200
001170171 57280
001170172 75040
001170173 57600
001170174 84960
001170175 46880
001170176 129440
001170177 96960
001170178 111104
001170179 86400
001170180 105920
001170181 109920
001170182 98560
001170183 70080
001170184 74080
001170185 48976
001170186 66400
001170187 63488
001170188 74080
001170189 39840
001170190 64480
001170191 103040
001170192 72640
001170193 70400
001170194 66688
001170195 105440
001170196 42080
001170197 45856
001170198 85280
001170199 51680
001170200 61760
001170201 143520
001170202 62720
001170203 114608
001170204 62560
001170205 49088
001170206 94880
001170207 88160
001170208 120320
001170209 63360
001170210 57120
001170211 98400
001170212 61280
001170213 124160
001170214 59840
001170215 115040
001170216 81600
001170217 56160
001170218 145120
001170219 46720
001170220 46400
001170221 85120
001170222 79040
001170223 115040
001170224 61568
001170225 71840
001170226 69920
001170227 84640
001170228 60320
001170229 92160
001170230 63040
001170231 99680
001170232 46720
001170233 51040
001170234 80480
001170235 111824
001170236 100960
001170237 75520
001170238 96960
001170239 99520
001170240 102240
001170241 40640
001170242 52960
001170243 69440
001170244 88480
001170245 72320
001170246 52000
001170247 73760
001170248 66880
001170249 89280
001170250 159840
001170251 65280
001170252 50368
001170253 60208
001170254 115840
001170255 88960
001170256 43728
001170257 108480
001170258 144000
001170259 117120
001170260 39648
001170261 61280
001170262 122720
001170263 45440
001170264 159360
001170265 88960
001170266 41376
001170267 63680
001170268 79520
001170269 64944
001170270 91040
001170271 136160
001170272 127200
001170273 103360
001170274 48848
001170275 60816
001170276 99520
001170277 68640
001170278 80160
001170279 87488
001170280 122720
001170281 78880
001170282 76480
001170283 49184
001170284 51520
001170285 72000
001170286 63360
001170287 116896
001170288 72480
001170289 79520
001170290 114720
001170291 85040
001170292 68032
001170293 92960
001170294 63200
001170295 83200
001170296 46064
001170297 47648
001170298 94080
001170299 54240
001170300 104320
001170301 55840
001170302 51664
001170303 99360
001170304 114400
001170305 58880
001170306 48032
001170307 115840
001170308 59088
001170309 108320
001170310 62080
001170311 56640
001170312 78720
001170313 65920
001170314 51904
001170315 54240
001170316 37920
001170317 81440
001170318 67040
001170319 59840
001170320 129600
001170321 106880
001170322 132480
001170323 137440
001170324 61120
001170325 67360
001170326 81280
001170327 64160
001170328 84480
001170329 70080
001170330 83840
001170331 70400
001170332 59200
001170333 51520
001170334 64800
001170335 64480
001170336 111200
001170337 71040
001170338 85280
001170339 104640
001170340 60800
001170341 50080
001170342 98560
001170343 50240
001170344 121600
001170345 71200
001170346 109440
001170347 123840
001170348 68960
001170349 50240
001170350 117920
001170351 52928
001170353 96000
001170354 48800
001170355 81280
001170356 63520
001170357 55520
001170358 97776
001170359 60448
001170360 44960
001170361 89552
001170362 132160
001170363 61008
001170364 98720
001170365 96960
001170366 57408
001170367 44320
001170368 62144
001170369 90688
001170370 124480
001170371 78400
001170372 89472
001170373 97280
001170374 110720
001170375 83200
001170376 47680
001170377 84160
001170378 61120
001170379 54240
001170380 79200
001170381 91664
001170382 51088
001170383 58400
001170385 51040
001170386 63840
001170388 107200
001170389 120640
001170390 91200
001170391 54240
001170392 84960
001170393 56000
001170394 76640
001170395 80960
001170396 80640
001170397 56160
001170398 82880
001170399 100640
001170400 96160
001171401 63680
001171402 73968
001171403 65744
001171404 79680
001171405 62720
001171406 58192
001171407 59680
001171408 71680
001171409 58736
001171410 54960
001171411 72800
001171412 77760
001171413 39680
001171414 84800
001171415 63200
001171416 73600
001171417 82400
001171418 61600
001171419 59808
001171420 47904
001171422 49600
001171423 44928
001171424 54400
001171425 53760
001171426 55040
001171428 45280
001171429 43040
001171430 59040
001171431 38272
001171432 80160
001171433 79840
001171434 54560
001171435 52640
001171436 64016
001171437 49936
001171438 50560
001171439 77920
001171440 36640
001171441 58240
001171442 57008
001171443 68480
001171444 80160
001171445 51376
001171446 69760
001171447 56800
001171448 59200
001171449 53760
001171450 62720
001171451 73824
001171452 70560
001171453 72000
001171454 38144
001171455 82192
001171456 69600
001171457 67024
001171458 79040
001171459 42400
001171460 53120
001171461 63168
001171462 42400
001171463 69760
001171464 62560
001171465 49936
001171466 62720
001171467 51520
001171469 68640
001171470 61600
001171471 49600
001171472 64879
001171473 43520
001171474 44160
001171475 60480
001171476 51840
001171477 61600
001171478 47840
001171479 53920
001171480 92800
001171481 60128
001171482 58720
001171483 52672
001171484 51520
001171485 55360
001171487 66240
001171488 54208
001171489 97280
001171490 46720
001171491 46720
001171492 55488
001171493 43712
001171494 50400
001171495 49280
001171496 60960
001171497 50224
001171498 59856
001171499 53600
001171500 56640
001171501 72320
001171502 100800
001171503 95040
001171504 74240
001171505 127840
001171506 49088
001171507 69760
001171508 50720
001171509 108320
001171510 159360
001171511 65920
001171512 110240
001171513 85440
001171514 94240
001171515 78240
001171516 36160
001171517 141120
001171518 74080
001171519 132000
001171520 87040
001171521 108800
001171522 39184
001171523 49120
001171524 136800
001171525 130880
001171526 72960
001171527 50720
001171528 130080
001171529 48000
001171530 104640
001171531 52000
001171532 78592
001171533 43840
001171534 76960
001171535 81280
001171536 56480
001171537 62880
001171538 60960
001171539 85120
001171540 57440
001171541 61600
001171542 101760
001171543 64319
001171544 92320
001171545 69120
001171546 74240
001171547 105920
001171548 52480
001171549 48160
001171550 113600
001171551 56480
001171552 92896
001171553 115232
001171554 117920
001171555 127040
001171556 69920
001171557 105760
001171558 67680
001171559 102640
001171560 85440
001171561 113440
001171562 49600
001171563 70080
001171564 113600
001171565 36768
001171566 34560
001171567 77600
001171568 36800
001171569 116000
001171570 100160
001171571 56480
001171573 58560
001171574 71040
001171575 103200
001171576 112000
001171577 64480
001171578 46880
001171579 50880
001171580 85760
001171581 96000
001171582 59840
001171583 75520
001171584 88320
001171585 112000
001171586 69600
001171587 43040
001171588 44096
001171589 71840
001171590 92000
001171591 104960
001171593 93440
001171594 130560
001171595 68640
001171596 120320
001171597 84640
001171598 48960
001171599 57600
001171600 102080
001171601 141760
001171602 100960
001171603 78464
001171604 50240
001171605 104800
001171606 113280
001171607 99584
001171608 102400
001171609 41456
001171610 60800
001171611 69440
001171612 113280
001171613 115360
001171614 72800
001171615 88352
001171616 40608
001171617 135840
001171618 38240
001171619 75200
001171620 125440
001171621 37760
001171623 62560
001171624 111360
001171625 67200
001171626 80640
001171627 71040
001171628 64480
001171629 80000
001171630 31840
001171631 71520
001171632 103520
001171633 135072
001171634 127360
001171635 45616
001171636 70880
001171637 51040
001171638 104800
001171639 46560
001171640 78080
001171641 112320
001171642 112880
001171643 105440
001171644 77280
001171645 55872
001171646 67680
001171647 50080
001171648 81904
001171649 82560
001171650 96640
001171651 92160
001171653 60480
001171654 50304
001171655 51520
001171656 118384
001171657 86560
001171658 105280
001171659 63200
001171660 96000
001171661 82880
001171662 57600
001171663 70848
001171664 106560
001171665 60832
001171667 72320
001171668 141760
001171669 92160
001171670 67840
001171671 57120
001171672 66880
001171673 101760
001171674 44048
001171675 136976
001171676 94080
001171677 75392
001171678 90400
001171680 98720
001171681 128800
001171682 35520
001171683 42080
001171684 111680
001171685 37920
001171686 72160
001171687 85920
001171688 59680
001171689 64191
001171690 114400
001171691 77440
001171692 92480
001171693 140320
001171694 105920
001171695 70720
001171697 32159
001171698 85984
001171699 98656
001171700 57120
001171701 104800
001171702 60640
001171703 85760
001171704 116480
001171705 112320
001171706 61600
001171707 59040
001171708 56960
001171709 87680
001171710 92160
001171711 45280
001171712 75040
001171713 120640
001171714 45600
001171715 96640
001171716 38720
001171717 136544
001171719 53136
001171720 125280
001171721 57760
001171722 54080
001171723 93392
001171724 52800
001171725 111040
001171726 92640
001171727 84960
001171728 52000
001171729 57440
001171730 54768
001171731 68000
001171732 86080
001171733 102720
001171735 154400
001171736 100160
001171737 95056
001171738 46400
001171739 64959
001171740 67200
001171741 62560
001171742 119200
001171743 67840
001171744 35616
001171745 49280
001171746 75840
001171747 86080
001171748 57280
001171749 117760
001171750 74720
001171751 81120
001171752 85440
001171753 86240
001171754 94080
001171755 97120
001171756 96960
001171757 60800
001171758 85920
001171759 95680
001171760 118400
001171761 100640
001171762 61280
001171763 47040
001171764 98720
001171765 51680
001171766 99520
001171767 69920
001171768 35120
001171769 95152
001171770 78080
001171771 90880
001171772 34080
001171773 81440
001171774 98240
001171775 120480
001171776 89120
001171777 110240
001171778 52960
001171779 51680
001171780 58560
001171781 98400
001171782 76480
001171783 86560
001171784 93440
001171785 57760
001171786 58880
001171787 98080
001171788 75680
001171789 50464
001171790 75200
001171791 60480
001171792 56672
001171793 57632
001171794 89600
001171795 85504
001171796 35200
001171797 37440
001171798 55360
001171799 92000
001171800 104160
001180001 63360
001180002 161280
001180003 92480
001180004 116000
001180005 151840
001180006 96480
001180007 111360
001180008 109600
001180009 101440
001180010 135840
001180011 98560
001180012 175360
001180013 130080
001180014 172320
001180015 133760
001180016 185600
001180017 93920
001180018 120704
001180019 155520
001180020 109920
001180021 56640
001180022 76960
001180023 78912
001180024 82240
001180025 103360
001180026 57600
001180027 63680
001180028 53872
001180029 84768
001180030 88320
001180032 88800
001180033 114080
001180034 147680
001180036 88224
001180037 80640
001180038 53440
001180039 61280
001180040 71360
001180041 32000
001180042 38400
001180043 60000
001180044 52000
001180045 49920
001180046 44640
001180047 44800
001180048 89920
001180049 50560
001180050 65760
001180052 76480
001180053 46080
001180054 40000
001180055 55402
001180057 68480
001180058 66080
001180059 59200
001180060 64160
001180061 55840
001180062 60320
001180063 78880
001180064 74240
001180065 62720
001180066 58880
001180067 53760
001180068 82880
001180069 78560
001180070 68160
001180071 60480
001180072 68800
001180073 73440
001180074 100960
001180075 61600
001180076 104096
001180077 56640
001180078 97600
001180079 67616
001180080 53568
001180081 58880
001180082 104160
001180083 65440
001180084 72640
001180085 67504
001180086 72480
001180087 87360
001180088 67024
001180089 122240
001180090 85920
001180091 96096
001180092 124640
001180093 88480
001180094 77120
001180096 74560
001180098 93600
001180099 80960
001180100 81760
001180101 122720
001180102 173760
001180103 169440
001180105 158400
001180107 88704
001180108 110880
001180109 88480
001180110 202240
001180111 90560
001180112 122720
001180113 76320
001180114 85120
001180115 62912
001180116 91680
001180118 43760
001180119 88800
001180120 76064
001180121 140800
001180122 85280
001180123 115360
001180124 61760
001180125 76480
001180126 106128
001180127 160320
001180128 80160
001180129 128000
001180131 60000
001180132 125600
001180133 114720
001180134 72048
001180135 115200
001180136 52224
001180137 113600
001180138 68640
001180140 155904
001180141 98560
001180142 98592
001180143 72320
001180144 96532
001180145 95520
001180146 106400
001180147 130080
001180148 113920
001180149 126608
001180150 110997
001180151 109760
001180153 166560
001180154 90880
001180155 67680
001180156 71840
001180157 83568
001180158 142400
001180159 146560
001180160 70192
001180161 123360
001180162 77760
001180163 52756
001180164 155328
001180165 72160
001180166 94560
001180167 171360
001180168 117664
001180169 96320
001180170 121440
001180171 131840
001180172 116320
001180173 130592
001180174 70400
001180175 110773
001180176 82240
001180177 75840
001180178 77920
001180179 126080
001180180 107200
001180181 178240
001180182 67840
001180183 125280
001180184 77760
001180186 36336
001180187 58400
001180188 141152
001180189 66544
001180190 110080
001180191 130677
001180192 118080
001180193 80960
001180194 108384
001180195 64224
001180196 97600
001180197 81920
001180198 117120
001180199 101280
001180200 106240
001180201 100656
001180202 129520
001180204 127520
001180205 128320
001180206 90208
001180207 102576
001180208 54048
001180209 69120
001180210 81792
001180212 63600
001180213 86080
001180214 119360
001180215 50720
001180217 99200
001180218 76448
001180219 46080
001180220 70720
001180221 170880
001180223 99360
001180224 66240
001180225 131360
001180226 88768
001180227 78400
001180229 128820
001180230 57920
001180231 109440
001180232 97760
001180233 63882
001180234 121920
001180235 87637
001180237 75840
001180238 127252
001180239 105920
001180240 100336
001180241 86240
001180242 111360
001180243 98240
001180244 129759
001180245 101440
001180246 71840
001180247 97664
001180248 148608
001180249 72320
001180250 67189
001180251 56000
001180252 60160
001180253 85376
001180254 71696
001180255 79552
001180256 68640
001180257 61920
001180258 57280
001180259 92160
001180260 116960
001180261 61600
001180263 87840
001180264 69776
001180265 158240
001180266 112800
001180268 130080
001180269 45392
001180270 212160
001180271 100960
001180272 112480
001180273 116064
001180274 115840
001180275 96320
001180276 73440
001180277 99520
001180278 151200
001180279 68757
001180280 132480
001180281 172640
001180282 51536
001180283 139040
001180284 84480
001180285 100971
001180286 152480
001180288 47840
001180289 74240
001180290 87360
001180291 155520
001180292 78240
001180295 123691
001180296 93920
001180297 100160
001180298 155115
001180299 87200
001180300 115840
001180301 79440
001180302 96000
001180303 63040
001180304 120000
001180305 66240
001180306 88640
001180307 92608
001180309 146240
001180310 46240
001180311 93760
001180312 101440
001180313 57120
001180314 149280
001180315 128383
001180316 86720
001180317 89120
001180318 94464
001180319 115360
001180320 65600
001180321 123808
001180322 74080
001180323 80320
001180324 71444
001180325 72320
001180326 128160
001180328 43040
001180329 103520
001180330 114864
001180331 99680
001180332 115520
001180333 68000
001180334 109440
001180335 85920
001180336 71040
001180337 84480
001180338 103680
001180339 59840
001180340 68160
001180341 41760
001180342 117440
001180343 79024
001180344 128427
001180345 108640
001180346 128960
001180347 102000
001180348 76960
001180349 64768
001180350 57920
001180351 99120
001180353 73440
001180354 142416
001180355 147220
001180356 110880
001180357 96848
001180358 68480
001180359 74000
001180360 129728
001180361 69440
001180363 76400
001180364 71840
001180365 101664
001180366 60160
001180367 80800
001180368 65760
001180369 88640
001180370 112000
001180372 97600
001180373 76928
001180374 78400
001180375 112000
001180376 175040
001180377 100032
001180378 72640
001180379 108480
001180380 115360
001180381 67696
001180382 69984
001180383 97120
001180384 147552
001180385 70704
001180386 121440
001180387 140160
001180388 80640
001180389 96000
001180390 128479
001180391 120800
001180392 154240
001180393 119200
001180394 90800
001180395 128256
001180396 166560
001180397 101120
001180399 57120
001180400 100960
001181401 66400
001181402 76640
001181403 69600
001181404 86080
001181405 73440
001181406 66400
001181407 72320
001181408 80000
001181409 53280
001181410 76272
001181411 99648
001181412 86880
001181413 44800
001181414 85600
001181415 62080
001181416 72784
001181417 111520
001181418 73824
001181419 65920
001181421 49616
001181422 56320
001181423 55312
001181424 78144
001181425 68800
001181426 91680
001181427 82160
001181428 59360
001181429 73760
001181430 83360
001181431 50976
001181432 91200
001181433 115520
001181434 77920
001181435 65440
001181436 88032
001181437 65579
001181438 70720
001181439 89280
001181440 39840
001181441 68640
001181442 84960
001181443 88800
001181444 85440
001181445 70560
001181446 80880
001181447 58880
001181448 57440
001181449 63680
001181450 64959
001181451 81120
001181452 84800
001181453 68960
001181454 45440
001181455 83840
001181456 88320
001181457 69600
001181458 107680
001181459 51520
001181460 69280
001181461 91648
001181463 82880
001181464 92000
001181465 65120
001181466 64000
001181467 75200
001181468 63680
001181470 74240
001181471 57600
001181473 47680
001181474 55840
001181475 73280
001181476 77600
001181477 79680
001181478 55040
001181479 67040
001181480 103840
001181481 74336
001181482 70560
001181483 60800
001181485 64256
001181487 72960
001181488 52720
001181489 103520
001181490 57280
001181491 54880
001181492 69920
001181493 51360
001181494 66400
001181495 62912
001181496 67040
001181497 64480
001181498 66560
001181499 69248
001181500 78720
001181501 119840
001181502 123360
001181503 111216
001181504 220000
001181505 83200
001181506 122400
001181508 91840
001181509 47152
001181510 55040
001181511 188160
001181512 148160
001181513 159152
001181514 92944
001181515 92880
001181516 114992
001181517 136320
001181518 71520
001181519 102816
001181520 43946
001181521 64714
001181522 74400
001181523 85600
001181524 47072
001181525 129600
001181526 78560
001181527 51680
001181528 85440
001181529 137776
001181530 51456
001181531 63392
001181532 50560
001181533 74768
001181534 69344
001181535 68320
001181536 88592
001181537 105920
001181538 119040
001181539 46400
001181540 58400
001181541 63136
001181542 112160
001181543 62256
001181544 97760
001181545 76480
001181546 124640
001181547 123968
001181548 98240
001181549 89120
001181551 71680
001181552 64000
001181553 136800
001181554 124640
001181555 69760
001181556 79680
001181557 63520
001181558 86154
001181560 90240
001181561 109376
001181562 92480
001181563 140304
001181564 79024
001181565 89600
001181566 71840
001181567 85600
001181568 106720
001181569 110720
001181570 74496
001181571 61120
001181572 83200
001181573 95408
001181574 95520
001181575 136800
001181576 81440
001181577 55360
001181578 58240
001181579 95360
001181580 88320
001181581 79840
001181582 148000
001181583 82080
001181584 52320
001181585 84000
001181586 129440
001181587 54080
001181588 72800
001181589 104464
001181590 76320
001181591 53280
001181592 60800
001181593 65280
001181594 88000
001181595 93760
001181596 115200
001181597 80000
001181598 93120
001181599 112960
001181600 78832
001181601 186400
001181602 108800
001181603 143680
001181604 105600
001181605 113440
001181606 110720
001181607 96640
001181608 116320
001181609 79680
001181610 64160
001181611 85440
001181612 88960
001181613 124000
001181614 79200
001181615 93264
001181617 95200
001181618 63360
001181619 103840
001181620 56480
001181621 155200
001181622 125760
001181623 68160
001181624 98240
001181625 124640
001181626 112480
001181627 90560
001181628 150400
001181629 119360
001181630 70240
001181631 49760
001181632 105600
001181633 63360
001181634 55840
001181635 49120
001181636 66400
001181637 118560
001181638 72640
001181639 64944
001181640 89440
001181642 79040
001181643 57600
001181644 68320
001181645 82080
001181646 79856
001181647 104320
001181648 91680
001181649 85584
001181650 99200
001181651 132800
001181652 58880
001181653 99680
001181654 115168
001181655 98448
001181656 104640
001181657 108960
001181659 100480
001181660 64319
001181661 78240
001181662 74240
001181663 79520
001181664 106080
001181665 52480
001181666 65440
001181667 72320
001181668 90400
001181669 136800
001181670 112560
001181671 128960
001181672 164576
001181673 66880
001181674 53280
001181675 141280
001181676 59360
001181677 48160
001181678 61280
001181680 86720
001181681 112960
001181682 91200
001181683 41760
001181684 72480
001181685 125920
001181686 51680
001181687 119360
001181688 91520
001181689 112960
001181690 73760
001181691 98880
001181692 173440
001181693 73232
001181694 95840
001181695 50080
001181696 152480
001181697 110560
001181698 129759
001181699 62080
001181700 73440
001181701 56000
001181702 66080
001181703 49120
001181704 70400
001181705 69120
001181706 118400
001181707 99840
001181708 97280
001181709 159136
001181710 85120
001181711 141440
001181712 75232
001181713 104640
001181714 52320
001181715 74720
001181716 76800
001181717 107952
001181718 99680
001181719 52960
001181720 112320
001181721 46560
001181722 74240
001181723 58080
001181724 64160
001181725 78880
001181726 53920
001181727 122080
001181728 122240
001181729 52160
001181730 98432
001181731 73440
001181732 71883
001181733 84640
001181734 97120
001181735 123040
001181736 62080
001181737 116021
001181738 105120
001181739 87200
001181740 48000
001181741 64544
001181742 111360
001181743 164640
001181744 48320
001181745 107040
001181746 142400
001181747 76651
001181748 56800
001181749 99520
001181751 89440
001181752 105920
001181753 153280
001181754 123680
001181755 59872
001181756 40640
001181757 65600
001181758 45920
001181759 112000
001181760 147520
001181761 127200
001181762 110560
001181763 75680
001181764 102240
001181765 123360
001181766 101264
001181767 136320
001181768 61300
001181769 140160
001181770 61760
001181771 45024
001181772 101440
001181773 107664
001181774 45440
001181775 72394
001181776 64480
001181777 134400
001181779 71200
001181780 57408
001181781 108800
001181782 86560
001181783 139360
001181784 93120
001181785 101280
001181786 95200
001181787 94880
001181788 45760
001181789 66720
001181790 108000
001181791 70240
001181792 99792
001181793 64319
001181794 133600
001181795 135520
001181796 183040
001181797 44960
001181798 103840
001181799 125440
001181800 81440
001190001 68544
001190002 187680
001190003 117968
001190004 119200
001190005 167360
001190006 90512
001190007 110240
001190008 99840
001190009 92480
001190010 132000
001190011 95040
001190012 143520
001190013 99200
001190014 156960
001190015 126240
001190016 178400
001190017 99040
001190018 123520
001190019 133472
001190020 81456
001190021 49760
001190023 76000
001190024 65120
001190025 106880
001190026 64480
001190027 59360
001190028 56960
001190029 69600
001190031 76000
001190032 77600
001190033 82720
001190034 107360
001190036 64319
001190037 94080
001190038 62864
001190039 64000
001190040 68960
001190041 34560
001190042 41280
001190043 75040
001190044 54080
001190045 48960
001190046 51520
001190047 49280
001190048 91200
001190049 66080
001190050 67200
001190052 89440
001190053 46880
001190054 42400
001190057 85120
001190058 73440
001190059 61760
001190060 69120
001190061 72320
001190062 62080
001190063 90080
001190064 68640
001190065 68000
001190067 61600
001190068 80800
001190069 63520
001190070 62080
001190071 52800
001190072 75520
001190073 70080
001190074 77120
001190075 62400
001190076 96160
001190077 60000
001190078 89600
001190079 72000
001190080 47680
001190082 100160
001190083 62080
001190084 76000
001190085 64160
001190086 70720
001190087 77760
001190088 77280
001190089 105760
001190090 88320
001190091 79040
001190092 113120
001190093 78240
001190094 63360
001190095 75520
001190096 70240
001190097 68960
001190098 97760
001190099 67520
001190100 75520
001190101 130080
001190102 56160
001190103 108480
001190104 46880
001190105 77440
001190106 138240
001190107 57120
001190108 60160
001190109 65760
001190110 78080
001190111 72960
001190112 87200
001190114 92640
001190115 77920
001190118 112640
001190119 88000
001190120 164320
001190121 59200
001190122 129280
001190123 68160
001190126 116800
001190127 85920
001190128 110240
001190129 123680
001190130 120160
001190133 109280
001190134 134240
001190135 63200
001190136 122560
001190137 54560
001190138 113440
001190139 78720
001190142 64160
001190144 91520
001190147 87200
001190148 135680
001190149 82080
001190150 81440
001190151 104800
001190152 123200
001190153 99360
001190154 113600
001190155 41760
001190156 69120
001190157 111520
001190158 63360
001190159 114880
001190160 107520
001190162 109120
001190163 79520
001190164 80480
001190165 105280
001190166 76640
001190167 112480
001190169 97760
001190170 70400
001190171 80160
001190172 99040
001190173 83360
001190174 92160
001190176 58080
001190177 99200
001190178 65920
001190179 85600
001190181 59040
001190182 158240
001190183 112160
001190184 78560
001190185 44640
001190186 104480
001190187 70240
001190188 59520
001190190 117120
001190191 71360
001190192 85920
001190193 124480
001190194 137760
001190195 68960
001190196 96960
001190198 103040
001190199 91360
001190200 88960
001190201 93440
001190202 102240
001190203 105600
001190205 116320
001190206 110720
001190207 86720
001190208 73760
001190209 142560
001190210 61600
001190211 105760
001190212 130880
001190213 46240
001190214 82698
001190217 127840
001190218 112320
001190220 99040
001190221 96053
001190222 58608
001190223 90240
001190224 122080
001190225 46880
001190226 91040
001190227 75520
001190228 114080
001190229 81760
001190230 60960
001190231 112320
001190232 120000
001190233 67040
001190235 107200
001190237 116960
001190238 44160
001190239 67520
001190240 97920
001190241 110240
001190242 107520
001190243 120480
001190244 125600
001190245 147200
001190246 78080
001190247 123200
001190248 117600
001190249 49440
001190250 93280
001190251 97920
001190252 97920
001190253 98400
001190254 75840
001190255 72480
001190256 76640
001190257 87360
001190258 59840
001190260 78720
001190261 133600
001190262 95040
001190263 69760
001190264 89600
001190265 142720
001190266 63824
001190267 99360
001190268 70720
001190269 115520
001190270 44640
001190271 89600
001190272 95840
001190273 53440
