001101743 8
001101744 18
001101745 23
001101746 18
001101747 24
001101748 12
001101749 7
001101750 21
001101751 33
001101752 25
001101753 12
001101754 19
001101755 10
001101756 13
001101758 24
001101759 31
001101760 28
001101761 10
001101762 10
001101763 20
001101764 19
001101765 18
001101766 11
001101767 21
001101768 32
001101769 27
001101770 13
001101771 22
001101772 30
001101773 18
001101774 14
001101775 24
001101776 41
001101777 16
001101778 34
001101779 24
001101780 24
001101781 6
001101782 15
001101783 10
001101784 10
001101785 5
001101786 16
001101787 23
001101788 23
001101789 12
001101790 14
001101791 5
001101793 21
001101794 25
001101795 18
001101796 32
001101797 7
001101798 22
001101799 25
001101800 16
001110002 41
001110003 16
001110004 33
001110005 35
001110006 20
001110007 30
001110008 24
001110009 14
001110010 27
001110011 20
001110012 34
001110013 20
001110014 37
001110015 27
001110016 46
001110017 18
001110018 25
001110019 42
001110020 23
001110021 7
001110022 11
001110024 12
001110025 20
001110026 8
001110027 12
001110028 8
001110029 11
001110030 14
001110031 15
001110032 19
001110033 20
001110034 20
001110035 7
001110036 8
001110037 17
001110038 10
001110039 11
001110040 14
001110041 4
001110042 4
001110044 10
001110045 6
001110046 9
001110048 15
001110049 7
001110050 14
001110052 17
001110053 8
001110055 12
001110056 13
001110057 16
001110058 14
001110059 9
001110061 17
001110062 11
001110063 20
001110064 16
001110065 18
001110067 11
001110068 13
001110069 20
001110070 19
001110071 14
001110072 12
001110073 15
001110074 14
001110075 13
001110076 18
001110077 7
001110078 20
001110079 14
001110080 10
001110081 13
001110082 17
001110083 13
001110084 12
001110085 11
001110086 14
001110087 15
001110088 15
001110089 21
001110090 22
001110091 15
001110092 35
001110093 16
001110094 13
001110095 15
001110096 14
001110097 13
001110098 19
001110099 17
001110100 17
001110101 19
001110102 26
001110103 28
001110104 14
001110105 15
001110106 15
001110107 28
001110108 24
001110109 27
001110110 23
001110111 20
001110112 14
001110113 19
001110114 7
001110115 14
001110116 19
001110117 33
001110118 7
001110119 10
001110120 22
001110121 7
001110122 20
001110123 17
001110124 23
001110125 24
001110126 16
001110127 9
001110128 22
001110129 24
001110130 20
001110131 9
001110132 26
001110133 20
001110134 10
001110135 27
001110136 18
001110137 14
001110138 7
001110139 21
001110141 23
001110142 6
001110143 33
001110145 10
001110146 22
001110147 12
001110148 21
001110149 28
001110150 16
001110151 31
001110153 28
001110154 12
001110155 22
001110156 6
001110158 16
001110159 15
001110160 24
001110162 19
001110163 25
001110164 18
001110165 13
001110167 11
001110168 22
001110169 16
001110170 24
001110171 9
001110172 10
001110173 17
001110174 8
001110175 17
001110176 6
001110177 6
001110178 13
001110179 24
001110180 13
001110181 14
001110182 13
001110183 15
001110184 12
001110185 31
001110186 10
001110187 21
001110188 17
001110189 19
001110190 8
001110191 27
001110192 30
001110193 20
001110194 21
001110195 26
001110196 31
001110197 18
001110198 20
001110199 12
001110200 19
001110201 19
001110202 26
001110203 16
001110205 8
001110206 20
001110207 10
001110208 16
001110209 12
001110210 14
001110211 14
001110212 17
001110213 28
001110215 26
001110216 27
001110217 15
001110218 27
001110219 26
001110220 21
001110221 6
001110222 11
001110223 31
001110224 15
001110226 19
001110228 10
001110229 38
001110230 11
001110231 14
001110233 29
001110234 5
001110235 15
001110236 34
001110237 17
001110238 15
001110239 14
001110240 11
001110241 20
001110242 31
001110243 11
001110244 28
001110245 36
001110246 10
001110247 7
001110248 11
001110249 11
001110250 27
001110251 8
001110252 28
001110253 26
001110254 33
001110255 17
001110257 9
001110258 14
001110259 6
001110260 13
001110263 24
001110264 24
001110265 18
001110266 34
001110267 13
001110269 23
001110270 26
001110271 11
001110272 13
001110273 21
001110274 10
001110275 34
001110276 15
001110277 19
001110278 22
001110279 15
001110280 27
001110281 10
001110282 15
001110283 10
001110284 23
001110285 35
001110286 28
001110287 13
001110288 27
001110289 16
001110290 7
001110291 24
001110292 8
001110293 14
001110294 9
001110295 15
001110296 37
001110297 15
001110298 14
001110299 24
001110300 6
001110301 13
001110302 11
001110304 17
001110305 19
001110306 11
001110307 9
001110308 33
001110309 26
001110310 17
001110311 22
001110312 16
001110313 34
001110314 14
001110315 24
001110316 26
001110317 18
001110318 15
001110319 16
001110320 6
001110321 7
001110322 9
001110324 7
001110325 18
001110327 19
001110328 8
001110329 12
001110330 14
001110331 19
001110332 32
001110333 9
001110334 22
001110335 30
001110336 11
001110337 17
001110338 19
001110339 26
001110340 25
001110341 18
001110342 30
001110343 31
001110344 17
001110345 24
001110346 12
001110347 19
001110348 28
001110349 5
001110350 12
001110351 50
001110353 28
001110354 35
001110355 22
001110356 35
001110357 19
001110358 28
001110359 15
001110360 26
001110361 16
001110362 9
001110364 17
001110365 26
001110367 29
001110368 6
001110369 24
001110370 7
001110372 13
001110374 14
001110375 27
001110376 9
001110377 26
001110378 16
001110379 8
001110380 32
001110382 20
001110383 14
001110384 9
001110385 8
001110386 19
001110387 14
001110388 10
001110389 9
001110390 16
001110391 24
001110392 27
001110393 15
001110394 22
001110395 33
001110396 10
001110398 28
001111401 12
001111402 18
001111403 13
001111404 21
001111406 15
001111407 17
001111408 16
001111410 18
001111411 19
001111412 21
001111413 6
001111414 19
001111415 11
001111416 13
001111417 27
001111418 12
001111419 16
001111420 14
001111422 13
001111423 10
001111424 15
001111425 10
001111427 22
001111428 10
001111429 15
001111430 17
001111431 14
001111432 20
001111433 19
001111434 14
001111435 10
001111436 12
001111438 16
001111439 19
001111440 8
001111441 17
001111443 23
001111444 19
001111445 15
001111446 21
001111447 11
001111448 16
001111449 12
001111450 16
001111451 21
001111452 25
001111453 15
001111454 6
001111456 20
001111457 13
001111458 23
001111459 15
001111460 15
001111461 16
001111463 21
001111464 18
001111465 13
001111466 19
001111467 9
001111468 15
001111470 18
001111471 14
001111473 12
001111474 8
001111475 20
001111476 13
001111477 13
001111478 14
001111479 17
001111480 33
001111481 12
001111482 14
001111483 17
001111485 10
001111487 18
001111488 15
001111489 25
001111490 13
001111491 15
001111492 16
001111493 11
001111494 13
001111495 12
001111496 21
001111497 15
001111498 15
001111499 14
001111500 18
001111501 16
001111502 20
001111503 14
001111504 12
001111505 43
001111506 23
001111507 11
001111510 26
001111511 14
001111512 7
001111513 22
001111514 18
001111515 13
001111516 23
001111518 37
001111519 23
001111520 27
001111521 29
001111522 24
001111523 10
001111524 19
001111525 16
001111526 21
001111527 32
001111528 29
001111529 13
001111530 9
001111531 20
001111532 14
001111533 26
001111534 22
001111535 17
001111536 17
001111537 32
001111538 9
001111540 8
001111542 35
001111543 10
001111544 18
001111545 19
001111546 18
001111547 22
001111549 24
001111550 21
001111551 17
001111552 9
001111553 23
001111554 17
001111555 24
001111556 22
001111557 28
001111558 18
001111559 26
001111560 15
001111561 20
001111562 32
001111563 32
001111564 14
001111565 10
001111566 18
001111568 23
001111569 23
001111570 10
001111571 10
001111572 13
001111573 10
001111574 23
001111576 21
001111577 28
001111578 18
001111580 30
001111581 7
001111582 19
001111583 16
001111584 6
001111585 30
001111586 27
001111587 13
001111588 17
001111589 40
001111590 33
001111591 16
001111592 14
001111593 18
001111594 30
001111595 32
001111597 27
001111599 25
001111600 14
001111601 25
001111603 8
001111604 18
001111605 19
001111606 8
001111607 27
001111608 23
001111609 11
001111610 15
001111611 22
001111612 14
001111613 24
001111615 16
001111616 10
001111617 8
001111618 20
001111619 30
001111620 8
001111621 33
001111622 33
001111623 24
001111624 29
001111625 8
001111626 25
001111627 5
001111628 17
001111629 24
001111630 26
001111631 6
001111633 23
001111634 10
001111635 29
001111637 10
001111638 24
001111639 15
001111640 15
001111641 15
001111642 25
001111643 11
001111644 9
001111645 19
001111646 55
001111647 22
001111648 25
001111649 25
001111650 10
001111652 32
001111653 20
001111654 23
001111655 23
001111657 30
001111658 15
001111661 13
001111662 24
001111663 41
001111666 29
001111667 19
001111668 20
001111669 18
001111670 31
001111672 23
001111673 12
001111674 10
001111675 29
001111676 17
001111677 14
001111678 9
001111679 26
001111680 16
001111681 28
001111682 6
001111683 19
001111684 20
001111685 34
001111686 39
001111687 20
001111688 13
001111689 10
001111690 11
001111691 10
001111692 25
001111693 12
001111694 18
001111695 9
001111696 9
001111697 21
001111698 25
001111699 28
001111700 28
001111702 14
001111703 15
001111704 25
001111705 19
001111706 25
001111707 21
001111708 27
001111709 8
001111710 23
001111711 11
001111712 35
001111713 32
001111715 12
001111716 10
001111718 13
001111719 32
001111720 18
001111721 23
001111722 37
001111723 14
001111724 14
001111725 12
001111726 14
001111727 11
001111728 33
001111729 31
001111730 20
001111731 24
001111732 5
001111733 22
001111734 22
001111735 21
001111736 10
001111737 24
001111738 15
001111739 24
001111740 23
001111741 13
001111742 22
001111743 20
001111744 30
001111745 18
001111746 15
001111747 15
001111748 17
001111749 21
001111750 20
001111751 16
001111752 5
001111753 14
001111754 13
001111755 28
001111756 22
001111757 9
001111758 7
001111759 24
001111760 26
001111761 11
001111762 8
001111763 7
001111764 19
001111765 32
001111766 5
001111767 19
001111768 12
001111769 31
001111770 10
001111771 29
001111772 22
001111773 19
001111775 22
001111776 9
001111777 22
001111778 13
001111779 17
001111780 9
001111781 25
001111782 11
001111783 46
001111784 24
001111785 15
001111786 38
001111787 16
001111788 34
001111789 17
001111790 17
001111791 21
001111793 21
001111794 13
001111795 12
001111796 9
001111797 31
001111798 18
001111800 15
001120001 10
001120002 41
001120003 16
001120004 33
001120005 35
001120006 21
001120007 30
001120008 24
001120009 20
001120010 29
001120011 20
001120012 34
001120014 37
001120015 27
001120016 46
001120017 18
001120018 25
001120019 42
001120020 23
001120021 7
001120022 11
001120024 18
001120025 20
001120026 8
001120027 12
001120028 8
001120029 11
001120030 14
001120031 15
001120032 19
001120033 20
001120034 20
001120036 8
001120037 17
001120038 10
001120039 11
001120040 14
001120041 4
001120042 4
001120043 14
001120044 10
001120045 6
001120047 10
001120048 15
001120049 7
001120050 14
001120052 17
001120053 8
001120054 7
001120055 12
001120056 13
001120057 16
001120058 14
001120059 9
001120060 14
001120061 19
001120062 11
001120064 13
001120065 18
001120066 14
001120067 11
001120068 19
001120069 20
001120070 19
001120071 14
001120072 12
001120073 15
001120074 14
001120075 13
001120077 7
001120078 20
001120079 14
001120080 10
001120081 13
001120082 17
001120083 14
001120084 13
001120085 11
001120086 14
001120087 15
001120088 15
001120089 21
001120090 22
001120091 15
001120092 41
001120093 16
001120094 14
001120095 14
001120096 14
001120097 13
001120098 19
001120099 17
001120100 17
001120101 14
001120102 22
001120104 26
001120105 28
001120106 14
001120107 13
001120108 17
001120109 13
001120110 30
001120111 15
001120113 20
001120115 18
001120116 18
001120117 26
001120119 32
001120120 19
001120121 7
001120122 22
001120123 11
001120124 20
001120125 11
001120126 10
001120127 18
001120128 13
001120129 12
001120130 17
001120131 31
001120133 35
001120134 33
001120135 18
001120136 24
001120138 48
001120139 20
001120140 12
001120141 24
001120142 23
001120144 18
001120145 27
001120146 13
001120148 34
001120149 34
001120150 12
001120151 23
001120152 27
001120153 30
001120154 19
001120155 24
001120156 21
001120157 22
001120158 8
001120159 33
001120160 12
001120161 25
001120162 26
001120163 24
001120164 27
001120165 18
001120166 24
001120167 28
001120168 10
001120169 23
001120170 27
001120171 14
001120172 30
001120173 34
001120174 18
001120175 6
001120176 25
001120177 20
001120178 21
001120179 24
001120181 20
001120182 21
001120183 16
001120184 7
001120185 15
001120186 19
001120187 20
001120188 25
001120190 22
001120191 15
001120192 29
001120193 15
001120194 19
001120195 5
001120196 16
001120197 12
001120198 20
001120199 33
001120200 17
001120201 25
001120202 25
001120203 21
001120204 27
001120205 19
001120206 26
001120207 8
001120208 22
001120209 14
001120210 21
001120211 11
001120212 11
001120213 8
001120214 15
001120215 26
001120216 13
001120217 14
001120218 35
001120219 12
001120220 15
001120221 8
001120222 15
001120223 20
001120224 24
001120225 25
001120226 23
001120227 21
001120228 12
001120229 15
001120230 16
001120231 17
001120232 9
001120233 30
001120234 18
001120235 18
001120236 22
001120237 35
001120238 19
001120239 8
001120240 6
001120241 17
001120243 32
001120244 21
001120245 20
001120246 22
001120247 7
001120248 23
001120249 9
001120250 8
001120251 22
001120252 10
001120253 26
001120254 26
001120255 10
001120256 21
001120257 26
001120258 15
001120259 18
001120260 11
001120261 17
001120262 15
001120263 25
001120264 17
001120265 15
001120266 21
001120267 24
001120268 37
001120270 15
001120271 29
001120272 13
001120273 27
001120274 9
001120275 29
001120276 14
001120277 29
001120278 27
001120279 27
001120280 16
001120281 12
001120283 7
001120284 12
001120285 16
001120286 18
001120287 6
001120288 15
001120289 15
001120290 22
001120291 23
001120292 11
001120293 11
001120294 9
001120295 17
001120296 16
001120297 24
001120298 5
001120299 6
001120301 22
001120302 28
001120303 23
001120304 15
001120305 11
001120306 22
001120307 28
001120308 8
001120309 12
001120310 25
001120311 20
001120312 24
001120313 19
001120314 25
001120315 23
001120316 19
001120317 14
001120318 5
001120319 16
001120321 32
001120322 16
001120323 5
001120324 16
001120325 20
001120326 29
001120327 23
001120328 16
001120330 26
001120331 14
001120333 23
001120334 12
001120335 36
001120336 20
001120337 14
001120338 24
001120339 19
001120340 13
001120342 35
001120343 16
001120344 15
001120345 15
001120346 14
001120347 45
001120348 27
001120349 13
001120350 12
001120351 9
001120352 17
001120353 14
001120354 14
001120355 12
001120356 11
001120357 23
001120358 15
001120360 24
001120361 22
001120362 33
001120363 25
001120364 17
001120365 24
001120366 11
001120367 30
001120368 30
001120370 16
001120371 15
001120372 29
001120374 28
001120376 12
001120377 17
001120378 27
001120379 23
001120380 31
001120381 22
001120382 14
001120384 18
001120385 31
001120386 18
001120387 15
001120388 24
001120389 18
001120390 27
001120391 18
001120393 7
001120394 8
001120395 33
001120396 9
001120397 14
001120398 24
001120399 11
001120400 21
001121401 22
001121402 18
001121403 13
001121404 21
001121405 13
001121407 17
001121408 16
001121409 10
001121411 19
001121412 21
001121413 6
001121414 19
001121415 11
001121416 13
001121417 27
001121418 12
001121419 16
001121420 14
001121421 8
001121422 19
001121423 10
001121424 15
001121425 10
001121426 12
001121427 22
001121428 10
001121429 15
001121430 23
001121431 14
001121432 20
001121433 19
001121434 14
001121435 10
001121436 12
001121437 12
001121438 16
001121439 19
001121440 14
001121441 17
001121442 20
001121444 19
001121445 15
001121446 27
001121447 11
001121448 22
001121449 18
001121450 16
001121451 21
001121452 25
001121453 15
001121456 20
001121457 13
001121458 23
001121459 15
001121460 15
001121463 21
001121464 16
001121465 13
001121466 19
001121467 9
001121468 15
001121470 18
001121471 14
001121474 8
001121475 20
001121476 13
001121477 13
001121478 14
001121479 17
001121480 33
001121481 12
001121482 25
001121483 17
001121484 21
001121485 10
001121487 18
001121488 15
001121489 25
001121490 18
001121491 20
001121492 16
001121494 13
001121495 12
001121496 21
001121497 15
001121498 15
001121499 14
001121500 18
001121501 8
001121502 15
001121503 18
001121504 10
001121505 30
001121506 21
001121507 10
001121508 19
001121509 17
001121512 35
001121513 27
001121514 21
001121515 32
001121516 29
001121517 8
001121518 28
001121519 20
001121520 13
001121522 27
001121523 21
001121524 25
001121525 30
001121526 19
001121527 19
001121528 32
001121529 22
001121530 17
001121531 24
001121532 8
001121533 10
001121534 13
001121535 18
001121536 33
001121537 30
001121538 36
001121540 18
001121541 26
001121542 30
001121543 26
001121544 21
001121545 6
001121546 30
001121547 32
001121548 29
001121549 25
001121550 25
001121551 29
001121552 25
001121553 27
001121554 11
001121555 19
001121556 26
001121557 20
001121558 15
001121559 17
001121560 30
001121561 21
001121562 28
001121563 20
001121564 14
001121565 25
001121566 36
001121567 41
001121568 16
001121569 50
001121571 27
001121572 20
001121573 26
001121574 17
001121575 31
001121576 25
001121577 27
001121578 15
001121579 17
001121580 16
001121581 16
001121582 14
001121583 42
001121584 11
001121585 17
001121586 13
001121587 42
001121589 11
001121590 21
001121591 12
001121592 19
001121593 19
001121595 17
001121596 8
001121597 21
001121598 13
001121599 12
001121600 17
001121602 22
001121603 7
001121604 21
001121605 37
001121607 15
001121608 22
001121609 29
001121610 16
001121611 26
001121612 17
001121613 20
001121614 16
001121616 26
001121617 24
001121618 27
001121619 18
001121620 9
001121621 22
001121622 26
001121623 25
001121624 11
001121625 21
001121626 10
001121627 34
001121628 13
001121629 12
001121630 15
001121631 29
001121632 25
001121633 20
001121634 20
001121635 37
001121636 19
001121637 9
001121638 33
001121639 24
001121640 37
001121641 12
001121642 6
001121643 7
001121644 12
001121645 7
001121646 18
001121647 9
001121648 41
001121649 13
001121650 17
001121651 14
001121652 20
001121653 23
001121654 40
001121655 23
001121656 20
001121657 18
001121658 19
001121659 14
001121660 22
001121661 29
001121662 32
001121664 16
001121665 24
001121666 28
001121667 10
001121668 22
001121669 23
001121670 10
001121671 18
001121672 12
001121673 12
001121675 15
001121676 16
001121677 21
001121678 11
001121679 16
001121680 10
001121681 32
001121682 7
001121683 26
001121684 11
001121685 23
001121686 25
001121687 22
001121688 21
001121689 20
001121690 15
001121691 25
001121692 24
001121693 15
001121694 7
001121695 18
001121696 7
001121697 8
001121698 34
001121699 29
001121700 9
001121701 10
001121702 7
001121703 33
001121704 28
001121705 18
001121706 18
001121707 14
001121709 14
001121710 38
001121711 27
001121712 23
001121713 15
001121714 14
001121715 26
001121716 6
001121717 10
001121718 16
001121719 16
001121720 33
001121721 25
001121722 42
001121723 42
001121724 9
001121726 14
001121727 35
001121729 19
001121730 28
001121731 10
001121732 13
001121733 9
001121734 20
001121735 23
001121736 33
001121737 17
001121738 22
001121739 13
001121740 19
001121741 25
001121742 14
001121743 22
001121744 21
001121745 25
001121746 21
001121747 16
001121748 24
001121749 25
001121750 25
001121751 11
001121752 24
001121753 42
001121754 28
001121755 12
001121756 26
001121757 9
001121758 37
001121759 21
001121761 16
001121763 18
001121764 12
001121766 39
001121767 35
001121768 16
001121769 22
001121770 27
001121771 16
001121772 23
001121773 14
001121774 21
001121775 24
001121776 12
001121777 9
001121778 20
001121779 30
001121780 7
001121781 17
001121782 18
001121783 12
001121784 22
001121785 12
001121786 11
001121787 43
001121788 16
001121789 17
001121790 13
001121791 9
001121792 11
001121793 35
001121794 14
001121795 29
001121796 26
001121797 30
001121798 23
001121799 15
001121800 8
001130001 10
001130002 41
001130003 16
001130004 33
001130005 35
001130006 21
001130007 30
001130008 24
001130009 14
001130010 27
001130011 20
001130012 34
001130013 20
001130014 37
001130015 27
001130016 46
001130017 17
001130019 42
001130020 23
001130021 7
001130022 11
001130024 12
001130025 20
001130026 8
001130027 12
001130028 8
001130029 11
001130030 14
001130031 15
001130032 19
001130033 20
001130034 20
001130035 7
001130036 8
001130037 17
001130038 10
001130039 11
001130040 14
001130041 4
001130042 4
001130043 14
001130044 10
001130045 6
001130046 9
001130047 10
001130048 15
001130049 7
001130050 14
001130051 11
001130052 17
001130053 8
001130054 7
001130055 12
001130057 16
001130058 14
001130059 9
001130060 14
001130061 17
001130062 11
001130063 20
001130064 13
001130065 18
001130066 8
001130067 11
001130068 13
001130069 20
001130070 19
001130071 14
001130072 12
001130073 15
001130074 14
001130075 13
001130076 18
001130077 7
001130078 20
001130079 14
001130080 10
001130081 13
001130082 17
001130083 14
001130084 13
001130085 11
001130086 14
001130087 15
001130088 15
001130089 21
001130090 22
001130091 15
001130093 16
001130094 13
001130095 14
001130096 14
001130097 13
001130098 19
001130100 17
001130102 28
001130103 12
001130104 6
001130105 15
001130106 15
001130107 30
001130108 20
001130109 14
001130110 9
001130111 16
001130112 23
001130114 19
001130116 19
001130117 17
001130118 10
001130119 12
001130120 31
001130121 27
001130122 13
001130124 11
001130125 22
001130126 19
001130127 5
001130128 35
001130129 31
001130131 11
001130132 16
001130133 38
001130134 31
001130135 21
001130137 27
001130138 44
001130139 12
001130140 23
001130141 27
001130142 20
001130143 18
001130144 19
001130145 14
001130146 16
001130147 25
001130148 16
001130149 11
001130150 16
001130151 19
001130152 18
001130153 8
001130155 10
001130156 20
001130157 28
001130158 17
001130159 21
001130160 18
001130161 16
001130162 20
001130163 30
001130164 26
001130165 18
001130167 8
001130169 21
001130170 7
001130171 10
001130172 23
001130173 17
001130176 19
001130177 30
001130178 38
001130179 13
001130180 10
001130181 21
001130182 11
001130183 13
001130184 8
001130185 15
001130187 9
001130189 15
001130190 22
001130191 9
001130192 20
001130193 12
001130194 9
001130195 13
001130197 10
001130198 9
001130199 17
001130200 12
001130202 17
001130203 11
001130204 21
001130205 32
001130206 27
001130207 11
001130208 15
001130211 13
001130212 28
001130213 13
001130214 32
001130216 15
001130217 18
001130218 19
001130219 26
001130220 23
001130221 29
001130222 36
001130223 11
001130224 13
001130225 23
001130226 28
001130227 18
001130229 26
001130231 12
001130232 6
001130233 13
001130235 16
001130236 11
001130237 20
001130238 25
001130240 13
001130241 12
001130242 18
001130243 12
001130246 15
001130247 9
001130248 19
001130249 26
001130250 9
001130251 35
001130252 19
001130253 20
001130254 20
001130255 16
001130257 27
001130258 9
001130260 26
001130262 31
001130263 18
001130264 14
001130265 9
001130266 22
001130268 9
001130269 11
001130271 7
001130272 5
001130273 18
001130274 34
001130275 20
001130277 35
001130278 16
001130279 8
001130280 22
001130281 25
001130283 5
001130284 24
001130285 16
001130287 11
001130288 12
001130289 14
001130291 23
001130292 31
001130293 17
001130294 6
001130295 12
001130296 16
001130297 17
001130298 27
001130300 12
001130301 11
001130302 18
001130303 10
001130304 20
001130305 13
001130306 24
001130307 23
001130308 7
001130309 14
001130310 8
001130311 16
001130312 14
001130313 30
001130314 25
001130315 27
001130316 7
001130317 14
001130318 16
001130319 28
001130320 29
001130323 18
001130324 27
001130325 35
001130327 7
001130328 40
001130330 20
001130331 10
001130333 34
001130334 28
001130335 17
001130337 17
001130338 14
001130339 17
001130341 36
001130343 18
001130344 24
001130346 15
001130347 17
001130349 20
001130350 17
001130354 26
001130355 27
001130356 23
001130357 33
001130358 22
001130359 24
001130360 37
001130362 24
001130363 19
001130364 12
001130365 24
001130367 29
001130369 23
001130370 13
001130371 30
001130373 31
001130374 6
001130375 21
001130378 28
001130379 17
001130380 25
001130381 15
001130382 21
001130383 29
001130385 16
001130386 19
001130387 27
001130388 30
001130389 17
001130390 34
001130391 25
001130392 28
001130393 10
001130394 8
001130395 10
001130396 13
001130397 5
001130398 18
001130399 6
001130400 14
001131401 12
001131402 18
001131403 13
001131405 13
001131406 15
001131407 17
001131408 17
001131409 10
001131411 19
001131412 21
001131413 6
001131414 19
001131415 11
001131416 13
001131417 27
001131418 12
001131422 13
001131423 10
001131424 15
001131425 10
001131427 22
001131428 16
001131430 17
001131431 14
001131432 20
001131433 19
001131434 14
001131435 10
001131436 12
001131438 16
001131439 19
001131440 8
001131441 17
001131442 20
001131443 17
001131444 19
001131445 15
001131447 11
001131448 16
001131449 12
001131450 16
001131451 21
001131452 25
001131453 15
001131454 6
001131457 13
001131458 23
001131459 15
001131460 15
001131461 17
001131463 21
001131464 16
001131465 13
001131466 19
001131467 9
001131470 18
001131471 14
001131473 12
001131474 8
001131475 20
001131476 13
001131477 13
001131478 14
001131479 17
001131480 33
001131481 12
001131482 14
001131483 17
001131484 15
001131485 10
001131487 18
001131488 13
001131489 25
001131490 13
001131491 15
001131492 16
001131494 13
001131495 11
001131496 21
001131497 16
001131498 15
001131499 14
001131500 18
001131501 19
001131502 14
001131504 13
001131505 22
001131507 29
001131508 7
001131509 10
001131510 29
001131511 16
001131512 28
001131514 17
001131515 21
001131516 24
001131517 20
001131518 15
001131520 27
001131521 17
001131522 27
001131523 23
001131524 25
001131525 6
001131527 38
001131528 7
001131529 8
001131530 18
001131531 12
001131532 13
001131533 27
001131534 15
001131536 18
001131538 19
001131539 15
001131540 17
001131541 27
001131542 16
001131543 14
001131544 15
001131546 20
001131547 15
001131548 8
001131550 14
001131552 28
001131553 7
001131554 16
001131555 16
001131556 23
001131557 29
001131558 17
001131559 31
001131560 23
001131561 24
001131562 20
001131563 29
001131564 33
001131566 21
001131568 14
001131569 23
001131571 14
001131572 13
001131573 19
001131574 30
001131575 26
001131576 9
001131577 10
001131578 19
001131579 6
001131580 16
001131584 19
001131585 12
001131586 12
001131587 19
001131588 15
001131589 20
001131590 10
001131591 42
001131592 17
001131593 26
001131595 19
001131597 14
001131598 17
001131599 21
001131602 18
001131603 5
001131605 13
001131606 35
001131607 14
001131608 17
001131609 30
001131610 5
001131611 7
001131613 18
001131615 7
001131616 15
001131617 15
001131618 8
001131619 32
001131620 18
001131622 9
001131623 19
001131624 19
001131626 24
001131627 15
001131628 8
001131629 35
001131630 21
001131631 16
001131632 14
001131633 22
001131635 12
001131638 15
001131639 25
001131640 31
001131642 18
001131644 14
001131645 15
001131646 9
001131647 35
001131648 18
001131650 6
001131651 21
001131652 6
001131653 5
001131654 22
001131655 22
001131656 24
001131657 9
001131658 13
001131659 15
001131660 41
001131661 16
001131662 15
001131663 21
001131664 5
001131667 5
001131668 24
001131669 16
001131670 9
001131671 15
001131672 16
001131673 21
001131674 15
001131675 20
001131676 25
001131677 14
001131678 42
001131680 17
001131681 17
001131682 27
001131683 24
001131686 18
001131687 15
001131688 7
001131689 16
001131690 26
001131691 17
001131693 24
001131694 13
001131695 7
001131696 7
001131698 8
001131699 25
001131700 8
001131701 14
001131702 21
001131703 16
001131704 17
001131705 21
001131706 27
001131707 33
001131708 25
001131710 16
001131712 18
001131713 12
001131714 14
001131715 32
001131716 25
001131718 9
001131719 23
001131720 33
001131721 11
001131722 15
001131723 7
001131724 7
001131725 16
001131726 22
001131727 31
001131728 22
001131729 34
001131731 25
001131732 10
001131733 11
001131734 19
001131735 27
001131736 8
001131737 29
001131738 17
001131740 31
001131742 8
001131743 24
001131744 12
001131745 15
001131746 11
001131747 30
001131748 20
001131749 25
001131750 26
001131751 7
001131752 15
001131753 17
001131754 20
001131755 9
001131756 23
001131758 17
001131759 17
001131761 18
001131762 19
001131763 19
001131764 18
001131765 19
001131766 8
001131767 24
001131768 19
001131769 30
001131770 34
001131771 12
001131772 23
001131773 36
001131774 11
001131775 24
001131776 15
001131777 6
001131778 29
001131779 13
001131780 15
001131781 24
001131782 22
001131784 14
001131785 18
001131787 36
001131788 6
001131790 7
001131791 22
001131792 16
001131793 16
001131797 6
001131798 19
001131800 23
001140001 10
001140002 41
001140003 16
001140004 33
001140005 35
001140006 21
001140007 30
001140008 24
001140009 14
001140010 27
001140011 20
001140012 34
001140013 20
001140014 37
001140015 27
001140016 48
001140017 18
001140018 25
001140019 42
001140020 23
001140021 7
001140022 11
001140023 14
001140024 12
001140025 20
001140026 8
001140027 12
001140028 8
001140029 11
001140030 14
001140031 15
001140032 19
001140033 21
001140034 20
001140035 7
001140036 8
001140037 17
001140038 10
001140039 11
001140040 14
001140041 4
001140042 4
001140043 14
001140044 10
001140045 6
001140046 9
001140047 10
001140048 15
001140049 7
001140050 13
001140052 17
001140054 7
001140055 12
001140056 13
001140057 15
001140058 14
001140059 9
001140060 14
001140061 17
001140062 11
001140063 20
001140064 13
001140065 18
001140066 8
001140068 13
001140069 20
001140072 12
001140073 15
001140074 14
001140075 13
001140077 7
001140078 20
001140079 14
001140080 10
001140081 13
001140082 17
001140083 14
001140084 13
001140085 11
001140086 14
001140087 15
001140088 15
001140089 21
001140090 22
001140092 35
001140093 16
001140094 13
001140095 14
001140096 14
001140097 13
001140098 19
001140100 17
001140101 11
001140102 19
001140103 18
001140104 31
001140105 11
001140106 18
001140108 20
001140109 9
001140110 21
001140111 14
001140113 14
001140114 9
001140115 13
001140116 25
001140117 18
001140118 9
001140119 25
001140120 10
001140121 9
001140122 29
001140123 7
001140124 22
001140127 11
001140128 36
001140129 20
001140130 29
001140131 24
001140132 22
001140134 20
001140135 16
001140136 16
001140137 37
001140138 18
001140139 20
001140140 10
001140141 15
001140142 19
001140144 9
001140145 17
001140146 11
001140147 31
001140149 14
001140150 8
001140151 20
001140152 29
001140153 17
001140154 29
001140155 6
001140156 26
001140157 32
001140158 20
001140159 16
001140160 22
001140161 21
001140162 11
001140163 10
001140164 26
001140165 8
001140166 22
001140167 5
001140170 19
001140171 19
001140172 16
001140173 36
001140174 22
001140176 28
001140177 17
001140179 18
001140181 22
001140182 12
001140183 10
001140184 8
001140185 17
001140186 10
001140188 16
001140190 11
001140191 17
001140192 15
001140194 16
001140195 18
001140196 10
001140197 20
001140198 13
001140199 33
001140200 6
001140201 8
001140203 13
001140204 21
001140205 17
001140207 34
001140208 16
001140209 16
001140210 17
001140211 26
001140212 11
001140213 13
001140214 17
001140216 15
001140217 30
001140218 14
001140219 25
001140220 27
001140221 38
001140222 12
001140223 43
001140224 24
001140225 17
001140226 9
001140227 8
001140229 8
001140230 19
001140231 21
001140232 9
001140233 15
001140234 11
001140235 8
001140236 26
001140237 17
001140238 16
001140239 11
001140240 7
001140241 24
001140242 18
001140243 13
001140244 7
001140245 20
001140246 8
001140247 21
001140248 14
001140249 18
001140251 24
001140252 29
001140253 20
001140255 42
001140256 27
001140257 15
001140259 19
001140260 32
001140262 30
001140263 20
001140264 13
001140265 13
001140266 19
001140267 41
001140268 23
001140269 24
001140270 22
001140271 24
001140273 23
001140274 29
001140275 35
001140276 11
001140277 19
001140278 14
001140279 26
001140280 28
001140281 5
001140282 12
001140283 10
001140284 17
001140286 20
001140287 15
001140288 13
001140289 25
001140290 6
001140291 13
001140292 9
001140294 20
001140295 19
001140297 22
001140298 22
001140299 7
001140300 10
001140302 24
001140304 20
001140305 22
001140306 11
001140307 16
001140309 17
001140310 12
001140311 11
001140313 39
001140314 8
001140316 12
001140317 7
001140319 19
001140320 15
001140321 17
001140322 16
001140323 8
001140325 15
001140326 22
001140327 17
001140329 7
001140330 11
001140331 15
001140332 9
001140333 21
001140334 18
001140335 28
001140336 12
001140338 24
001140339 28
001140340 28
001140341 6
001140342 22
001140344 34
001140346 17
001140347 14
001140348 13
001140349 13
001140350 26
001140352 11
001140353 44
001140354 10
001140355 19
001140357 13
001140358 14
001140359 11
001140360 37
001140361 16
001140362 21
001140364 7
001140365 15
001140367 8
001140368 22
001140369 23
001140370 27
001140371 10
001140373 14
001140374 21
001140375 15
001140376 10
001140381 19
001140382 18
001140383 36
001140385 11
001140386 21
001140387 17
001140389 21
001140390 9
001140391 24
001140392 37
001140393 17
001140394 26
001140396 10
001140397 26
001140398 12
001140399 36
001140400 5
001141401 12
001141402 18
001141403 13
001141404 21
001141405 13
001141406 15
001141407 17
001141408 17
001141409 10
001141411 19
001141412 21
001141413 6
001141414 19
001141415 11
001141418 12
001141419 16
001141420 14
001141421 8
001141422 13
001141423 10
001141424 15
001141425 10
001141426 12
001141427 21
001141428 10
001141429 15
001141430 17
001141431 14
001141432 20
001141433 19
001141434 14
001141435 10
001141436 12
001141438 16
001141439 19
001141440 8
001141441 17
001141442 20
001141443 17
001141444 18
001141445 15
001141446 21
001141447 11
001141448 16
001141449 12
001141450 16
001141451 21
001141452 25
001141453 15
001141454 6
001141456 20
001141457 13
001141458 23
001141459 15
001141460 15
001141463 21
001141464 16
001141465 13
001141466 19
001141467 9
001141468 15
001141469 19
001141470 18
001141471 14
001141473 12
001141474 8
001141475 20
001141476 13
001141477 13
001141478 14
001141479 17
001141480 33
001141481 12
001141482 14
001141483 17
001141484 15
001141485 10
001141487 18
001141488 15
001141489 25
001141490 13
001141491 15
001141492 16
001141493 11
001141494 13
001141495 12
001141496 21
001141497 15
001141498 15
001141499 14
001141500 18
001141501 30
001141504 11
001141505 14
001141506 7
001141507 26
001141508 7
001141509 25
001141510 7
001141512 26
001141513 19
001141516 27
001141517 16
001141518 26
001141519 22
001141520 26
001141521 20
001141522 30
001141523 34
001141524 24
001141525 12
001141526 22
001141527 7
001141528 27
001141529 13
001141530 16
001141533 31
001141534 9
001141536 16
001141537 18
001141538 26
001141541 13
001141543 5
001141544 10
001141545 11
001141546 25
001141550 21
001141551 7
001141552 24
001141553 15
001141555 26
001141558 6
001141560 25
001141561 13
001141562 11
001141564 24
001141565 28
001141566 15
001141567 16
001141568 15
001141569 9
001141573 24
001141574 27
001141575 24
001141577 22
001141578 29
001141579 29
001141580 16
001141581 25
001141582 22
001141584 10
001141585 7
001141586 25
001141587 14
001141588 23
001141589 22
001141590 8
001141591 22
001141593 30
001141594 21
001141596 26
001141597 20
001141598 22
001141599 13
001141601 8
001141602 19
001141603 28
001141605 18
001141606 11
001141607 9
001141608 18
001141609 24
001141610 22
001141611 13
001141612 13
001141614 27
001141615 31
001141617 32
001141618 15
001141619 25
001141620 23
001141621 33
001141622 31
001141623 11
001141624 14
001141625 27
001141626 22
001141627 20
001141628 48
001141629 13
001141630 11
001141631 10
001141632 26
001141633 39
001141635 7
001141636 16
001141637 32
001141638 13
001141639 13
001141641 14
001141643 23
001141644 10
001141645 22
001141646 16
001141648 9
001141650 33
001141651 11
001141652 24
001141653 33
001141654 14
001141656 18
001141657 16
001141658 11
001141659 8
001141660 10
001141661 18
001141662 27
001141663 25
001141664 7
001141665 23
001141667 25
001141668 23
001141669 21
001141671 23
001141672 17
001141673 8
001141674 9
001141675 19
001141676 18
001141678 25
001141679 12
001141680 20
001141681 24
001141682 15
001141683 11
001141684 11
001141686 29
001141688 12
001141694 21
001141696 14
001141697 22
001141698 33
001141700 11
001141701 21
001141702 16
001141703 24
001141704 21
001141705 13
001141706 20
001141707 25
001141709 12
001141711 33
001141712 16
001141713 34
001141714 25
001141715 22
001141716 18
001141717 15
001141720 20
001141722 21
001141723 23
001141724 22
001141725 17
001141726 22
001141727 9
001141728 18
001141729 14
001141730 10
001141731 16
001141733 9
001141734 22
001141735 31
001141737 20
001141738 18
001141739 20
001141740 13
001141741 13
001141742 21
001141743 10
001141744 18
001141745 15
001141746 23
001141747 15
001141748 17
001141749 21
001141750 8
001141751 27
001141753 5
001141754 10
001141755 23
001141756 13
001141757 15
001141758 14
001141759 34
001141760 20
001141761 8
001141764 14
001141765 20
001141766 19
001141768 19
001141769 35
001141770 26
001141771 9
001141772 18
001141773 23
001141774 20
001141775 23
001141777 12
001141778 14
001141779 8
001141780 27
001141781 25
001141782 24
001141783 24
001141784 35
001141785 8
001141788 13
001141789 30
001141790 31
001141791 23
001141793 23
001141794 11
001141796 27
001141797 24
001141799 11
001141800 37
001150001 10
001150002 41
001150003 16
001150004 33
001150005 35
001150006 21
001150007 30
001150008 25
001150009 14
001150011 22
001150013 20
001150014 37
001150015 26
001150016 44
001150017 24
001150018 25
001150021 7
001150023 14
001150024 12
001150025 20
001150030 19
001150032 24
001150033 24
001150034 25
001150035 7
001150036 8
001150037 17
001150038 10
001150043 19
001150044 15
001150045 17
001150047 12
001150048 20
001150049 12
001150050 14
001150052 28
001150055 12
001150056 18
001150057 22
001150058 25
001150059 15
001150060 14
001150061 22
001150062 22
001150063 25
001150064 14
001150065 23
001150066 14
001150067 16
001150068 13
001150069 20
001150070 19
001150071 19
001150072 12
001150073 22
001150074 20
001150075 13
001150076 18
001150077 7
001150078 20
001150079 13
001150080 21
001150081 18
001150082 18
001150083 20
001150084 14
001150085 17
001150086 14
001150087 16
001150089 21
001150090 22
001150091 15
001150092 35
001150093 16
001150094 13
001150095 14
001150096 16
001150097 20
001150098 19
001150099 23
001150100 17
001150101 27
001150102 16
001150103 22
001150104 36
001150105 26
001150106 18
001150107 38
001150108 17
001150109 36
001150110 17
001150112 26
001150113 17
001150114 26
001150115 17
001150116 10
001150117 20
001150119 28
001150120 10
001150122 21
001150123 5
001150124 33
001150125 24
001150126 14
001150127 19
001150128 17
001150129 21
001150130 21
001150131 16
001150132 18
001150133 14
001150134 16
001150135 18
001150136 23
001150137 17
001150138 17
001150139 25
001150140 39
001150141 22
001150142 15
001150143 28
001150144 46
001150145 25
001150147 18
001150148 23
001150149 11
001150150 18
001150151 20
001150152 15
001150153 25
001150154 19
001150155 19
001150156 15
001150157 25
001150158 23
001150159 18
001150160 34
001150161 16
001150162 20
001150163 24
001150164 24
001150165 25
001150166 11
001150168 40
001150169 29
001150170 28
001150171 16
001150172 35
001150173 14
001150174 33
001150175 23
001150176 19
001150177 21
001150179 16
001150180 17
001150181 22
001150182 43
001150183 37
001150184 18
001150185 22
001150186 25
001150187 20
001150188 13
001150189 13
001150190 18
001150191 8
001150192 22
001150193 24
001150194 16
001150195 18
001150196 10
001150198 7
001150199 14
001150200 26
001150201 15
001150202 39
001150203 20
001150204 26
001150205 11
001150206 14
001150207 18
001150209 31
001150210 25
001150211 22
001150213 8
001150214 23
001150215 22
001150216 14
001150217 14
001150218 8
001150219 27
001150220 21
001150222 18
001150223 17
001150224 23
001150225 12
001150226 38
001150227 47
001150228 28
001150230 13
001150231 16
001150232 23
001150234 11
001150235 12
001150236 16
001150237 30
001150238 19
001150239 22
001150240 18
001150241 29
001150242 13
001150243 17
001150244 13
001150245 15
001150246 21
001150247 8
001150248 26
001150249 12
001150251 23
001150252 20
001150254 19
001150255 17
001150256 12
001150257 26
001150258 19
001150259 24
001150260 35
001150261 17
001150262 13
001150263 11
001150264 18
001150265 12
001150266 18
001150267 18
001150268 22
001150269 19
001150270 24
001150271 28
001150272 12
001150273 19
001150274 21
001150275 14
001150276 10
001150277 11
001150278 12
001150279 24
001150280 14
001150281 13
001150282 9
001150284 7
001150287 37
001150288 18
001150289 29
001150290 14
001150291 23
001150292 24
001150293 23
001150294 8
001150295 6
001150296 23
001150297 9
001150298 28
001150299 31
001150301 15
001150302 19
001150303 9
001150304 27
001150305 11
001150306 7
001150307 27
001150308 14
001150309 24
001150311 33
001150312 15
001150313 18
001150314 27
001150315 16
001150316 25
001150317 12
001150318 18
001150319 29
001150320 16
001150321 8
001150322 16
001150323 24
001150324 23
001150325 23
001150326 20
001150327 14
001150328 19
001150329 16
001150330 25
001150331 25
001150332 15
001150333 19
001150334 12
001150335 17
001150336 20
001150337 16
001150338 13
001150339 12
001150340 13
001150341 18
001150342 12
001150344 17
001150345 13
001150347 19
001150348 33
001150349 14
001150350 34
001150351 10
001150352 25
001150353 23
001150354 32
001150355 22
001150356 23
001150357 7
001150358 29
001150359 17
001150360 16
001150361 23
001150362 13
001150363 12
001150364 23
001150365 24
001150366 20
001150367 20
001150368 17
001150369 31
001150370 14
001150371 21
001150372 18
001150373 14
001150374 38
001150375 23
001150376 10
001150377 28
001150379 39
001150380 20
001150381 10
001150382 25
001150383 16
001150384 7
001150385 23
001150386 7
001150387 9
001150388 10
001150389 21
001150390 33
001150391 20
001150392 19
001150393 22
001150394 11
001150395 32
001150396 28
001150397 20
001150398 5
001150399 25
001150400 10
001151401 17
001151402 18
001151403 18
001151404 21
001151405 18
001151406 15
001151407 17
001151408 16
001151409 10
001151411 19
001151412 21
001151413 6
001151414 19
001151415 11
001151416 13
001151418 12
001151419 16
001151420 13
001151421 8
001151422 13
001151423 10
001151424 15
001151425 10
001151427 22
001151428 10
001151429 15
001151430 17
001151431 14
001151432 20
001151433 19
001151434 14
001151435 10
001151436 12
001151437 12
001151438 16
001151439 19
001151440 8
001151441 17
001151442 20
001151443 18
001151444 19
001151445 15
001151446 21
001151447 11
001151448 22
001151449 12
001151450 16
001151451 21
001151452 23
001151453 15
001151454 6
001151455 20
001151456 20
001151458 23
001151459 15
001151460 15
001151462 14
001151463 20
001151464 16
001151465 13
001151466 19
001151467 9
001151469 19
001151470 18
001151471 14
001151473 12
001151474 8
001151475 20
001151476 13
001151477 13
001151478 14
001151479 17
001151480 33
001151481 12
001151482 14
001151483 17
001151484 15
001151485 12
001151487 18
001151488 15
001151489 25
001151490 13
001151491 14
001151492 16
001151493 11
001151494 13
001151495 12
001151496 21
001151497 15
001151498 15
001151499 14
001151500 18
001151501 10
001151502 6
001151503 13
001151504 11
001151505 28
001151506 10
001151507 12
001151508 21
001151509 15
001151510 23
001151511 29
001151512 8
001151513 20
001151514 33
001151515 14
001151516 22
001151517 22
001151518 13
001151519 29
001151520 28
001151521 23
001151522 27
001151523 30
001151524 20
001151525 28
001151526 6
001151527 23
001151528 33
001151529 40
001151530 7
001151531 19
001151532 9
001151533 19
001151534 13
001151535 27
001151536 11
001151537 42
001151538 24
001151539 20
001151540 40
001151541 10
001151542 28
001151543 23
001151544 23
001151545 27
001151546 24
001151547 12
001151548 32
001151549 11
001151551 42
001151552 7
001151553 18
001151554 11
001151555 17
001151558 16
001151560 16
001151561 12
001151562 17
001151563 24
001151564 27
001151565 34
001151566 21
001151567 29
001151568 26
001151569 26
001151570 27
001151572 29
001151573 15
001151574 11
001151575 26
001151576 23
001151577 22
001151578 10
001151579 22
001151580 15
001151581 16
001151582 8
001151584 37
001151585 20
001151586 12
001151587 5
001151588 41
001151589 23
001151590 14
001151591 14
001151592 12
001151594 5
001151595 18
001151596 25
001151597 26
001151598 18
001151599 5
001151600 26
001151601 13
001151602 21
001151605 23
001151606 20
001151607 27
001151608 13
001151609 26
001151610 20
001151611 22
001151612 20
001151613 12
001151614 29
001151615 25
001151616 18
001151617 24
001151618 13
001151619 12
001151620 24
001151621 21
001151622 27
001151623 21
001151624 15
001151625 18
001151627 15
001151628 26
001151629 18
001151630 14
001151631 27
001151633 20
001151634 11
001151636 12
001151638 30
001151640 18
001151641 31
001151643 32
001151644 22
001151645 20
001151646 10
001151647 28
001151648 29
001151649 22
001151653 12
001151654 9
001151655 9
001151656 10
001151657 20
001151658 23
001151659 15
001151660 19
001151661 15
001151662 29
001151663 15
001151665 14
001151666 9
001151667 7
001151668 27
001151669 15
001151670 30
001151673 21
001151674 17
001151675 27
001151676 9
001151677 24
001151679 6
001151680 32
001151681 20
001151682 32
001151683 43
001151684 16
001151685 12
001151686 24
001151687 11
001151688 7
001151690 22
001151691 38
001151692 10
001151693 21
001151694 14
001151695 13
001151696 16
001151697 35
001151698 17
001151699 21
001151700 27
001151701 21
001151702 23
001151703 21
001151704 10
001151706 16
001151707 12
001151709 34
001151712 5
001151713 11
001151714 25
001151715 20
001151716 12
001151719 10
001151720 15
001151721 14
001151722 14
001151723 20
001151724 14
001151725 16
001151727 20
001151728 21
001151731 24
001151732 11
001151733 12
001151734 20
001151735 10
001151736 41
001151738 15
001151739 22
001151740 21
001151741 10
001151742 17
001151744 23
001151745 28
001151747 8
001151749 16
001151750 41
001151751 18
001151752 21
001151754 22
001151755 18
001151756 16
001151757 20
001151758 8
001151759 10
001151760 12
001151761 18
001151763 37
001151764 30
001151765 9
001151766 27
001151767 14
001151768 30
001151769 30
001151770 24
001151771 12
001151772 16
001151773 30
001151776 17
001151777 18
001151778 17
001151779 11
001151780 7
001151782 21
001151784 15
001151785 19
001151786 9
001151787 18
001151788 26
001151789 14
001151790 29
001151791 27
001151792 23
001151793 12
001151795 9
001151797 29
001151798 15
001151799 22
001151800 29
001160001 10
001160002 41
001160003 16
001160004 33
001160005 34
001160006 27
001160007 30
001160008 24
001160009 14
001160010 33
001160011 26
001160012 39
001160013 27
001160014 49
001160015 28
001160016 46
001160017 18
001160018 30
001160019 46
001160020 29
001160021 7
001160022 17
001160023 14
001160024 18
001160025 20
001160026 8
001160027 12
001160028 14
001160029 11
001160030 20
001160031 15
001160032 19
001160033 20
001160034 20
001160035 7
001160036 8
001160037 21
001160038 16
001160039 17
001160040 20
001160041 4
001160042 9
001160043 14
001160044 16
001160045 12
001160046 8
001160047 10
001160048 20
001160049 7
001160050 14
001160051 11
001160052 28
001160053 9
001160055 12
001160056 13
001160057 16
001160058 14
001160059 9
001160060 14
001160061 17
001160062 11
001160063 26
001160064 15
001160065 24
001160066 14
001160067 11
001160068 13
001160069 24
001160070 19
001160071 14
001160072 12
001160073 15
001160074 14
001160075 13
001160076 24
001160077 7
001160078 20
001160079 14
001160080 10
001160081 13
001160082 17
001160083 20
001160084 13
001160085 10
001160086 14
001160087 15
001160088 15
001160089 21
001160090 22
001160091 15
001160092 35
001160093 16
001160094 19
001160095 14
001160096 14
001160097 13
001160098 19
001160099 17
001160100 14
001160101 36
001160102 19
001160103 12
001160104 6
001160105 25
001160106 17
001160107 29
001160108 23
001160109 9
001160110 7
001160111 26
001160112 11
001160113 19
001160114 11
001160115 9
001160116 16
001160117 37
001160118 35
001160119 31
001160120 5
001160121 21
001160122 22
001160123 14
001160124 23
001160125 6
001160126 34
001160127 15
001160128 29
001160129 16
001160130 22
001160131 23
001160132 31
001160133 19
001160134 9
001160135 21
001160136 15
001160137 35
001160138 18
001160139 29
001160140 33
001160141 24
001160142 31
001160143 5
001160144 29
001160145 13
001160146 18
001160147 26
001160148 27
001160149 16
001160150 29
001160151 20
001160152 17
001160153 17
001160154 26
001160155 11
001160156 10
001160157 22
001160158 16
001160159 16
001160160 19
001160161 24
001160162 23
001160163 8
001160164 22
001160165 20
001160166 14
001160167 15
001160168 20
001160169 11
001160170 22
001160171 33
001160172 11
001160173 27
001160174 18
001160175 21
001160176 8
001160177 9
001160178 22
001160179 7
001160180 9
001160181 42
001160182 25
001160183 16
001160184 10
001160185 25
001160186 32
001160187 34
001160188 18
001160189 18
001160190 11
001160191 26
001160192 26
001160193 24
001160194 22
001160195 16
001160196 7
001160197 10
001160198 18
001160199 22
001160200 19
001160201 25
001160202 27
001160206 25
001160207 14
001160208 7
001160209 14
001160210 18
001160211 23
001160212 19
001160213 9
001160214 12
001160215 20
001160216 32
001160217 30
001160218 18
001160219 28
001160220 11
001160221 17
001160222 21
001160223 19
001160224 21
001160225 28
001160226 7
001160227 8
001160228 10
001160229 13
001160230 19
001160231 19
001160232 19
001160233 7
001160234 17
001160235 7
001160236 18
001160237 25
001160238 15
001160239 17
001160240 15
001160241 27
001160242 14
001160243 19
001160244 10
001160245 21
001160246 22
001160247 35
001160248 13
001160249 17
001160250 23
001160251 24
001160252 17
001160253 7
001160254 7
001160255 11
001160256 21
001160257 24
001160258 14
001160259 6
001160260 36
001160261 25
001160262 19
001160263 6
001160264 28
001160265 18
001160266 25
001160267 11
001160268 7
001160269 9
001160270 21
001160271 30
001160272 17
001160273 8
001160274 8
001160275 7
001160276 29
001160277 28
001160278 10
001160279 18
001160280 23
001160281 10
001160282 21
001160283 39
001160284 18
001160285 26
001160286 27
001160287 36
001160288 6
001160289 36
001160290 7
001160291 24
001160292 16
001160293 34
001160294 9
001160295 21
001160296 20
001160297 12
001160298 39
001160299 16
001160300 10
001160301 19
001160302 17
001160304 13
001160305 7
001160306 20
001160307 9
001160309 13
001160310 32
001160311 14
001160312 26
001160313 15
001160314 15
001160315 7
001160316 13
001160317 18
001160318 21
001160319 17
001160320 19
001160321 22
001160322 11
001160323 14
001160324 47
001160325 20
001160326 8
001160327 16
001160328 14
001160329 32
001160330 17
001160332 27
001160334 33
001160335 27
001160336 14
001160337 7
001160338 12
001160339 27
001160340 31
001160341 23
001160342 18
001160343 19
001160344 24
001160345 20
001160346 5
001160347 19
001160348 20
001160349 17
001160350 16
001160351 19
001160352 11
001160353 16
001160354 12
001160355 32
001160356 15
001160357 23
001160358 12
001160359 15
001160360 29
001160361 12
001160362 7
001160363 21
001160364 22
001160365 10
001160366 36
001160367 30
001160368 35
001160369 5
001160370 26
001160371 7
001160372 12
001160373 18
001160374 19
001160375 13
001160376 14
001160377 10
001160378 38
001160379 12
001160380 9
001160381 20
001160383 23
001160384 10
001160385 6
001160386 15
001160387 15
001160388 23
001160389 28
001160390 20
001160391 23
001160392 32
001160393 12
001160394 15
001160395 27
001160396 15
001160397 20
001160398 17
001160399 20
001160400 9
001161401 18
001161402 17
001161403 13
001161404 21
001161405 13
001161406 15
001161407 22
001161408 17
001161409 16
001161410 19
001161411 19
001161412 21
001161413 12
001161414 19
001161415 11
001161416 13
001161417 27
001161418 11
001161419 22
001161420 14
001161421 8
001161422 13
001161423 10
001161424 15
001161425 9
001161426 12
001161427 20
001161428 10
001161429 15
001161430 17
001161431 14
001161432 21
001161433 20
001161434 14
001161435 10
001161436 12
001161437 12
001161438 15
001161439 18
001161440 8
001161441 17
001161442 14
001161443 17
001161444 19
001161445 14
001161446 21
001161447 11
001161448 16
001161449 12
001161450 16
001161451 21
001161452 24
001161453 22
001161454 12
001161455 20
001161456 20
001161457 13
001161458 22
001161459 15
001161460 15
001161461 16
001161462 14
001161463 21
001161464 23
001161465 13
001161466 19
001161467 10
001161469 19
001161470 18
001161471 14
001161472 20
001161473 18
001161474 8
001161475 26
001161476 14
001161477 13
001161478 14
001161479 17
001161480 32
001161481 12
001161482 13
001161483 29
001161484 15
001161485 10
001161486 8
001161487 18
001161488 15
001161489 25
001161490 13
001161491 15
001161492 17
001161493 11
001161494 13
001161495 11
001161496 21
001161497 15
001161498 15
001161499 14
001161500 18
001161501 19
001161502 14
001161503 24
001161504 10
001161505 11
001161506 32
001161507 20
001161508 21
001161509 12
001161510 14
001161511 17
001161512 29
001161513 18
001161514 30
001161515 20
001161516 16
001161518 32
001161519 17
001161520 12
001161521 27
001161522 17
001161523 9
001161524 12
001161525 9
001161526 29
001161527 28
001161528 17
001161529 20
001161530 17
001161531 16
001161532 30
001161533 19
001161534 14
001161535 21
001161536 15
001161537 7
001161538 8
001161539 9
001161540 38
001161541 15
001161542 14
001161543 29
001161544 10
001161545 35
001161546 18
001161547 20
001161548 23
001161549 20
001161550 20
001161551 20
001161552 17
001161553 13
001161554 19
001161555 26
001161556 26
001161557 30
001161558 27
001161559 19
001161560 12
001161561 13
001161562 42
001161563 11
001161565 21
001161566 19
001161567 21
001161568 16
001161569 43
001161570 33
001161571 32
001161572 10
001161573 10
001161574 44
001161575 16
001161576 15
001161577 13
001161578 18
001161579 35
001161580 12
001161581 27
001161582 26
001161583 9
001161584 43
001161585 9
001161586 6
001161587 22
001161588 19
001161589 34
001161590 28
001161591 7
001161592 24
001161593 26
001161594 16
001161595 15
001161596 20
001161597 15
001161598 27
001161599 18
001161600 20
001161601 19
001161602 23
001161604 32
001161605 24
001161606 34
001161607 22
001161608 19
001161609 21
001161610 19
001161611 26
001161612 9
001161613 31
001161614 19
001161615 23
001161617 29
001161618 28
001161619 21
001161620 12
001161621 14
001161622 26
001161623 6
001161624 14
001161625 31
001161626 15
001161627 25
001161628 31
001161629 24
001161630 40
001161631 20
001161632 23
001161633 32
001161634 22
001161635 31
001161636 13
001161637 17
001161638 7
001161639 13
001161640 24
001161641 20
001161642 15
001161643 34
001161645 11
001161646 18
001161647 17
001161648 9
001161649 33
001161650 26
001161651 22
001161652 20
001161653 14
001161654 21
001161655 21
001161656 17
001161657 31
001161658 15
001161659 28
001161660 17
001161661 22
001161662 11
001161663 14
001161664 20
001161665 6
001161666 22
001161667 28
001161668 12
001161669 17
001161670 11
001161671 12
001161672 17
001161673 36
001161674 25
001161675 23
001161676 13
001161677 15
001161678 12
001161679 10
001161680 11
001161681 17
001161682 24
001161683 15
001161684 14
001161685 16
001161686 7
001161687 12
001161688 23
001161689 7
001161690 27
001161691 13
001161692 33
001161693 20
001161694 25
001161695 5
001161696 14
001161697 18
001161698 23
001161699 13
001161700 7
001161701 12
001161702 24
001161703 20
001161704 21
001161705 15
001161706 24
001161707 35
001161708 17
001161709 13
001161710 13
001161711 19
001161712 7
001161713 7
001161714 8
001161715 17
001161716 14
001161717 20
001161718 26
001161719 18
001161720 26
001161721 32
001161722 14
001161723 21
001161724 23
001161725 18
001161726 21
001161727 23
001161728 10
001161729 16
001161730 17
001161731 12
001161732 5
001161733 16
001161734 25
001161735 15
001161736 12
001161737 8
001161738 12
001161739 24
001161740 23
001161741 27
001161742 7
001161743 31
001161744 14
001161745 12
001161746 12
001161747 23
001161748 28
001161749 23
001161750 26
001161751 19
001161752 27
001161753 17
001161754 11
001161755 41
001161756 39
001161757 9
001161758 9
001161759 29
001161760 15
001161761 12
001161762 11
001161763 13
001161764 17
001161765 12
001161766 14
001161767 10
001161768 13
001161769 7
001161770 10
001161771 18
001161772 21
001161773 24
001161774 16
001161775 12
001161776 28
001161777 27
001161778 24
001161779 18
001161780 11
001161781 17
001161782 11
001161784 25
001161785 19
001161786 21
001161787 23
001161788 29
001161789 15
001161790 27
001161791 29
001161792 21
001161793 22
001161794 35
001161795 25
001161796 10
001161797 23
001161798 8
001161799 34
001161800 23
001170001 10
001170002 41
001170003 16
001170004 33
001170005 35
001170006 21
001170007 30
001170008 26
001170009 14
001170010 26
001170011 20
001170012 34
001170014 37
001170016 46
001170017 18
001170018 25
001170019 42
001170020 23
001170021 7
001170022 11
001170023 14
001170024 12
001170025 20
001170026 8
001170027 12
001170029 11
001170030 14
001170031 15
001170032 19
001170033 20
001170034 20
001170036 8
001170037 17
001170038 10
001170039 11
001170040 14
001170041 4
001170042 4
001170043 14
001170044 10
001170045 6
001170046 9
001170047 10
001170048 15
001170049 7
001170050 14
001170052 17
001170053 9
001170054 7
001170055 12
001170056 13
001170057 16
001170058 15
001170059 9
001170060 14
001170061 17
001170062 11
001170063 21
001170064 13
001170065 18
001170066 8
001170067 11
001170068 13
001170069 20
001170070 19
001170071 14
001170072 12
001170073 15
001170074 14
001170075 13
001170076 18
001170077 7
001170078 20
001170079 14
001170080 10
001170081 13
001170082 17
001170083 12
001170084 13
001170085 11
001170086 14
001170087 15
001170088 15
001170089 21
001170090 28
001170091 15
001170092 35
001170093 16
001170094 13
001170095 14
001170096 14
001170097 13
001170098 19
001170099 17
001170100 18
001170101 24
001170102 14
001170103 30
001170104 15
001170105 22
001170106 17
001170107 36
001170108 30
001170109 22
001170110 15
001170111 27
001170112 13
001170113 30
001170114 22
001170115 20
001170116 19
001170117 23
001170118 12
001170119 12
001170120 31
001170121 15
001170122 8
001170123 12
001170124 28
001170125 9
001170126 13
001170127 11
001170128 13
001170129 19
001170130 12
001170131 31
001170132 18
001170133 28
001170134 13
001170135 21
001170136 19
001170137 20
001170138 32
001170139 21
001170140 30
001170141 20
001170142 19
001170143 7
001170144 21
001170145 21
001170146 32
001170147 11
001170148 24
001170149 13
001170150 16
001170151 27
001170152 14
001170153 29
001170154 17
001170155 13
001170156 24
001170157 16
001170158 25
001170159 28
001170160 13
001170161 27
001170162 15
001170163 19
001170164 16
001170165 19
001170166 19
001170167 10
001170168 26
001170169 14
001170170 11
001170171 16
001170172 18
001170173 15
001170174 18
001170175 13
001170176 34
001170177 21
001170178 23
001170179 21
001170180 27
001170181 34
001170182 22
001170183 12
001170184 20
001170185 13
001170186 9
001170187 16
001170188 21
001170189 9
001170190 14
001170191 31
001170192 13
001170193 19
001170194 17
001170195 29
001170196 11
001170197 9
001170198 23
001170199 11
001170200 10
001170201 33
001170202 14
001170203 30
001170204 17
001170205 11
001170206 23
001170207 20
001170208 28
001170209 14
001170210 15
001170211 23
001170212 13
001170213 34
001170214 13
001170215 26
001170216 14
001170217 12
001170218 42
001170219 9
001170220 7
001170221 19
001170222 14
001170223 28
001170224 16
001170225 14
001170226 19
001170227 24
001170228 19
001170229 28
001170230 20
001170231 20
001170232 6
001170233 10
001170234 16
001170235 28
001170236 21
001170237 12
001170238 24
001170239 23
001170240 23
001170241 11
001170242 12
001170243 12
001170244 24
001170245 17
001170246 8
001170247 17
001170248 19
001170249 20
001170250 34
001170251 15
001170252 17
001170253 13
001170254 27
001170255 18
001170256 7
001170257 27
001170258 42
001170259 35
001170260 6
001170261 16
001170262 33
001170263 13
001170264 40
001170265 28
001170266 9
001170267 26
001170268 19
001170269 16
001170270 24
001170271 31
001170272 30
001170273 35
001170274 11
001170275 19
001170276 28
001170277 18
001170278 16
001170279 15
001170280 29
001170281 21
001170282 18
001170283 11
001170284 7
001170285 16
001170286 13
001170287 31
001170288 22
001170289 27
001170290 24
001170291 28
001170292 11
001170293 21
001170294 13
001170295 21
001170296 6
001170297 11
001170298 26
001170299 7
001170300 21
001170301 11
001170302 11
001170303 35
001170304 27
001170305 16
001170306 8
001170307 40
001170308 9
001170309 30
001170310 17
001170311 9
001170312 28
001170313 11
001170314 10
001170315 11
001170316 8
001170317 21
001170318 19
001170319 17
001170320 33
001170321 26
001170322 32
001170323 29
001170324 19
001170325 8
001170326 20
001170327 14
001170328 24
001170329 19
001170330 21
001170331 21
001170332 14
001170333 16
001170334 14
001170335 20
001170336 23
001170337 21
001170338 26
001170339 25
001170340 17
001170341 11
001170342 22
001170343 9
001170344 36
001170345 25
001170346 33
001170347 40
001170348 16
001170349 10
001170350 39
001170351 14
001170353 32
001170354 8
001170355 22
001170356 14
001170357 14
001170358 18
001170359 15
001170360 6
001170361 21
001170362 35
001170363 12
001170364 20
001170365 22
001170366 16
001170367 7
001170368 15
001170369 25
001170370 38
001170371 14
001170372 20
001170373 31
001170374 30
001170375 17
001170376 7
001170377 23
001170378 19
001170379 9
001170380 27
001170381 27
001170382 18
001170383 13
001170385 9
001170386 11
001170388 26
001170389 30
001170390 16
001170391 11
001170392 17
001170393 14
001170394 12
001170395 21
001170396 25
001170397 12
001170398 19
001170399 32
001170400 22
001171401 12
001171402 18
001171403 13
001171404 21
001171405 13
001171406 15
001171407 17
001171408 16
001171409 10
001171410 19
001171411 19
001171412 21
001171413 6
001171414 19
001171415 11
001171416 12
001171417 27
001171418 12
001171419 16
001171420 14
001171422 13
001171423 10
001171424 15
001171425 10
001171426 12
001171428 10
001171429 15
001171430 17
001171431 14
001171432 20
001171433 25
001171434 14
001171435 10
001171436 11
001171437 11
001171438 16
001171439 19
001171440 8
001171441 17
001171442 20
001171443 17
001171444 19
001171445 15
001171446 19
001171447 11
001171448 15
001171449 9
001171450 16
001171451 21
001171452 25
001171453 15
001171454 6
001171455 17
001171456 20
001171457 13
001171458 23
001171459 15
001171460 15
001171461 16
001171462 14
001171463 21
001171464 16
001171465 13
001171466 19
001171467 9
001171469 18
001171470 18
001171471 14
001171472 20
001171473 12
001171474 8
001171475 20
001171476 13
001171477 13
001171478 14
001171479 16
001171480 33
001171481 12
001171482 14
001171483 17
001171484 14
001171485 11
001171487 18
001171488 15
001171489 25
001171490 13
001171491 15
001171492 16
001171493 11
001171494 13
001171495 12
001171496 21
001171497 15
001171498 15
001171499 14
001171500 18
001171501 15
001171502 24
001171503 23
001171504 18
001171505 31
001171506 8
001171507 19
001171508 6
001171509 37
001171510 30
001171511 19
001171512 29
001171513 20
001171514 23
001171515 18
001171516 7
001171517 34
001171518 22
001171519 36
001171520 20
001171521 28
001171522 9
001171523 9
001171524 30
001171525 45
001171526 20
001171527 12
001171528 20
001171529 12
001171530 27
001171531 6
001171532 13
001171533 10
001171534 22
001171535 16
001171536 16
001171537 12
001171538 17
001171539 25
001171540 13
001171541 14
001171542 23
001171543 18
001171544 20
001171545 14
001171546 18
001171547 13
001171548 8
001171549 9
001171550 21
001171551 11
001171552 20
001171553 31
001171554 28
001171555 34
001171556 21
001171557 27
001171558 15
001171559 26
001171560 15
001171561 28
001171562 10
001171563 8
001171564 28
001171565 6
001171566 6
001171567 14
001171568 6
001171569 23
001171570 20
001171571 10
001171573 10
001171574 14
001171575 23
001171576 32
001171577 21
001171578 10
001171579 16
001171580 24
001171581 25
001171582 14
001171583 17
001171584 20
001171585 27
001171586 23
001171587 5
001171588 8
001171589 16
001171590 22
001171591 19
001171593 23
001171594 26
001171595 15
001171596 37
001171597 17
001171598 12
001171599 16
001171600 22
001171601 35
001171602 30
001171603 17
001171604 6
001171605 31
001171606 26
001171607 19
001171608 23
001171609 5
001171610 13
001171611 22
001171612 31
001171613 29
001171614 15
001171615 27
001171616 11
001171617 27
001171618 7
001171619 13
001171620 34
001171621 6
001171623 13
001171624 26
001171625 18
001171626 24
001171627 16
001171628 13
001171629 23
001171630 5
001171631 17
001171632 25
001171633 35
001171634 35
001171635 9
001171636 19
001171637 12
001171638 32
001171639 12
001171640 22
001171641 32
001171642 34
001171643 29
001171644 26
001171645 14
001171646 14
001171647 10
001171648 20
001171649 19
001171650 31
001171651 28
001171653 16
001171654 14
001171655 12
001171656 26
001171657 25
001171658 25
001171659 18
001171660 22
001171661 23
001171662 14
001171663 23
001171664 34
001171665 12
001171667 22
001171668 33
001171669 23
001171670 11
001171671 19
001171672 12
001171673 22
001171674 7
001171675 31
001171676 27
001171677 18
001171678 25
001171680 21
001171681 31
001171682 5
001171683 8
001171684 31
001171685 6
001171686 20
001171687 23
001171688 18
001171689 13
001171690 32
001171691 20
001171692 21
001171693 28
001171694 24
001171695 14
001171697 5
001171698 18
001171699 24
001171700 6
001171701 28
001171702 16
001171703 26
001171704 24
001171705 36
001171706 8
001171707 12
001171708 15
001171709 28
001171710 23
001171711 8
001171712 26
001171713 33
001171714 9
001171715 26
001171716 12
001171717 27
001171719 14
001171720 37
001171721 17
001171722 10
001171723 25
001171724 10
001171725 39
001171726 19
001171727 17
001171728 8
001171729 15
001171730 15
001171731 17
001171732 29
001171733 16
001171735 38
001171736 21
001171737 37
001171738 7
001171739 15
001171740 15
001171741 11
001171742 38
001171743 20
001171744 10
001171745 10
001171746 21
001171747 25
001171748 12
001171749 29
001171750 14
001171751 19
001171752 21
001171753 25
001171754 34
001171755 24
001171756 22
001171757 13
001171758 35
001171759 28
001171760 40
001171761 30
001171762 13
001171763 11
001171764 19
001171765 11
001171766 22
001171767 17
001171768 5
001171769 26
001171770 15
001171771 27
001171772 5
001171773 25
001171774 31
001171775 20
001171776 25
001171777 34
001171778 15
001171779 17
001171780 14
001171781 22
001171782 19
001171783 16
001171784 32
001171785 14
001171786 14
001171787 24
001171788 20
001171789 10
001171790 23
001171791 10
001171792 14
001171793 12
001171794 25
001171795 21
001171796 5
001171797 6
001171798 13
001171799 20
001171800 30
001180001 10
001180002 41
001180003 16
001180004 33
001180005 35
001180006 21
001180007 30
001180008 24
001180009 14
001180010 27
001180011 20
001180012 34
001180013 20
001180014 37
001180015 27
001180016 46
001180017 17
001180018 25
001180019 42
001180020 24
001180021 7
001180022 11
001180023 14
001180024 12
001180025 20
001180026 9
001180027 12
001180028 8
001180029 11
001180030 14
001180032 19
001180033 20
001180034 20
001180036 9
001180037 15
001180038 10
001180039 11
001180040 20
001180041 4
001180042 4
001180043 15
001180044 10
001180045 6
001180046 15
001180047 10
001180048 15
001180049 7
001180050 14
001180052 17
001180053 8
001180054 7
001180055 12
001180057 16
001180058 14
001180059 9
001180060 14
001180061 17
001180062 11
001180063 20
001180064 13
001180065 18
001180066 8
001180067 11
001180068 13
001180069 20
001180070 19
001180071 14
001180072 12
001180073 15
001180074 15
001180075 13
001180076 18
001180077 12
001180078 20
001180079 14
001180080 10
001180081 13
001180082 18
001180083 14
001180084 13
001180085 11
001180086 14
001180087 15
001180088 15
001180089 20
001180090 22
001180091 15
001180092 35
001180093 16
001180094 13
001180096 14
001180098 19
001180099 17
001180100 17
001180101 24
001180102 30
001180103 28
001180105 25
001180107 18
001180108 22
001180109 20
001180110 40
001180111 18
001180112 21
001180113 18
001180114 15
001180115 10
001180116 16
001180118 6
001180119 19
001180120 14
001180121 32
001180122 14
001180123 22
001180124 9
001180125 17
001180126 20
001180127 35
001180128 14
001180129 31
001180131 11
001180132 23
001180133 26
001180134 15
001180135 21
001180136 10
001180137 26
001180138 12
001180140 29
001180141 12
001180142 30
001180143 14
001180144 24
001180145 24
001180146 15
001180147 26
001180148 13
001180149 25
001180150 26
001180151 25
001180153 46
001180154 13
001180155 10
001180156 20
001180157 10
001180158 22
001180159 35
001180160 11
001180161 20
001180162 10
001180163 10
001180164 33
001180165 14
001180166 18
001180167 41
001180168 34
001180169 24
001180170 25
001180171 20
001180172 22
001180173 26
001180174 15
001180175 23
001180176 15
001180177 16
001180178 15
001180179 27
001180180 18
001180181 31
001180182 9
001180183 16
001180184 10
001180186 5
001180187 12
001180188 30
001180189 14
001180190 19
001180191 33
001180192 30
001180193 9
001180194 24
001180195 10
001180196 25
001180197 20
001180198 21
001180199 18
001180200 19
001180201 23
001180202 33
001180204 30
001180205 30
001180206 26
001180207 29
001180208 15
001180209 14
001180210 18
001180212 13
001180213 16
001180214 25
001180215 6
001180217 29
001180218 19
001180219 7
001180220 17
001180221 27
001180223 24
001180224 14
001180225 31
001180226 14
001180227 16
001180229 30
001180230 10
001180231 17
001180232 19
001180233 6
001180234 15
001180235 16
001180237 12
001180238 29
001180239 22
001180240 13
001180241 17
001180242 23
001180243 26
001180244 34
001180245 19
001180246 11
001180247 20
001180248 24
001180249 14
001180250 12
001180251 9
001180252 15
001180253 16
001180254 7
001180255 17
001180256 7
001180257 9
001180258 8
001180259 17
001180260 27
001180261 12
001180263 23
001180264 12
001180265 32
001180266 19
001180268 26
001180269 9
001180270 53
001180271 17
001180272 28
001180273 20
001180274 22
001180275 10
001180276 11
001180277 17
001180278 24
001180279 12
001180280 20
001180281 27
001180282 6
001180283 34
001180284 19
001180285 26
001180286 36
001180288 8
001180289 16
001180290 12
001180291 31
001180292 19
001180295 25
001180296 16
001180297 21
001180298 30
001180299 11
001180300 16
001180301 8
001180302 23
001180303 12
001180304 20
001180305 16
001180306 27
001180307 17
001180309 33
001180310 6
001180311 23
001180312 17
001180313 11
001180314 36
001180315 21
001180316 16
001180317 21
001180318 25
001180319 38
001180320 16
001180321 32
001180322 13
001180323 13
001180324 13
001180325 12
001180326 20
001180328 5
001180329 18
001180330 33
001180331 16
001180332 12
001180333 7
001180334 24
001180335 16
001180336 21
001180337 16
001180338 23
001180339 7
001180340 8
001180341 6
001180342 18
001180343 20
001180344 26
001180345 22
001180346 35
001180347 27
001180348 19
001180349 12
001180350 11
001180351 20
001180353 13
001180354 31
001180355 28
001180356 36
001180357 21
001180358 16
001180359 23
001180360 29
001180361 11
001180363 22
001180364 14
001180365 26
001180366 11
001180367 19
001180368 12
001180369 16
001180370 24
001180372 26
001180373 16
001180374 15
001180375 22
001180376 28
001180377 26
001180378 11
001180379 37
001180380 17
001180381 20
001180382 14
001180383 20
001180384 25
001180385 14
001180386 23
001180387 22
001180388 11
001180389 24
001180390 19
001180391 28
001180392 24
001180393 33
001180394 18
001180395 21
001180396 36
001180397 18
001180399 6
001180400 21
001181401 12
001181402 18
001181403 13
001181404 21
001181405 13
001181406 15
001181407 17
001181408 16
001181409 10
001181410 25
001181411 25
001181412 21
001181413 6
001181414 18
001181415 11
001181416 13
001181417 27
001181418 12
001181419 16
001181421 8
001181422 13
001181423 10
001181424 15
001181425 10
001181426 12
001181427 22
001181428 10
001181429 15
001181430 17
001181431 14
001181432 20
001181433 19
001181434 14
001181435 10
001181436 12
001181437 12
001181438 16
001181439 18
001181440 8
001181441 17
001181442 20
001181443 17
001181444 19
001181445 15
001181446 21
001181447 11
001181448 16
001181449 12
001181450 16
001181451 21
001181452 25
001181453 15
001181454 6
001181455 20
001181456 20
001181457 13
001181458 23
001181459 15
001181460 16
001181461 16
001181463 21
001181464 16
001181465 13
001181466 19
001181467 9
001181468 15
001181470 18
001181471 14
001181473 12
001181474 8
001181475 20
001181476 13
001181477 13
001181478 14
001181479 17
001181480 33
001181481 12
001181482 14
001181483 17
001181485 10
001181487 18
001181488 15
001181489 25
001181490 13
001181491 15
001181492 16
001181493 11
001181494 11
001181495 12
001181496 21
001181497 16
001181498 15
001181499 14
001181500 18
001181501 19
001181502 28
001181503 23
001181504 41
001181505 12
001181506 27
001181508 14
001181509 14
001181510 10
001181511 38
001181512 33
001181513 34
001181514 22
001181515 23
001181516 21
001181517 29
001181518 16
001181519 17
001181520 7
001181521 14
001181522 14
001181523 18
001181524 10
001181525 36
001181526 17
001181527 8
001181528 15
001181529 30
001181530 8
001181531 16
001181532 7
001181533 13
001181534 12
001181535 16
001181536 10
001181537 26
001181538 28
001181539 6
001181540 9
001181541 9
001181542 27
001181543 7
001181544 18
001181545 16
001181546 37
001181547 30
001181548 15
001181549 25
001181551 18
001181552 10
001181553 39
001181554 31
001181555 14
001181556 22
001181557 13
001181558 18
001181560 19
001181561 20
001181562 16
001181563 32
001181564 15
001181565 14
001181566 11
001181567 15
001181568 26
001181569 29
001181570 16
001181571 11
001181572 16
001181573 26
001181574 24
001181575 23
001181576 22
001181577 9
001181578 12
001181579 17
001181580 17
001181581 21
001181582 26
001181583 24
001181584 6
001181585 18
001181586 31
001181587 7
001181588 18
001181589 16
001181590 11
001181591 12
001181592 12
001181593 12
001181594 21
001181595 25
001181596 26
001181597 11
001181598 13
001181599 33
001181600 20
001181601 41
001181602 22
001181603 29
001181604 20
001181605 34
001181606 34
001181607 23
001181608 23
001181609 21
001181610 14
001181611 20
001181612 18
001181613 25
001181614 14
001181615 19
001181617 21
001181618 11
001181619 25
001181620 10
001181621 46
001181622 28
001181623 13
001181624 14
001181625 28
001181626 33
001181627 33
001181628 26
001181629 25
001181630 15
001181631 10
001181632 24
001181633 10
001181634 7
001181635 9
001181636 10
001181637 20
001181638 15
001181639 12
001181640 28
001181642 16
001181643 12
001181644 14
001181645 24
001181646 10
001181647 22
001181648 23
001181649 23
001181650 25
001181651 36
001181652 10
001181653 19
001181654 23
001181655 16
001181656 23
001181657 31
001181659 17
001181660 8
001181661 17
001181662 14
001181663 15
001181664 27
001181665 8
001181666 16
001181667 15
001181668 18
001181669 29
001181670 38
001181671 33
001181672 40
001181673 16
001181674 13
001181675 32
001181676 13
001181677 10
001181678 12
001181680 10
001181681 28
001181682 19
001181683 6
001181684 11
001181685 24
001181686 6
001181687 25
001181688 19
001181689 26
001181690 15
001181691 26
001181692 37
001181693 16
001181694 19
001181695 10
001181696 29
001181697 28
001181698 34
001181699 14
001181700 14
001181701 12
001181702 10
001181703 9
001181704 12
001181705 18
001181706 29
001181707 18
001181708 16
001181709 36
001181710 20
001181711 31
001181712 17
001181713 23
001181714 7
001181715 13
001181716 13
001181717 22
001181718 26
001181719 13
001181720 19
001181721 9
001181722 20
001181723 12
001181724 14
001181725 15
001181726 17
001181727 31
001181728 30
001181729 9
001181730 23
001181731 14
001181732 18
001181733 25
001181734 22
001181735 35
001181736 9
001181737 25
001181738 23
001181739 16
001181740 8
001181741 14
001181742 30
001181743 31
001181744 8
001181745 16
001181746 28
001181747 20
001181748 15
001181749 21
001181751 24
001181752 19
001181753 35
001181754 20
001181755 13
001181756 7
001181757 19
001181758 9
001181759 21
001181760 31
001181761 24
001181762 22
001181763 14
001181764 21
001181765 35
001181766 24
001181767 25
001181768 10
001181769 35
001181770 10
001181771 10
001181772 22
001181773 30
001181774 16
001181775 11
001181776 17
001181777 31
001181779 9
001181780 10
001181781 18
001181782 22
001181783 30
001181784 19
001181785 28
001181786 23
001181787 19
001181788 7
001181789 11
001181790 27
001181791 17
001181792 22
001181793 14
001181794 26
001181795 36
001181796 36
001181797 7
001181798 19
001181799 36
001181800 11
001190001 10
001190002 41
001190003 16
001190004 33
001190005 35
001190006 21
001190007 30
001190008 24
001190009 20
001190010 33
001190011 20
001190012 34
001190013 20
001190014 37
001190015 27
001190016 46
001190017 18
001190018 25
001190019 42
001190020 23
001190021 7
001190023 14
001190024 12
001190025 20
001190026 8
001190027 12
001190028 8
001190029 11
001190031 15
001190032 25
001190033 20
001190034 20
001190036 8
001190037 17
001190038 10
001190039 11
001190040 14
001190041 4
001190042 4
001190043 14
001190044 10
001190045 6
001190046 9
001190047 10
001190048 15
001190049 7
001190050 14
001190052 17
001190053 8
001190054 7
001190057 16
001190058 14
001190059 9
001190060 14
001190061 17
001190062 11
001190063 20
001190064 13
001190065 18
001190067 11
001190068 13
001190069 20
001190070 19
001190071 14
001190072 12
001190073 15
001190074 14
001190075 13
001190076 18
001190077 7
001190078 20
001190079 14
001190080 10
001190082 17
001190083 14
001190084 13
001190085 11
001190086 14
001190087 15
001190088 15
001190089 21
001190090 22
001190091 15
001190092 35
001190093 16
001190094 13
001190095 14
001190096 14
001190097 13
001190098 19
001190099 17
001190100 17
001190101 21
001190102 8
001190103 23
001190104 5
001190105 17
001190106 30
001190107 10
001190108 9
001190109 10
001190110 19
001190111 12
001190112 23
001190114 20
001190115 15
001190118 19
001190119 16
001190120 36
001190121 13
001190122 28
001190123 15
001190126 29
001190127 21
001190128 27
001190129 40
001190130 23
001190133 23
001190134 24
001190135 11
001190136 33
001190137 15
001190138 25
001190139 21
001190142 14
001190144 26
001190147 19
001190148 32
001190149 18
001190150 17
001190151 22
001190152 22
001190153 31
001190154 27
001190155 5
001190156 13
001190157 31
001190158 11
001190159 27
001190160 33
001190162 27
001190163 22
001190164 16
001190165 19
001190166 18
001190167 27
001190169 23
001190170 14
001190171 11
001190172 30
001190173 19
001190174 21
001190176 16
001190177 22
001190178 15
001190179 16
001190181 11
001190182 37
001190183 20
001190184 25
001190185 6
001190186 21
001190187 12
001190188 9
001190190 31
001190191 18
001190192 19
001190193 31
001190194 29
001190195 14
001190196 22
001190198 28
001190199 16
001190200 20
001190201 21
001190202 18
001190203 17
001190205 25
001190206 26
001190207 17
001190208 17
001190209 24
001190210 11
001190211 27
001190212 29
001190213 9
001190214 17
001190217 25
001190218 22
001190220 19
001190221 18
001190222 22
001190223 20
001190224 23
001190225 6
001190226 20
001190227 19
001190228 27
001190229 17
001190230 16
001190231 17
001190232 26
001190233 11
001190235 26
001190237 22
001190238 6
001190239 14
001190240 19
001190241 30
001190242 19
001190243 28
001190244 22
001190245 28
001190246 18
001190247 28
001190248 25
001190249 6
001190250 19
001190251 27
001190252 26
001190253 23
001190254 18
001190255 16
001190256 12
001190257 27
001190258 10
001190260 22
001190261 41
001190262 23
001190263 15
001190264 19
001190265 32
001190266 13
001190267 24
001190268 12
001190269 29
001190270 7
001190271 22
001190272 21
001190273 13
