000650372 88960
000650374 57920
000650375 64672
000650376 84160
000650377 56640
000650378 61600
000650380 41440
000650381 121920
000650384 123520
000650386 83680
000650387 88000
000650388 69760
000650389 70080
000650390 95360
000650391 77920
000650392 58400
000650394 70880
000650396 81600
000650399 118720
000650400 72640
000651401 61072
000651402 74144
000651404 84800
000651405 66400
000651406 57120
000651408 69760
000651409 49760
000651410 68320
000651411 71360
000651412 76384
000651413 38640
000651414 80800
000651415 60160
000651416 67840
000651417 81600
000651418 60160
000651419 55040
000651420 48640
000651421 41440
000651422 49936
000651423 55680
000651425 54560
000651426 60720
000651427 71296
000651428 51200
000651429 44800
000651430 64256
000651431 42448
000651432 62080
000651433 73760
000651434 59040
000651435 52512
000651436 58240
000651437 52800
000651438 55200
000651439 78240
000651440 39360
000651441 59200
000651442 63200
000651443 70560
000651444 73120
000651445 57360
000651446 81760
000651447 55040
000651448 53120
000651449 62560
000651450 63616
000651451 69760
000651452 77760
000651453 66880
000651454 42720
000651455 69280
000651456 69600
000651457 65600
000651459 49792
000651460 63936
000651461 62080
000651462 52160
000651463 67680
000651464 64000
000651465 58608
000651466 60096
000651467 53920
000651468 64256
000651469 67040
000651470 61760
000651471 53280
000651472 67360
000651473 46240
000651474 49760
000651475 63520
000651476 57008
000651477 64640
000651478 49568
000651479 61920
000651480 86080
000651481 61712
000651482 58048
000651483 53456
000651484 58400
000651485 56800
000651486 55520
000651487 68640
000651488 51168
000651489 81280
000651490 51520
000651491 51360
000651492 60560
000651493 49600
000651494 52160
000651495 52736
000651496 58432
000651497 52320
000651498 59200
000651499 60096
000651500 59200
000651501 103360
000651502 74400
000651503 89136
000651504 46080
000651505 76704
000651506 92320
000651507 99808
000651508 90720
000651509 109600
000651510 103040
000651511 98080
000651512 79520
000651513 60320
000651514 78720
000651515 109280
000651516 100640
000651517 125280
000651519 89920
000651520 51360
000651521 57440
000651522 78720
000651523 111152
000651524 78240
000651525 80912
000651526 99520
000651527 80320
000651528 104320
000651529 68640
000651530 120640
000651531 86720
000651532 75520
000651533 83040
000651534 89600
000651536 61760
000651537 42720
000651538 70080
000651539 79680
000651540 87712
000651543 78560
000651544 61120
000651545 46720
000651546 69072
000651548 57488
000651550 111680
000651551 42560
000651552 121120
000651553 66400
000651554 76800
000651555 71808
000651557 58592
000651558 73296
000651560 102400
000651561 111040
000651562 50880
000651563 58400
000651564 120160
000651565 75040
000651566 56000
000651567 59360
000651569 91520
000651570 64640
000651571 118080
000651573 58560
000651574 72640
000651576 113760
000651577 72976
000651578 93600
000651579 86896
000651580 100800
000651581 87680
000651582 50032
000651583 47840
000651584 112640
000651585 54720
000651586 97280
000651587 88800
000651588 76480
000651589 133120
000651590 156000
000651593 88480
000651594 115360
000651595 69280
000651596 75040
000651597 104320
000651598 117280
000651599 95200
000651600 74560
000651601 96144
000651602 103040
000651603 66880
000651604 109920
000651605 119680
000651607 60480
000651608 46080
000651609 73120
000651610 72960
000651611 96160
000651614 86880
000651616 69440
000651617 109120
000651618 48800
000651619 54000
000651620 86560
000651621 61024
000651622 72160
000651623 88960
000651624 106080
000651625 57760
000651626 52848
000651628 110400
000651629 100000
000651630 65920
000651631 45760
000651632 45120
000651633 120800
000651634 73600
000651635 40160
000651636 52160
000651637 135360
000651638 112000
000651639 65263
000651640 140320
000651641 71520
000651642 65120
000651643 113280
000651646 154560
000651648 86560
000651650 63360
000651651 124160
000651652 55200
000651654 64480
000651655 124160
000651656 89440
000651657 55520
000651658 122880
000651659 75520
000651660 84480
000651661 107520
000651663 61920
000651664 91680
000651665 92320
000651666 55040
000651667 52160
000651668 84960
000651669 99520
000651671 63040
000651672 94720
000651673 72640
000651674 116800
000651675 89120
000651676 102400
000651677 58880
000651679 96480
000651683 74720
000651684 102720
000651685 39888
000651686 86560
000651687 125280
000651689 83040
000651690 102560
000651691 56480
000651692 100960
000651693 91840
000651694 74560
000651695 74560
000651696 127840
000651697 49008
000651698 57120
000651699 71520
000651700 82720
000651701 92640
000651702 64032
000651703 103840
000651705 112640
000651706 105280
000651707 52224
000651708 68960
000651709 64319
000651711 150080
000651712 60640
000651713 103360
000651714 53280
000651716 121440
000651718 88480
000651719 71200
000651720 56160
000651721 89440
000651722 86288
000651723 44000
000651725 87584
000651726 99040
000651727 74880
000651728 114240
000651729 60480
000651730 39840
000651732 91680
000651733 90208
000651735 113440
000651736 96960
000651737 95520
000651739 90400
000651740 68000
000651741 94576
000651742 98080
000651743 139520
000651744 38976
000651746 39360
000651747 57920
000651748 104480
000651749 87840
000651751 100960
000651752 96160
000651753 114720
000651754 79520
000651756 64176
000651757 70560
000651758 74400
000651759 84480
000651760 67200
000651761 44000
000651763 84000
000651764 92480
000651765 65343
000651766 58240
000651767 70080
000651768 46320
000651769 95680
000651772 72592
000651773 96960
000651775 56512
000651777 110112
000651779 79424
000651780 70880
000651781 42080
000651782 87040
000651783 71840
000651784 122576
000651785 97760
000651787 55200
000651788 49920
000651789 53872
000651790 74080
000651791 61376
000651792 106240
000651793 116160
000651794 84256
000651795 130400
000651796 67520
000651797 89280
000651798 68960
000651799 61232
000651800 59040
000661401 63360
000661402 77600
000661403 66400
000661404 95040
000661405 64319
000661406 63712
000661407 63680
000661408 77440
000661409 51040
000661411 78560
000661412 83200
000661413 40000
000661414 85600
000661415 59520
000661417 99200
000661418 57760
000661419 60960
000661420 49312
000661421 44320
000661422 54240
000661423 52960
000661424 60640
000661425 59840
000661426 72480
000661427 89600
000661428 55840
000661429 51520
000661430 79200
000661431 47680
000661432 80960
000661433 76320
000661434 66080
000661435 55040
000661436 65920
000661437 49600
000661438 56960
000661439 81440
000661440 42240
000661441 68320
000661442 65440
000661443 69280
000661444 80160
000661445 56960
000661446 77120
000661447 60000
000661448 65280
000661449 61920
000661450 66080
000661451 80800
000661452 83040
000661453 79680
000661454 43520
000661455 62560
000661456 103200
000661457 72480
000661458 91360
000661459 50720
000661460 58720
000661461 59840
000661462 52000
000661463 79840
000661464 64640
000661465 54880
000661466 68320
000661467 56960
000661468 63840
000661469 66720
000661470 63360
000661471 56960
000661472 72800
000661473 54240
000661474 51200
000661475 69600
000661476 65920
000661477 70080
000661478 50240
000661479 71840
000661480 82560
000661481 62240
000661482 72320
000661483 65280
000661484 54400
000661485 62240
000661486 60160
000661487 77120
000661488 60160
000661489 101280
000661490 51040
000661491 58400
000661492 62400
000661493 52160
000661494 56320
000661495 53920
000661496 66240
000661497 53920
000661498 60640
000661499 67520
000661500 67520
000661501 87040
000661502 108160
000661503 62400
000661504 58400
000661505 59680
000661506 42880
000661507 72160
000661508 56960
000661509 110240
000661510 180800
000661511 63200
000661512 92960
000661513 74560
000661514 89440
000661515 107680
000661516 80160
000661517 52160
000661518 79200
000661519 42240
000661520 106400
000661521 67680
000661522 109600
000661523 57120
000661524 89920
000661525 64480
000661526 91840
000661527 40800
000661528 95840
000661529 64480
000661530 89120
000661531 103040
000661532 121920
000661533 56960
000661534 51680
000661535 94400
000661536 124960
000661537 64800
000661538 76480
000661539 46880
000661540 123360
000661541 98880
000661542 51200
000661543 76160
000661544 62400
000661545 135200
000661546 90240
000661547 94560
000661548 93920
000661549 83840
000661550 92000
000661551 89760
000661553 107680
000661554 101280
000661555 66080
000661556 110880
000661557 129759
000661558 39360
000661559 71520
000661560 93280
000661561 81760
000661563 68000
000661564 98880
000661565 82240
000661566 105280
000661567 100480
000661568 88160
000661569 131039
000661571 62720
000661572 74240
000661573 75360
000661574 102560
000661575 48640
000661576 61552
000661577 87840
000661578 129919
000661579 111040
000661580 55040
000661581 105440
000661582 51360
000661583 83680
000661584 94400
000661585 82880
000661586 152160
000661587 72160
000661588 54928
000661589 130704
000661590 42880
000661592 99520
000661593 123040
000661594 121920
000661595 74240
000661596 60160
000661597 75680
000661599 109760
000661600 142560
000661601 48320
000661602 94720
000661603 100320
000661604 75680
000661605 124320
000661606 119840
000661607 79360
000661608 122560
000661609 60800
000661611 111360
000661612 66080
000661613 88960
000661614 52320
000661615 65120
000661616 73120
000661618 68160
000661619 64000
000661621 74720
000661622 100640
000661623 52640
000661624 117760
000661625 71360
000661626 125120
000661627 137920
000661628 50560
000661629 100000
000661630 97920
000661631 68480
000661632 97920
000661633 78400
000661634 98720
000661635 50720
000661636 86720
000661637 56480
000661638 105440
000661639 98880
000661640 59840
000661641 51360
000661642 77760
000661643 119200
000661644 48320
000661645 114400
000661646 89280
000661647 108320
000661649 86720
000661650 65920
000661651 86080
000661652 98560
000661653 119360
000661654 48960
000661655 149760
000661656 104000
000661657 90880
000661658 136640
000661659 99840
000661660 51680
000661661 62720
000661662 92000
000661663 80640
000661664 61600
000661665 106880
000661666 47360
000661667 86080
000661668 52800
000661669 48800
000661670 90560
000661671 65760
000661672 164800
000661673 49440
000661674 87040
000661675 77440
000661676 63040
000661677 88160
000661678 89920
000661679 64959
000661680 55040
000661681 61120
000661682 72000
000661683 103520
000661684 116640
000661685 56640
000661686 102240
000661687 125760
000661688 146880
000661689 117440
000661690 134560
000661691 47200
000661692 85280
000661693 79200
000661694 96320
000661696 91520
000661697 58880
000661698 94240
000661699 48960
000661700 81760
000661701 68320
000661702 91680
000661703 63680
000661704 46080
000661705 132800
000661706 84960
000661707 105280
000661708 168960
000661709 53280
000661710 108320
000661711 38080
000661712 72960
000661713 63360
000661714 114080
000661715 57920
000661716 107200
000661717 88736
000661718 83200
000661719 65920
000661720 76000
000661721 60000
000661722 108480
000661723 72000
000661724 78400
000661725 99040
000661726 82560
000661727 47360
000661728 105440
000661729 118240
000661730 101760
000661731 101056
000661732 54880
000661733 94720
000661734 64800
000661735 91680
000661736 94560
000661737 76320
000661738 76640
000661739 64160
000661740 77120
000661741 53280
000661742 60320
000661743 130400
000661744 95200
000661745 78720
000661746 119200
000661747 56640
000661748 59840
000661749 97280
000661750 47840
000661751 86560
000661752 43360
000661753 86400
000661754 67520
000661755 81920
000661756 55520
000661757 69920
000661758 81760
000661759 76640
000661761 60000
000661762 112000
000661763 116960
000661764 79840
000661765 102240
000661766 89600
000661767 117440
000661768 67680
000661769 48800
000661770 37760
000661771 52000
000661772 113120
000661773 89280
000661774 126720
000661775 131200
000661776 134880
000661777 51520
000661778 66240
000661779 71520
000661780 108640
000661781 88320
000661782 78720
000661783 64000
000661784 70240
000661785 82720
000661786 139840
000661787 53760
000661790 52320
000661791 90560
000661792 120160
000661793 99040
000661794 51840
000661795 103200
000661796 48320
000661797 91040
000661798 68640
000661799 59360
000661800 117712
000670001 72464
000670002 254240
000670003 130400
000670005 210560
000670006 113440
000670007 149120
000670008 143840
000670009 109440
000670010 135328
000670011 102864
000670012 192960
000670013 119200
000670014 192000
000670015 140432
000670016 221280
000670017 120752
000670018 110080
000670019 169456
000670020 104960
000670022 71200
000670023 86720
000670024 76640
000670025 110240
000670026 81184
000670027 69440
000670028 68352
000670029 83280
000670030 70288
000670031 82240
000670032 79360
000670033 100960
000670034 130880
000670036 72656
000670037 100000
000670038 60800
000670039 66288
000670040 79840
000670042 38880
000670043 60272
000670044 51680
000670045 45616
000670046 46672
000670047 56800
000670048 96960
000670049 52704
000670050 60064
000670053 45584
000670054 45792
000670057 83472
000670058 71952
000670059 63840
000670060 69216
000670061 68000
000670062 59632
000670063 92800
000670064 69120
000670065 70080
000670066 58720
000670067 52960
000670068 84448
000670069 82240
000670070 64319
000670071 59616
000670072 83120
000670073 85808
000670074 87840
000670075 62400
000670076 103264
000670077 57440
000670078 87840
000670079 72112
000670080 56064
000670081 71600
000670082 100192
000670084 80800
000670085 71184
000670086 68976
000670087 89888
000670088 91568
000670089 142288
000670090 92160
000670091 91232
000670093 97440
000670095 77024
000670096 81504
000670097 75520
000670098 107040
000670099 78560
000670100 100896
000670101 116800
000670102 73504
000670103 107520
000670104 93440
000670105 124000
000670106 106400
000670107 160800
000670108 68640
000670109 78720
000670111 143120
000670112 77280
000670113 119520
000670114 68256
000670116 150832
000670117 69600
000670118 155840
000670119 59520
000670120 142400
000670122 90560
000670124 150720
000670125 128960
000670126 109760
000670127 78704
000670128 155904
000670130 119680
000670131 117600
000670132 136176
000670133 68800
000670134 52480
000670135 93696
000670137 122880
000670138 61600
000670139 74976
000670141 135680
000670142 55440
000670143 132800
000670146 136320
000670147 121456
000670148 65280
000670150 111520
000670151 67536
000670152 113952
000670153 136816
000670155 52544
000670156 82560
000670157 66880
000670158 126400
000670159 64959
000670160 116928
000670161 87360
000670163 65696
000670164 89600
000670165 153600
000670166 117760
000670167 66080
000670168 98400
000670169 195840
000670170 75664
000670171 86560
000670172 116480
000670173 194400
000670176 76960
000670177 69120
000670178 144640
000670179 98080
000670180 155040
000670181 79568
000670182 115520
000670184 133760
000670185 187360
000670186 77920
000670187 102368
000670188 67040
000670189 73440
000670190 85280
000670192 68480
000670193 100000
000670194 82560
000670196 59200
000670198 96832
000670200 64160
000670201 74944
000670203 110304
000670204 149440
000670205 78320
000670207 105600
000670209 151232
000670210 108160
000670211 134720
000670212 118592
000670213 112480
000670214 85280
000670215 109600
000670216 141440
000670217 123520
000670218 104544
000670219 103504
000670220 198080
000670221 173760
000670222 113920
000670223 113600
000670224 85920
000670225 62880
000670226 112640
000670227 168320
000670228 96160
000670229 72416
000670230 138720
000670231 144000
000670232 117280
000670233 106080
000670234 83040
000670236 111200
000670237 141280
000670241 138880
000670242 57616
000670243 176960
000670245 66720
000670246 59200
000670247 186080
000670248 96624
000670249 95056
000670250 132640
000670251 44000
000670252 58320
000670253 65824
000670254 79600
000670257 71264
000670258 92960
000670260 54560
000670261 57120
000670262 57120
000670263 150080
000670264 115680
000670265 63664
000670266 93280
000670267 113120
000670268 137808
000670269 167200
000670271 76032
000670273 98224
000670274 96960
000670275 109760
000670276 57760
000670277 93760
000670278 172160
000670279 184512
000670280 47520
000670281 86400
000670282 88128
000670283 144640
000670284 172800
000670285 98528
000670287 109504
000670288 60224
000670290 76480
000670291 66400
000670292 92448
000670293 134000
000670294 124480
000670295 90720
000670297 117440
000670299 52768
000670300 96752
000670301 89920
000670302 51552
000670303 70384
000670304 77440
000670306 94400
000670308 97440
000670310 97120
000670311 62640
000670312 101280
000670313 127200
000670314 80368
000670315 90560
000670316 94720
000670317 55200
000670318 63056
000670319 128175
000670320 107200
000670321 68960
000670322 67664
000670323 83200
000670324 61280
000670325 94240
000670326 82416
000670328 164800
000670329 93280
000670330 83904
000670331 85440
000670332 85760
000670333 54112
000670334 61456
000670336 126560
000670338 115520
000670339 118560
000670340 67840
000670342 89760
000670344 140480
000670345 123520
000670346 72800
000670347 73280
000670348 94080
000670349 120160
000670350 106080
000670351 118080
000670352 95632
000670353 61120
000670355 52960
000670356 133760
000670357 114560
000670358 95200
000670359 77216
000670360 55200
000670361 53280
000670362 132112
000670363 102400
000670364 102784
000670365 58080
000670366 85376
000670368 98128
000670369 72160
000670370 130400
000670371 82720
000670372 95360
000670373 96640
000670374 121280
000670375 67200
000670377 130240
000670378 117760
000670379 76448
000670380 94080
000670381 81440
000670382 64304
000670384 213600
000670385 175200
000670386 149280
000670387 199040
000670388 82240
000670389 150880
000670390 120640
000670391 85120
000670392 171520
000670393 109696
000670394 125440
000670395 137120
000670396 93440
000670397 144480
000670398 139040
000670399 176800
000671401 74880
000671402 83200
000671403 73920
000671404 100480
000671405 76160
000671406 71520
000671407 75200
000671408 88752
000671409 53680
000671411 95200
000671412 69760
000671413 43376
000671414 101440
000671415 63680
000671416 87680
000671417 109920
000671418 68320
000671419 54864
000671423 51536
000671424 58080
000671425 70560
000671426 78368
000671428 78080
000671429 61600
000671430 78240
000671433 99120
000671434 70720
000671435 81280
000671436 87840
000671440 44704
000671441 71360
000671442 85440
000671443 78080
000671444 120160
000671445 52064
000671446 81920
000671447 69680
000671449 67376
000671450 83520
000671451 104640
000671452 93280
000671456 93888
000671457 89568
000671458 96160
000671459 55520
000671460 74240
000671461 86192
000671463 94720
000671464 78880
000671465 59680
000671466 94864
000671467 63360
000671468 80320
000671470 75040
000671471 64160
000671472 84800
000671473 55040
000671474 69280
000671476 75040
000671477 97168
000671478 61120
000671479 99840
000671480 121280
000671482 69520
000671483 65920
000671484 59840
000671485 58240
000671487 78880
000671488 56544
000671489 108640
000671490 60080
000671491 56160
000671492 67104
000671493 57264
000671494 58880
000671495 69760
000671496 81440
000671497 64447
000671498 73120
000671499 70480
000671500 80640
000671501 84480
000671502 109280
000671503 107200
000671504 59632
000671505 72160
000671506 148800
000671507 111040
000671508 141600
000671509 124000
000671510 130080
000671511 134240
000671512 91040
000671513 154880
000671514 170880
000671515 115040
000671516 95360
000671517 99840
000671518 94720
000671519 144640
000671520 97280
000671521 69600
000671522 174560
000671523 110400
000671524 88800
000671525 130240
000671526 104000
000671527 76000
000671529 116496
000671530 173280
000671532 133600
000671533 147200
000671534 87840
000671535 61440
000671536 86080
000671537 100000
000671538 152544
000671539 176256
000671542 138720
000671543 93344
000671545 66336
000671546 72144
000671547 53920
000671549 64959
000671550 101120
000671552 94736
000671553 73808
000671555 142144
000671556 74976
000671557 109760
000671558 121968
000671560 88992
000671561 146720
000671562 108928
000671563 82240
000671564 81120
000671565 103840
000671568 133760
000671569 75664
000671570 114240
000671571 118144
000671572 132192
000671573 98784
000671574 95360
000671575 50192
000671576 75696
000671577 60144
000671578 54672
000671579 118048
000671580 131200
000671581 79840
000671582 109440
000671583 43296
000671584 101920
000671586 96592
000671587 67680
000671588 61280
000671589 159360
000671592 134560
000671593 85280
000671596 53280
000671597 147360
000671598 87040
000671601 85600
000671602 109920
000671603 57488
000671605 60000
000671606 53760
000671607 72832
000671608 111344
000671609 57760
000671610 85120
000671611 47264
000671612 89088
000671613 73280
000671614 57568
000671615 128800
000671616 83840
000671618 53920
000671619 163360
000671620 118240
000671621 59360
000671622 126560
000671623 85312
000671624 78240
000671625 62400
000671626 133760
000671627 111040
000671628 118560
000671629 127008
000671630 100160
000671631 125760
000671632 110768
000671633 85120
000671634 80480
000671635 60336
000671636 94560
000671637 117600
000671638 144320
000671639 95520
000671640 69216
000671641 137920
000671642 59520
000671643 102784
000671645 48800
000671646 48128
000671647 84960
000671648 51200
000671651 120816
000671652 83360
000671654 97120
000671655 75520
000671656 58560
000671657 34432
000671658 82240
000671659 60800
000671663 66592
000671664 94560
000671665 139200
000671666 70400
000671667 94240
000671668 63360
000671669 113440
000671670 71008
000671671 98848
000671672 169440
000671673 144176
000671674 121072
000671675 95520
000671676 85728
000671677 136640
000671679 94720
000671680 89920
000671681 112320
000671682 167200
000671683 80480
000671684 99200
000671685 75568
000671686 114224
000671687 125984
000671688 163680
000671689 130240
000671690 114560
000671691 102720
000671692 68944
000671693 179680
000671694 160000
000671695 90608
000671696 214080
000671697 48960
000671700 91744
000671701 54288
000671702 59520
000671703 99840
000671704 102080
000671706 69760
000671707 115040
000671708 99360
000671709 52320
000671710 82400
000671711 105200
000671712 59728
000671713 90880
000671714 96160
000671715 71360
000671716 82080
000671717 138176
000671718 76944
000671719 99200
000671722 93280
000671723 88320
000671724 52928
000671725 96960
000671726 50080
000671727 62528
000671728 87840
000671729 181760
000671730 110080
000671732 107040
000671734 63664
000671736 71680
000671737 68800
000671738 98880
000671739 71952
000671741 70080
000671742 67264
000671743 77968
000671744 69120
000671745 65920
000671746 72320
000671747 99296
000671748 48960
000671749 108800
000671750 120960
000671753 102880
000671754 91216
000671755 48960
000671757 49920
000671758 107408
000671759 48000
000671760 79680
000671761 91696
000671762 112784
000671765 67680
000671766 67040
000671768 109968
000671770 120400
000671771 109440
000671772 67712
000671776 106816
000671777 55520
000671779 105904
000671782 120640
000671783 56160
000671784 108480
000671785 115680
000671786 87520
000671787 101120
000671788 97536
000671790 75680
000671791 135680
000671792 133584
000671793 80800
000671794 133600
000671795 146720
000671796 144800
000671797 118192
000671798 57760
000671799 71504
000671800 62912
000680001 66544
000680002 161152
000680003 100096
000680005 147520
000680006 94240
000680007 117760
000680008 110880
000680009 80000
000680010 107040
000680011 86400
000680012 132624
000680013 95360
000680014 139840
000680015 124160
000680016 161600
000680017 92800
000680018 98080
000680019 154240
000680020 91200
000680021 49120
000680022 69280
000680024 67744
000680025 87040
000680026 66080
000680027 60800
000680028 54224
000680029 66080
000680030 80640
000680031 78720
000680032 76800
000680033 88960
000680034 116160
000680035 57120
000680036 63680
000680037 81600
000680038 61440
000680039 63360
000680040 74080
000680041 37280
000680042 39680
000680043 76160
000680045 46720
000680046 51360
000680047 47840
000680048 99680
000680049 68800
000680050 74400
000680051 51520
000680052 103840
000680053 44160
000680055 60640
000680056 90240
000680057 92480
000680058 75200
000680059 65760
000680060 71360
000680061 62240
000680062 65760
000680063 90080
000680064 85920
000680065 71520
000680066 61920
000680067 68480
000680068 88800
000680069 80640
000680070 69600
000680071 60160
000680072 79040
000680073 76160
000680074 87040
000680075 61120
000680077 69440
000680078 89760
000680079 76640
000680080 49280
000680081 68160
000680082 104800
000680083 81440
000680084 76480
000680085 75520
000680086 74720
000680087 84480
000680088 82560
000680089 116480
000680090 83840
000680091 96000
000680092 133280
000680093 94560
000680094 77440
000680095 99680
000680096 75840
000680097 86080
000680098 117920
000680099 80320
000680100 96320
000680101 124960
000680102 136160
000680104 84000
000680105 68000
000680106 109600
000680107 104640
000680108 76960
000680109 98880
000680110 115200
000680111 148960
000680112 133280
000680113 97760
000680114 150560
000680115 139200
000680116 68960
000680117 91200
000680118 58560
000680119 55040
000680120 104160
000680121 67680
000680122 124000
000680123 134880
000680124 96000
000680125 104000
000680126 97440
000680127 125920
000680128 115360
000680129 81280
000680130 166080
000680132 102400
000680133 75040
000680135 68320
000680136 156960
000680137 40160
000680138 106240
000680141 127840
000680142 84480
000680144 60160
000680145 60640
000680146 122880
000680147 68304
000680148 78240
000680149 92000
000680150 107360
000680152 69920
000680153 68640
000680154 92640
000680156 135200
000680157 102400
000680158 117440
000680159 135520
000680161 80000
000680164 86560
000680165 88480
000680166 97920
000680167 133600
000680168 148000
000680169 47360
000680170 128960
000680171 70400
000680172 54080
000680173 119520
000680174 98400
000680175 102400
000680178 130880
000680179 135040
000680180 95680
000680182 58080
000680183 75520
000680186 58080
000680187 81600
000680188 79520
000680189 131520
000680190 95680
000680192 86880
000680193 84800
000680194 96800
000680195 82400
000680196 155840
000680197 43520
000680198 112320
000680199 100320
000680200 77600
000680201 117760
000680203 85920
000680204 120160
000680205 59360
000680206 50400
000680207 103840
000680208 156320
000680209 77760
000680210 68960
000680211 151200
000680212 53120
000680213 102560
000680214 57440
000680215 140640
000680216 145440
000680217 105760
000680218 99680
000680220 62240
000680221 133280
000680222 81280
000680223 69440
000680224 100320
000680225 145280
000680226 142400
000680227 122880
000680229 57920
000680230 84640
000680232 74080
000680233 110720
000680234 98080
000680235 92320
000680236 142720
000680237 105920
000680238 72480
000680239 109920
000680240 142880
000680241 134064
000680242 72320
000680243 126880
000680245 144000
000680246 118720
000680247 55360
000680249 114080
000680250 127040
000680251 110560
000680252 117440
000680253 82880
000680254 102560
000680255 145760
000680256 103200
000680257 68480
000680258 101600
000680259 72000
000680260 136640
000680261 87040
000680262 85280
000680263 75520
000680264 140480
000680265 103360
000680266 54560
000680267 92000
000680268 102080
000680269 76480
000680270 134880
000680271 126400
000680272 128800
000680273 112800
000680274 94880
000680275 106080
000680276 70224
000680277 98720
000680278 81120
000680279 80480
000680282 97280
000680283 92960
000680284 76000
000680285 70560
000680286 193616
000680287 116800
000680288 169120
000680289 96640
000680291 107680
000680293 59200
000680294 46560
000680295 125760
000680297 114560
000680298 112320
000680299 113280
000680300 135520
000680302 133120
000680303 75680
000680304 98080
000680305 89440
000680306 64800
000680307 117280
000680308 51360
000680309 149600
000680310 73600
000680311 81600
000680312 104640
000680313 89760
000680314 131039
000680315 132960
000680316 90720
000680317 65920
000680318 53280
000680319 75040
000680320 116640
000680321 146880
000680322 108640
000680323 91840
000680324 140480
000680325 96800
000680326 118400
000680327 121600
000680328 63360
000680329 72960
000680330 148160
000680332 58400
000680334 64640
000680335 129120
000680336 101120
000680337 83360
000680338 100480
000680339 59360
000680340 142880
000680341 42240
000680342 172640
000680343 81120
000680344 53280
000680345 65120
000680346 113440
000680348 97920
000680349 111840
000680351 145440
000680353 122240
000680354 110880
000680355 105760
000680357 70560
000680358 50560
000680359 57120
000680360 83360
000680361 133920
000680362 91360
000680363 117120
000680365 79680
000680366 107360
000680367 126560
000680368 124320
000680369 69600
000680370 82400
000680371 90560
000680373 175360
000680374 111840
000680375 56160
000680376 146720
000680377 94880
000680378 113120
000680379 117120
000680380 73120
000680381 111360
000680382 56000
000680384 118240
000680385 123520
000680386 138880
000680387 115680
000680388 96480
000680389 157760
000680390 113120
000680391 37184
000680392 117280
000680393 117440
000680394 51840
000680395 129280
000680396 114720
000680397 80480
000680399 82880
000680400 128320
000681401 70880
000681402 86560
000681403 71520
000681404 93120
000681405 70240
000681406 63200
000681407 66880
000681408 76320
000681409 56000
000681410 64160
000681411 80960
000681412 84320
000681413 44000
000681414 94880
000681415 62240
000681416 76000
000681418 69120
000681419 61920
000681420 51520
000681422 61760
000681423 53936
000681424 66400
000681425 56640
000681426 66880
000681427 79360
000681428 53120
000681429 52160
000681430 74720
000681431 51200
000681432 81440
000681433 96160
000681434 67680
000681435 62240
000681436 63840
000681438 67680
000681440 44272
000681441 68000
000681442 72480
000681443 82880
000681444 92640
000681445 62080
000681447 64319
000681448 59520
000681449 62080
000681450 73600
000681451 89968
000681452 88160
000681453 71200
000681454 51680
000681455 76480
000681457 79360
000681458 97280
000681459 53664
000681460 65920
000681461 72160
000681462 54560
000681463 82880
000681464 76480
000681465 62880
000681466 77280
000681467 59520
000681469 75840
000681470 71840
000681471 58400
000681472 68080
000681474 60480
000681475 82400
000681476 68160
000681477 83200
000681478 61440
000681479 76640
000681480 94080
000681481 78560
000681482 61600
000681483 69280
000681484 63520
000681485 65440
000681487 78720
000681488 65120
000681489 100160
000681490 62400
000681491 60320
000681492 68800
000681493 55200
000681494 60800
000681495 58880
000681496 73920
000681497 58240
000681498 67040
000681499 76320
000681500 66720
000681501 101280
000681502 64784
000681503 160160
000681504 89280
000681505 126880
000681506 97280
000681507 101280
000681508 98240
000681509 102720
000681510 118080
000681511 99200
000681512 114560
000681514 56960
000681515 71040
000681516 79840
000681517 85600
000681518 43664
000681519 50880
000681520 106720
000681522 71520
000681523 99360
000681524 130720
000681525 89120
000681526 86240
000681527 111680
000681528 130080
000681529 129440
000681530 88960
000681531 122560
000681532 93440
000681533 115360
000681534 100160
000681535 87136
000681536 75360
000681537 67360
000681538 108960
000681539 103840
000681540 115680
000681541 103360
000681542 51200
000681543 162400
000681544 72960
000681547 81280
000681548 88800
000681549 66144
000681550 102720
000681551 84480
000681552 64160
000681553 62400
000681556 56480
000681557 54240
000681559 50080
000681561 96800
000681562 58720
000681563 53280
000681564 147840
000681565 63808
000681566 99680
000681567 96640
000681568 61600
000681569 81120
000681570 97920
000681571 128639
000681572 40320
000681573 74400
000681574 91200
000681575 101280
000681576 86240
000681577 121440
000681578 70240
000681580 101600
000681581 75040
000681582 71840
000681583 127200
000681584 144960
000681586 52640
000681587 64160
000681588 128800
000681589 108320
000681590 57920
000681592 64319
000681593 116960
000681594 62720
000681595 44960
000681596 81120
000681598 155520
000681599 81760
000681600 140160
000681601 95360
000681602 67024
000681603 100160
000681604 119200
000681605 55200
000681606 86880
000681607 127680
000681608 114080
000681609 112800
000681610 107680
000681611 109760
000681612 106080
000681613 86080
000681616 75040
000681617 54400
000681618 160160
000681619 135680
000681620 72800
000681621 68480
000681622 111360
000681623 73920
000681624 67520
000681625 89600
000681627 120800
000681628 123680
000681629 90560
000681631 98880
000681632 102240
000681633 94880
000681634 123840
000681635 70400
000681636 112160
000681637 109600
000681638 100480
000681639 119520
000681640 60800
000681643 137440
000681644 84320
000681645 75040
000681646 47840
000681647 106880
000681648 122720
000681649 56960
000681650 69600
000681651 59360
000681652 82880
000681653 113760
000681655 65280
000681657 108160
000681659 79520
000681660 81280
000681661 126400
000681662 67520
000681663 73120
000681665 89920
000681666 98080
000681667 74560
000681668 102880
000681669 73280
000681670 105600
000681671 128639
000681672 67360
000681673 150400
000681674 111680
000681675 65280
000681676 109600
000681677 55520
000681678 83680
000681679 120480
000681680 148960
000681681 76960
000681682 81280
000681683 132800
000681685 114400
000681687 66080
000681689 128000
000681690 108480
000681691 114720
000681692 114720
000681693 143840
000681694 91680
000681695 90080
000681696 102720
000681697 54400
000681698 125600
000681699 85120
000681700 81760
000681702 132624
000681703 163680
000681704 62240
000681705 66880
000681706 84000
000681707 62560
000681708 60480
000681709 123680
000681710 51520
000681711 63040
000681712 85920
000681713 89120
000681714 47840
000681715 144160
000681716 96160
000681717 84320
000681718 75200
000681719 52160
000681720 122080
000681721 90400
000681722 94240
000681723 63360
000681724 91680
000681725 65600
000681726 74720
000681728 42720
000681729 97600
000681730 107648
000681731 113120
000681732 84160
000681733 119840
000681734 123040
000681735 64480
000681736 130880
000681737 93920
000681738 93760
000681739 54080
000681740 105920
000681741 80160
000681742 81120
000681743 135360
000681744 58080
000681745 103520
000681746 84960
000681748 62400
000681749 66720
000681750 97120
000681751 146400
000681752 81120
000681753 79040
000681754 150400
000681755 114080
000681756 108320
000681757 69920
000681758 136960
000681759 95200
000681761 98080
000681762 50400
000681763 51040
000681764 95040
000681765 69280
000681766 93280
000681767 58400
000681768 49280
000681769 98240
000681770 117600
000681771 146720
000681772 77120
000681773 101920
000681774 62560
000681775 51520
000681776 104640
000681777 82880
000681779 76000
000681780 91360
000681781 108160
000681782 106880
000681784 92960
000681785 108480
000681786 86720
000681787 73440
000681789 54560
000681790 88960
000681791 74240
000681792 90560
000681793 117760
000681794 64319
000681795 67360
000681796 67840
000681797 78080
000681798 83520
000681799 113600
000681800 76640
000690001 68576
000690002 210256
000690003 112496
000690004 149440
000690005 178240
000690006 98272
000690008 115808
000690009 94336
000690010 131200
000690014 175680
000690015 140640
000690016 218720
000690017 110560
000690018 113424
000690022 68192
000690024 74752
000690026 63264
000690031 83648
000690034 115840
000690036 71520
000690037 105760
000690048 102688
000690057 95360
000690060 77712
000690061 67776
000690062 61440
000690063 99360
000690065 68320
000690068 91600
000690069 69456
000690072 80064
000690073 81536
000690074 84880
000690076 109984
000690078 98416
000690079 74000
000690081 65280
000690085 77696
000690087 83984
000690089 123168
000690090 87632
000690091 94240
000690092 135680
000690097 73280
000690099 71648
000690101 95104
000690102 175456
000690103 120208
000690104 144864
000690105 123008
000690106 83568
000690107 71056
000690109 104128
000690110 113600
000690112 140480
000690113 83520
000690114 152784
000690115 124352
000690117 146368
000690118 117744
000690119 101376
000690121 116000
000690122 116960
000690123 119840
000690129 99776
000690130 166880
000690131 143360
000690132 83120
000690134 83776
000690135 98192
000690137 106000
000690138 179680
000690139 94608
000690140 72640
000690141 83200
000690144 96960
000690146 146400
000690147 160480
000690148 65440
000690149 157440
000690151 124160
000690152 137120
000690153 110864
000690154 117920
000690155 117920
000690157 121280
000690158 85856
000690159 115520
000690160 130240
000690161 88160
000690162 78720
000690163 155520
000690164 91360
000690165 103520
000690166 72272
000690167 134720
000690168 99360
000690169 138080
000690170 71456
000690171 156800
000690172 109120
000690173 117120
000690174 76800
000690175 195040
000690176 109440
000690177 130560
000690178 137920
000690179 104960
000690180 118560
000690182 189600
000690183 46112
000690184 45440
000690185 120000
000690186 88640
000690187 128320
000690188 115200
000690189 76800
000690190 51840
000690191 64959
000690192 152160
000690193 137120
000690194 78720
000690196 75040
000690197 72320
000690198 86560
000690199 130400
000690200 86240
000690201 120800
000690202 115840
000690203 89600
000690204 103360
000690205 137600
000690206 83360
000690207 104960
000690208 127680
000690209 64319
000690210 66560
000690211 71840
000690212 78560
000690213 97760
000690214 104640
000690215 104320
000690216 96800
000690217 107520
000690218 76960
000690219 89920
000690220 137120
000690221 137120
000690222 48160
000690223 90880
000690224 72800
000690225 77280
000690226 84960
000690227 86608
000690228 121920
000690229 123520
000690230 124480
000690231 77280
000690232 100480
000690233 125600
000690234 71840
000690235 104800
000690236 91840
000690237 121120
000690238 113760
000690239 92480
000690240 88000
000690241 136960
000690242 117600
000690243 93440
000690244 63520
000690245 68480
000690246 81280
000690247 119680
000690248 153760
000690249 64480
000690250 108320
000690251 127040
000690252 68800
000690253 91200
000690254 89120
000690255 99840
000690256 136304
000690257 75520
000690258 78240
000690259 65280
000690260 118080
000690261 140944
000690262 116000
000690263 104480
000690264 94240
000690265 102400
000690266 116960
000690267 71840
000690268 58880
000690269 113600
000690270 156960
000690271 42720
000690272 95200
000690273 53120
000690274 85760
000690276 82240
000690277 82880
000690278 123360
000690279 58560
000690280 107040
000690281 106720
000690282 77760
000690283 119520
000690284 86400
000690285 102720
000690286 161440
000690288 128624
000690289 121600
000690290 53120
000690291 130400
000690295 90240
000690298 115840
000690299 66880
000690300 96480
000690301 85120
000690302 112160
000690303 58720
000690304 89760
000690305 88000
000690306 72800
000690307 82720
000690308 81600
000690309 77280
000690310 70240
000690311 56160
000690312 78880
000690313 51680
000690314 95840
000690315 148480
000690316 111360
000690317 45760
000690318 136960
000690319 128800
000690320 122880
000690321 152640
000690322 84960
000690323 115680
000690324 97280
000690325 90400
000690326 93600
000690327 83360
000690328 62560
000690329 134080
000690330 54240
000690331 138560
000690332 77120
000690333 99360
000690334 154240
000690335 104640
000690336 135360
000690337 81120
000690338 111520
000690339 60000
000690340 117280
000690341 145280
000690342 75680
000690343 107520
000690344 82880
000690345 131840
000690346 126400
000690347 128000
000690348 87680
000690349 106560
000690350 119360
000690351 52480
000690352 91040
000690353 118400
000690354 134880
000690355 113440
000690356 47680
000690357 153280
000690358 111200
000690359 114720
000690360 85280
000690361 71840
000690362 45280
000690363 115360
000690364 60000
000690365 83200
000690366 83360
000690367 70720
000690368 68960
000690369 147200
000690370 90880
000690371 59840
000690372 183200
000690373 121600
000690374 87200
000690375 46080
000690376 101120
000690377 140000
000690378 72640
000690379 123840
000690380 124160
000690381 78880
000690382 120800
000690383 110880
000690384 49920
000690385 86560
000690387 79040
000690388 73280
000690389 90560
000690390 76640
000690391 100160
000690392 102720
000690393 73440
000690394 84960
000690395 46560
000690396 87520
000690397 40960
000690398 121920
000690399 96640
000690400 54880
000691401 60960
000691402 73440
000691403 63840
000691404 83680
000691405 64640
000691406 51360
000691407 59360
000691408 75680
000691409 45280
000691411 84800
000691412 83840
000691413 40640
000691414 83360
000691415 57920
000691416 67360
000691417 113600
000691418 56800
000691419 55680
000691420 45280
000691421 41120
000691423 53600
000691424 59680
000691425 55520
000691426 55040
000691427 79680
000691428 54560
000691429 55200
000691430 75040
000691431 41760
000691432 67200
000691433 92640
000691434 64800
000691435 57760
000691436 61760
000691437 54560
000691438 76320
000691439 86720
000691440 42400
000691441 67520
000691442 71200
000691443 62400
000691444 83680
000691445 56160
000691446 72000
000691447 60160
000691448 63040
000691449 57280
000691450 63680
000691451 80960
000691452 89120
000691453 77600
000691456 80640
000691457 66560
000691458 96480
000691460 57920
000691461 71200
000691462 47040
000691463 81280
000691464 67360
000691465 54880
000691466 64800
000691467 50080
000691468 66720
000691470 64959
000691471 56480
000691473 67296
000691474 55520
000691475 70240
000691476 86400
000691479 68160
000691480 87680
000691481 66240
000691482 56320
000691483 57328
000691484 56480
000691487 82080
000691489 88160
000691491 62960
000691492 64000
000691494 53920
000691495 52160
000691496 63520
000691497 52640
000691498 61760
000691499 60960
000691500 60960
000691501 95840
000691502 111360
000691503 96800
000691504 107520
000691505 125280
000691506 107840
000691507 86560
000691508 126880
000691509 54080
000691510 104160
000691511 79680
000691512 40480
000691513 72320
000691514 106720
000691515 60480
000691516 106400
000691517 112000
000691518 55840
000691519 53280
000691520 38080
000691521 103520
000691522 55680
000691523 97600
000691524 97600
000691525 80640
000691526 142240
000691527 85600
000691528 84480
000691529 48160
000691530 74080
000691531 111680
000691532 104480
000691533 153600
000691534 47920
000691535 41664
000691536 126880
000691537 131039
000691538 40000
000691539 118560
000691540 68960
000691541 99840
000691542 100480
000691543 92320
000691544 107360
000691545 118720
000691546 77600
000691547 104480
000691548 141120
000691549 33760
000691550 116160
000691551 126016
000691552 56320
000691553 50240
000691554 40480
000691555 111040
000691556 49120
000691557 72480
000691558 104480
000691559 74400
000691560 103840
000691561 37392
000691562 44320
000691563 86080
000691564 40640
000691565 69440
000691566 83040
000691567 44800
000691568 95360
000691569 76480
000691570 79840
000691571 49920
000691572 73280
000691573 68000
000691574 69280
000691575 65120
000691576 79840
000691577 85280
000691578 92960
000691579 63520
000691580 79680
000691581 78080
000691582 46880
000691583 53920
000691584 103200
000691585 115840
000691586 109440
000691587 168800
000691588 84320
000691589 55200
000691590 104160
000691591 92800
000691593 82080
000691596 49040
000691597 68960
000691598 104640
000691599 65920
000691600 108160
000691601 93280
000691602 56320
000691603 50880
000691604 61920
000691605 131520
000691606 113280
000691607 104640
000691608 95200
000691609 80640
000691610 136464
000691611 145760
000691612 102720
000691613 92160
000691614 139200
000691616 115200
000691617 78400
000691618 99680
000691619 121440
000691620 64959
000691621 114240
000691622 110240
000691623 54080
000691625 73440
000691626 127680
000691627 84480
000691629 145120
000691630 99040
000691631 89280
000691632 99680
000691633 60640
000691634 53760
000691635 49760
000691638 80960
000691639 100160
000691640 68320
000691641 63840
000691642 89712
000691643 75200
000691644 85280
000691645 108640
000691646 112800
000691647 75360
000691648 67680
000691649 50400
000691650 76160
000691651 81120
000691652 75520
000691653 77280
000691654 125600
000691655 107200
000691656 119680
000691657 87520
000691658 102880
000691659 72800
000691660 55200
000691661 119200
000691662 54560
000691663 85440
000691664 81120
000691665 126720
000691666 89440
000691667 67040
000691668 53120
000691669 80960
000691670 108640
000691671 104640
000691672 58400
000691673 100160
000691674 143840
000691675 83680
000691676 63360
000691677 56000
000691678 130240
000691679 80160
000691680 93920
000691681 50080
000691682 101776
000691683 100640
000691684 79360
000691685 58880
000691686 52640
000691687 71680
000691688 49440
000691689 108320
000691690 113600
000691691 77120
000691692 60480
000691693 126720
000691694 110880
000691695 75360
000691696 143360
000691697 89920
000691698 128800
000691699 40640
000691700 123360
000691701 71360
000691702 58080
000691703 110400
000691704 126400
000691705 124640
000691706 112640
000691707 74080
000691708 138560
000691709 101120
000691710 70240
000691711 102400
000691712 127520
000691713 55360
000691714 77920
000691715 103680
000691716 79680
000691717 88640
000691718 121760
000691719 71680
000691720 50720
000691721 87040
000691722 73600
000691723 133264
000691724 85120
000691725 74720
000691726 43360
000691727 114880
000691728 118720
000691729 78400
000691730 92800
000691731 67520
000691732 100320
000691733 72960
000691734 90720
000691735 77760
000691736 67520
000691737 64959
000691738 51200
000691739 96640
000691740 82240
000691741 108000
000691742 103200
000691743 107200
000691744 87200
000691745 100000
000691746 106240
000691747 76480
000691748 148480
000691749 80480
000691750 59520
000691751 96000
000691752 64480
000691753 116480
000691754 65760
000691755 53600
000691756 93600
000691757 57760
000691758 125920
000691759 119040
000691760 88000
000691761 89440
000691762 62080
000691763 78240
000691764 59840
000691765 108960
000691766 70400
000691767 124000
000691768 95680
000691769 78720
000691770 119520
000691771 126400
000691772 116960
000691773 70000
000691774 102720
000691775 100960
000691776 57440
000691777 98880
000691778 87680
000691779 80480
000691780 51840
000691781 72480
000691782 74400
000691783 108480
000691784 93920
000691785 74560
000691786 78736
000691787 62240
000691788 146720
000691789 112160
000691790 78240
000691791 136800
000691792 77120
000691793 61120
000691794 77760
000691795 105120
000691796 85120
000691797 42528
000691798 55840
000691799 85600
000691800 78400
000700001 62896
000700003 98640
000700004 134400
000700005 160160
000700006 84960
000700008 103744
000700009 79520
000700013 85120
000700014 148640
000700016 183584
000700017 102240
000700019 170560
000700023 87360
000700024 82080
000700029 68800
000700030 80064
000700033 97280
000700034 116000
000700038 64800
000700039 65776
000700040 93504
000700041 37872
000700042 39840
000700043 62096
000700044 51760
000700045 43152
000700047 47680
000700048 96160
000700049 49552
000700050 60160
000700051 51360
000700052 80560
000700054 44960
000700055 60960
000700056 98240
000700057 89600
000700058 68992
000700059 60608
000700060 72816
000700063 84480
000700064 65280
000700065 81728
000700067 73440
000700068 85120
000700069 73648
000700073 88320
000700074 88800
000700075 57440
000700076 111712
000700077 59104
000700078 93760
000700079 72336
000700080 54976
000700081 72080
000700082 100640
000700083 66720
000700084 67440
000700085 71840
000700086 69920
000700087 72960
000700089 107040
000700091 92544
000700092 134080
000700093 108640
000700094 70080
000700096 67680
000700097 64319
000700098 101440
000700099 73760
000700100 93440
000700101 115536
000700102 158880
000700103 77520
000700105 48480
000700106 78768
000700107 105648
000700108 122992
000700109 59344
000700110 153440
000700111 78720
000700112 44768
000700113 123200
000700114 92576
000700115 69760
000700116 132800
000700117 108000
000700120 77120
000700122 132160
000700124 89920
000700126 62624
000700127 122720
000700129 70880
000700130 143520
000700131 73168
000700132 75520
000700133 72144
000700135 98560
000700136 120576
000700137 107072
000700138 87712
000700139 79616
000700140 113264
000700141 50768
000700142 74944
000700144 133600
000700145 69872
000700146 92000
000700147 80960
000700148 134400
000700149 149440
000700150 114048
000700151 94400
000700152 112064
000700153 99552
000700155 85968
000700156 70496
000700157 129824
000700158 67760
000700159 85344
000700160 47072
000700161 57920
000700163 102080
000700164 125600
000700165 74560
000700167 140640
000700169 89440
000700170 132160
000700171 130400
000700172 73296
000700173 46528
000700174 100752
000700175 94880
000700176 40688
000700177 110560
000700178 79440
000700179 156480
000700180 120848
000700182 101104
000700183 131840
000700184 98064
000700185 44368
000700186 91424
000700187 82240
000700188 115552
000700190 99360
000700191 118624
000700193 90560
000700194 68528
000700195 68800
000700196 66880
000700197 60496
000700198 136752
000700199 74880
000700200 69904
000700202 165440
000700203 69248
000700204 50528
000700205 154016
000700206 118880
000700207 85728
000700209 73120
000700210 122608
000700211 130880
000700212 88000
000700213 153920
000700214 94560
000700215 133760
000700217 121600
000700219 85504
000700220 72800
000700222 57920
000700223 92000
000700224 70400
000700225 138208
000700226 101920
000700227 121440
000700229 96480
000700230 157920
000700231 112960
000700232 133920
000700233 108480
000700234 102240
000700235 80480
000700236 56800
000700237 164640
000700238 86240
000700239 57440
000700240 62720
000700241 148000
000700243 55920
000700244 54240
000700245 67488
000700246 67296
000700247 47040
000700248 115680
000700249 43616
000700250 86016
000700251 173888
000700253 81760
000700254 75680
000700255 119024
000700256 105120
000700257 166832
000700258 131232
000700259 79888
000700260 44720
000700261 117248
000700262 78192
000700263 118144
000700264 119408
000700266 73952
000700267 119840
000700268 80128
000700269 78720
000700270 69920
000700271 126880
000700272 133920
000700273 96400
000700274 66704
000700275 122480
000700276 72352
000700277 123216
000700278 110080
000700279 159520
000700280 119536
000700281 66336
000700282 121280
000700283 94320
000700285 64480
000700286 50272
000700287 85920
000700288 80560
000700289 57248
000700290 89248
000700291 96944
000700292 107840
000700294 66240
000700295 105504
000700296 111680
000700299 159472
000700300 94176
000700301 95840
000700302 114048
000700303 78368
000700304 72480
000700305 65904
000700306 50576
000700307 56800
000700308 63232
000700309 125888
000700310 68640
000700311 121168
000700312 80800
000700313 120640
000700314 140960
000700315 62240
000700316 85920
000700317 54272
000700318 125920
000700319 56800
000700321 61872
000700322 89280
000700324 99680
000700325 116368
000700326 56576
000700327 89920
000700328 128848
000700329 139216
000700331 116368
000700332 84528
000700333 61856
000700334 68160
000700335 149040
000700336 73488
000700337 59456
000700338 51792
000700339 78240
000700340 73440
000700343 71680
000700345 69600
000700346 65920
000700347 102720
000700348 113808
000700349 104976
000700350 64640
000700351 130352
000700352 65600
000700353 92800
000700354 65456
000700355 49760
000700356 93600
000700357 80000
000700358 79632
000700359 50032
000700360 54560
000700361 146496
000700362 114064
000700363 100912
000700364 110304
000700365 76256
000700366 57264
000700367 158800
000700368 43296
000700369 60160
000700371 70384
000700372 109952
000700373 57072
000700374 70720
000700375 54752
000700376 165296
000700377 119648
000700378 118928
000700380 133600
000700381 88160
000700382 70224
000700384 112704
000700385 123360
000700386 38112
000700387 71040
000700388 86080
000700389 51184
000700390 68448
000700391 89760
000700392 87520
000700393 75840
000700395 90080
000700396 89600
000700397 81632
000700398 123840
000700399 72304
000700400 53280
000701401 67360
000701402 77280
000701403 78784
000701404 84080
000701405 65632
000701406 55232
000701407 62048
000701408 76416
000701409 59504
000701410 60992
000701411 75840
000701412 83168
000701413 39328
000701414 99680
000701415 58944
000701416 65760
000701417 113456
000701418 65904
000701419 75488
000701421 47360
000701422 55392
000701423 50080
000701424 56960
000701425 58880
000701427 94640
000701428 50720
000701429 50752
000701430 70880
000701431 49728
000701432 88480
000701433 86240
000701434 73600
000701435 59616
000701436 61328
000701437 55680
000701438 77920
000701439 95040
000701440 40480
000701441 66112
000701442 101712
000701443 70480
000701444 92000
000701445 54880
000701446 82080
000701447 62240
000701448 59680
000701449 79360
000701450 66080
000701451 79648
000701452 78352
000701454 46560
000701455 89952
000701456 69392
000701457 84960
000701458 88480
000701459 51920
000701461 79040
000701462 53184
000701463 74848
000701464 69680
000701465 58304
000701467 73872
000701468 82240
000701469 71200
000701470 66400
000701471 54960
000701472 71472
000701474 69120
000701475 80352
000701476 97696
000701477 76640
000701479 70448
000701481 68384
000701482 70544
000701483 60000
000701484 72160
000701486 64319
000701487 87344
000701488 56720
000701489 98240
000701490 61552
000701491 56656
000701492 83584
000701493 56144
000701494 58624
000701495 56128
000701496 74880
000701497 64160
000701498 65760
000701499 67392
000701500 71200
000701501 59120
000701502 46160
000701503 81600
000701505 67488
000701506 95520
000701507 85184
000701508 120160
000701510 96096
000701511 41200
000701512 119520
000701513 83520
000701514 127840
000701515 94560
000701516 81552
000701517 70560
000701518 107200
000701519 97840
000701520 76960
000701521 109472
000701522 57760
000701523 102240
000701524 145120
000701526 55312
000701528 98400
000701530 127632
000701531 94928
000701532 100000
000701533 107488
000701534 104816
000701535 55536
000701536 149696
000701537 75808
000701538 94560
000701539 61232
000701540 147840
000701542 98400
000701543 127200
000701544 98880
000701545 179376
000701546 77936
000701547 109760
000701548 148640
000701549 85920
000701550 68800
000701551 99360
000701552 101600
000701553 134880
000701554 47504
000701555 46224
000701556 114560
000701557 133600
000701558 106880
000701559 119520
000701560 48416
000701561 113440
000701562 123968
000701564 59424
000701565 91920
000701566 106784
000701568 85280
000701569 50016
000701570 72864
000701571 80800
000701572 77920
000701573 68640
000701574 62416
000701575 108304
000701576 79840
000701577 64703
000701578 122816
000701579 49120
000701580 85440
000701581 111520
000701582 86256
000701584 57440
000701585 129967
000701586 102400
000701587 66464
000701588 97168
000701589 129759
000701590 142640
000701591 127040
000701592 45072
000701593 63344
000701595 76688
000701596 89584
000701597 101264
000701598 128639
000701599 102144
000701601 122240
000701602 125744
000701603 63984
000701604 58320
000701605 118016
000701606 56736
000701608 68320
000701609 123392
000701610 149904
000701611 120048
000701612 83184
000701613 98464
000701614 55616
000701615 67552
000701616 165600
000701617 98944
000701619 80960
000701620 99552
000701621 65120
000701622 75056
000701623 61200
000701624 110720
000701625 54000
000701626 94400
000701627 152160
000701628 53584
000701629 49744
000701630 99472
000701631 129280
000701632 143360
000701633 113376
000701634 68000
000701635 69104
000701636 71216
000701637 93600
000701638 172960
000701639 79968
000701640 43728
000701641 153120
000701642 48544
000701643 156320
000701644 73312
000701645 98240
000701646 68320
000701647 69360
000701648 133104
000701649 110560
000701650 77280
000701651 91232
000701653 112160
000701654 92320
000701655 74080
000701656 115360
000701657 92160
000701658 196800
000701662 61280
000701663 69040
000701665 113600
000701666 98752
000701667 94736
000701668 74912
000701669 93648
000701670 159360
000701671 69120
000701672 128160
000701673 120288
000701674 46080
000701675 128800
000701677 142400
000701678 124960
000701679 138080
000701680 83184
000701681 197648
000701682 122416
000701683 132480
000701684 148480
000701685 61200
000701686 68704
000701687 122208
000701688 109664
000701689 122208
000701690 146816
000701691 121760
000701692 109728
000701693 77024
000701694 115840
000701695 90496
000701696 53504
000701697 63552
000701698 96896
000701699 107520
000701700 52720
000701701 132000
000701702 108000
000701703 59840
000701704 83200
000701705 119232
000701706 146896
000701707 103248
000701708 134560
000701709 117440
000701710 68656
000701711 123200
000701712 86864
000701713 100640
000701714 105600
000701715 120640
000701716 83520
000701717 137952
000701718 129168
000701721 120640
000701722 105200
000701723 118256
000701724 124640
000701725 59040
000701726 119040
000701727 76480
000701728 48688
000701729 76240
000701731 127888
000701732 122240
000701733 117936
000701734 87232
000701735 106080
000701736 102880
000701737 129280
000701738 104800
000701739 138432
000701740 102336
000701741 78864
000701742 66784
000701743 128271
000701744 163040
000701745 65087
000701746 94576
000701747 79760
000701748 109760
000701749 84320
000701750 101120
000701751 111760
000701752 78672
000701753 121120
000701754 67968
000701755 74448
000701756 71136
000701757 112640
000701758 100576
000701760 86448
000701761 42832
000701762 125600
000701763 148096
000701764 142672
000701765 118240
000701766 92864
000701767 119040
000701768 99936
000701770 52000
000701771 116096
000701772 136496
000701773 111168
000701774 159680
000701775 63568
000701776 96064
000701777 70544
000701778 71840
000701779 54112
000701780 70592
000701781 82240
000701782 106048
000701783 81360
000701784 92480
000701785 60528
000701786 64464
000701787 112992
000701788 64784
000701789 61280
000701790 79200
000701791 170400
000701792 115680
000701793 67840
000701794 68944
000701795 55504
000701796 111520
000701797 123040
000701798 108096
000701799 81760
000701800 62416
000710001 60576
000710002 151360
000710003 96480
000710005 139200
000710006 80320
000710007 96640
000710008 93760
000710009 68000
000710010 105440
000710011 74624
000710012 111520
000710014 135360
000710015 99360
000710016 144640
000710017 84800
000710018 87680
000710019 130080
000710020 83360
000710021 46880
000710024 62880
000710025 82240
000710026 63200
000710027 57760
000710028 50352
000710029 65280
000710030 61440
000710031 68320
000710032 71360
000710033 82880
000710034 102720
000710036 60000
000710037 81280
000710038 56320
000710039 60480
000710040 69440
000710041 29520
000710042 38432
000710043 61280
000710044 45744
000710045 40512
000710046 46544
000710047 46400
000710048 83840
000710049 52960
000710050 58400
000710052 82080
000710053 38512
000710054 40032
000710057 67648
000710058 62400
000710059 54752
000710060 61616
000710061 55200
000710062 58080
000710063 80480
000710064 62224
000710065 59840
000710067 56160
000710068 70080
000710069 64160
000710070 57712
000710071 52320
000710072 65584
000710073 69296
000710074 86240
000710075 56960
000710077 58880
000710078 88640
000710079 63200
000710080 45744
000710081 57920
000710082 96800
000710083 65584
000710084 71840
000710085 68320
000710086 66048
000710087 68640
000710090 86320
000710091 85232
000710092 112640
000710093 76736
000710094 65280
000710095 75200
000710096 68320
000710097 66720
000710098 100640
000710099 75008
000710100 68320
000710101 95360
000710102 90400
000710103 65920
000710105 89280
000710106 47840
000710107 92960
000710108 110560
000710109 44496
000710110 72320
000710111 89280
000710112 75680
000710113 74560
000710114 69120
000710115 104800
000710116 74880
000710117 86944
000710118 115520
000710119 117440
000710121 108160
000710123 100000
000710124 63200
000710125 103376
000710127 94880
000710128 89280
000710129 60656
000710130 69120
000710131 169760
000710133 89440
000710134 48320
000710136 131616
000710137 129120
000710138 81440
000710139 80800
000710140 63360
000710141 144160
000710143 76800
000710144 71680
000710145 100080
000710147 104640
000710148 112960
000710150 94400
000710151 95744
000710152 58464
000710153 96160
000710155 113920
000710156 68160
000710157 155840
000710158 111520
000710160 47664
000710161 82080
000710162 83520
000710163 49760
000710164 102816
000710165 113568
000710167 68960
000710168 74304
000710169 120144
000710171 49824
000710172 59136
000710173 127520
000710174 77920
000710175 99184
000710176 38080
000710177 50400
000710180 99840
000710181 82080
000710182 121280
000710183 141920
000710184 149088
000710185 80800
000710186 85600
000710188 109920
000710189 116480
000710190 116160
000710191 68160
000710192 116160
000710195 134880
000710196 52640
000710197 64319
000710198 134080
000710199 125120
000710200 90240
000710201 97920
000710203 89440
000710204 72000
000710205 104640
000710206 63216
000710207 100688
000710208 140960
000710209 94080
000710210 118080
000710211 41280
000710212 119040
000710214 76160
000710216 110560
000710217 120960
000710218 111680
000710219 81760
000710220 92960
000710221 69600
000710222 81600
000710223 119360
000710224 80960
000710225 90560
000710227 75840
000710229 83360
000710230 107520
000710231 42720
000710232 65760
000710233 155040
000710236 88000
000710238 72160
000710239 53760
000710240 72176
000710241 97120
000710242 77920
000710243 116320
000710245 75200
000710246 89920
000710247 126080
000710248 71872
000710249 68032
000710251 117760
000710252 69664
000710253 129759
000710254 71040
000710255 90240
000710256 98080
000710257 41936
000710258 51840
000710259 108048
000710260 179200
000710261 100144
000710262 88320
000710263 89280
000710264 72320
000710266 81744
000710267 71200
000710268 103520
000710269 61920
000710270 57904
000710271 120320
000710272 101440
000710273 63664
000710274 128960
000710276 133248
000710277 63200
000710278 94544
000710279 76160
000710282 158720
000710283 88320
000710284 46240
000710285 47952
000710286 110592
000710287 61600
000710288 76816
000710289 158080
000710290 113760
000710292 44160
000710293 102400
000710294 102080
000710295 114080
000710296 90816
000710297 49920
000710299 55520
000710300 77440
000710301 74720
000710302 115360
000710304 60480
000710305 90080
000710306 81600
000710307 89120
000710308 75200
000710309 58880
000710310 93184
000710311 90400
000710313 145440
000710314 103040
000710315 101600
000710316 142240
000710318 106400
000710319 86240
000710320 84896
000710321 146560
000710323 107360
000710324 132320
000710325 49280
000710326 57440
000710328 164160
000710329 104800
000710330 60960
000710331 120480
000710332 81600
000710333 98240
000710335 126880
000710336 63840
000710340 70080
000710341 92192
000710342 44800
000710343 80640
000710344 86880
000710345 84640
000710346 65760
000710347 98880
000710348 97600
000710349 137280
000710352 184960
000710353 90880
000710354 102240
000710355 124640
000710356 75360
000710357 48320
000710358 38240
000710359 88000
000710360 113440
000710362 93104
000710363 65280
000710364 98720
000710365 93600
000710367 103776
000710368 69040
000710369 115200
000710370 91312
000710371 116000
000710372 100480
000710373 95200
000710374 75200
000710375 78560
000710376 142080
000710377 84160
000710378 114720
000710379 143520
000710380 91040
000710381 93792
000710382 46240
000710384 118400
000710385 59664
000710386 103888
000710387 78880
000710388 124800
000710389 76320
000710390 73280
000710391 69920
000710393 82080
000710394 118720
000710395 135520
000710396 73264
000710397 105920
000710398 64160
000710399 116480
000710400 65696
000711401 64784
000711402 86112
000711403 71536
000711404 90560
000711405 73808
000711406 66400
000711407 66512
000711408 72320
000711409 52528
000711410 61120
000711411 82240
000711412 84800
000711413 40720
000711414 84000
000711415 59680
000711416 76480
000711418 60960
000711419 56320
000711420 49280
000711421 43520
000711422 56160
000711423 49600
000711424 59360
000711425 58720
000711426 66720
000711427 77920
000711428 55360
000711429 52800
000711430 69104
000711431 51040
000711432 76320
000711433 96640
000711434 69440
000711435 65920
000711436 67840
000711437 55200
000711438 59520
000711440 43360
000711441 68160
000711442 69104
000711444 85120
000711445 54400
000711447 54240
000711448 58560
000711449 61920
000711450 68000
000711451 93760
000711452 86400
000711453 97120
000711454 43040
000711457 81120
000711458 95840
000711459 58720
000711555 46800
000711556 119200
000711557 88640
000711558 76160
000711559 131200
000711561 74560
000711562 57920
000711563 81440
000711564 56224
000711565 84960
000711566 112000
000711567 56640
000711570 125440
000711571 90560
000711572 119200
000711573 119040
000711574 58720
000711575 90080
000711576 145600
000711577 140000
000711578 71360
000711579 97120
000711580 115520
000711581 89280
000711582 59520
000711583 48640
000711584 102560
000711585 99680
000711586 41120
000711587 84800
000711588 69440
000711591 102880
000711592 80160
000711593 85600
000711594 108000
000711595 67200
000711596 68000
000711597 114560
000711598 109920
000711599 148160
000711600 133120
000711601 87040
000711602 76160
000711603 143840
000711604 123840
000711605 66080
000711606 72016
000711607 47520
000711608 95680
000711609 64800
000711611 112480
000711612 100800
000711613 73600
000711616 43360
000711617 141440
000711618 115040
000711620 56160
000711621 98400
000711622 86560
000711623 125600
000711624 131840
000711625 121440
000711626 48320
000711627 73600
000711628 72640
000711629 73760
000711630 43200
000711631 54880
000711632 62720
000711633 75840
000711634 107360
000711636 78400
000711637 126864
000711638 134080
000711640 94560
000711641 141120
000711642 79680
000711643 99360
000711644 101120
000711645 147680
000711646 129759
000711647 155200
000711648 119040
000711649 47680
000711650 66400
000711651 96480
000711652 51536
000711655 95040
000711656 123840
000711658 104640
000711659 44000
000711660 101920
000711661 117120
000711662 66080
000711663 77104
000711664 88960
000711665 137440
000711666 88160
000711667 74080
000711669 144640
000711670 88640
000711673 79520
000711674 66400
000711675 81440
000711676 69920
000711677 146560
000711678 82720
000711679 48320
000711680 90080
000711681 59840
000711682 96160
000711683 119680
000711684 77440
000711685 108960
000711686 59360
000711687 90880
000711688 114800
000711689 70240
000711690 108480
000711691 132320
000711692 92800
000711694 62080
000711695 68480
000711696 66880
000711697 107520
000711698 119040
000711699 62880
000711700 63200
000711701 40688
000711702 81600
000711704 66112
000711705 99200
000711706 58560
000711707 66240
000711708 56000
000711709 100800
000711710 71040
000711711 46736
000711712 151520
000711713 43520
000711714 136640
000711715 156016
000711716 85120
000711717 88320
000711718 110560
000711720 130400
000711721 70400
000711722 64640
000711723 68320
000711724 106400
000711725 70496
000711727 77440
000711728 67360
000711729 58080
000711731 94880
000711732 46832
000711733 100640
000711734 152640
000711735 101600
000711736 55520
000711737 97280
000711738 71104
000711739 109600
000711740 143840
000711741 98080
000711742 62720
000711743 68640
000711745 138560
000711746 68320
000711747 137600
000711748 69120
000711749 86880
000711750 126400
000711751 64319
000711752 94240
000711753 64800
000711754 115360
000711756 98720
000711757 89760
000711758 201280
000711759 137920
000711760 98400
000711762 158560
000711763 102720
000711764 72480
000711765 58720
000711766 85600
000711767 45600
000711768 111200
000711769 43520
000711770 126560
000711771 89440
000711772 120640
000711773 86240
000711774 51056
000711775 83040
000711776 65920
000711777 62240
000711778 141920
000711779 153440
000711780 92160
000711781 85920
000711783 96480
000711784 141280
000711785 121920
000711786 161600
000711787 148800
000711788 51680
000711789 78400
000711790 138240
000711791 112160
000711792 151360
000711793 62880
000711794 77280
000711795 130720
000711796 73120
000711798 131680
000711799 78720
000711800 118240
000720001 61136
000720002 166240
000720003 91360
000720004 101440
000720005 134720
000720006 68480
000720007 81280
000720008 82080
000720011 70080
000720012 128160
000720013 82400
000720014 133120
000720015 106400
000720016 144320
000720017 73440
000720018 85440
000720019 128800
000720020 79680
000720021 44720
000720023 63040
000720024 56864
000720025 78080
000720026 56640
000720027 50752
000720028 45840
000720029 55840
000720030 65904
000720031 77600
000720032 62880
000720033 81280
000720034 89760
000720036 56800
000720037 72480
000720038 49760
000720039 56640
000720040 72416
000720041 32000
000720042 34400
000720043 52800
000720044 39904
000720045 38000
000720046 43328
000720047 39360
000720048 79360
000720049 47840
000720050 50880
000720052 77600
000720053 39040
000720054 36000
000720057 69120
000720058 59200
000720059 52800
000720060 62240
000720061 60640
000720062 58080
000720063 72160
000720064 60160
000720065 60320
000720067 52672
000720068 74720
000720069 60688
000720070 55200
000720071 47040
000720072 68160
000720073 68000
000720074 71200
000720075 59040
000720077 54400
000720078 84320
000720079 63840
000720080 43936
000720081 53120
000720082 92288
000720083 61600
000720084 66400
000720085 71840
000720086 67840
000720087 66560
000720089 112320
000720090 79200
000720091 77008
000720092 102016
000720093 83840
000720094 62400
000720095 68000
000720096 65120
000720097 57920
000720098 90560
000720100 76416
000720101 110688
000720102 78448
000720103 72160
000720104 96640
000720106 74096
000720107 173120
000720108 69440
000720109 104320
000720110 82720
000720111 79360
000720112 92320
000720113 55840
000720114 78880
000720115 115680
000720116 133120
000720117 88640
000720118 59200
000720119 52800
000720120 106560
000720121 83040
000720122 66880
000720123 64608
000720124 65920
000720125 124960
000720127 78560
000720128 95040
000720129 61760
000720130 63008
000720131 117152
000720132 89760
000720133 42720
000720135 88480
000720136 74400
000720137 70880
000720138 82080
000720139 85280
000720140 75680
000720142 48896
000720144 67200
000720146 94880
000720147 58816
000720148 59040
000720149 106816
000720150 98400
000720154 75408
000720155 62240
000720156 65824
000720157 48480
000720159 68800
000720160 60320
000720161 75840
000720162 40960
000720164 65440
000720165 106560
000720166 37280
000720170 39520
000720171 58048
000720172 52000
000720174 106384
000720175 74080
000720176 103376
000720177 68640
000720178 68000
000720179 67200
000720180 100320
000720182 137648
000720183 46400
000720184 109760
000720185 115040
000720186 98960
000720187 63520
000720188 88128
000720189 85280
000720190 124960
000720191 77120
000720193 65280
000720194 72480
000720195 51200
000720196 94080
000720197 107680
000720198 76912
000720199 101280
000720200 74912
000720201 76160
000720202 140160
000720203 65280
000720204 46880
000720206 94768
000720207 101120
000720208 51040
000720209 58208
000720210 61280
000720211 96320
000720212 52960
000720213 86560
000720215 91040
000720216 72912
000720218 61120
000720219 108960
000720220 134384
000720221 93280
000720222 81184
000720223 80640
000720224 86832
000720225 132160
000720226 100496
000720228 138000
000720229 87776
000720231 58448
000720232 92960
000720234 46080
000720235 90880
000720236 57280
000720237 48480
000720239 61232
000720240 94720
000720242 85600
000720243 135680
000720244 64000
000720245 135040
000720246 81360
000720247 56800
000720249 76128
000720251 93600
000720252 75200
000720253 55056
000720254 126240
000720255 79520
000720256 97472
000720257 86240
000720258 39120
000720260 67840
000720261 66000
000720262 82944
000720263 100000
000720264 97920
000720265 78240
000720266 84400
000720269 77504
000720270 100656
000720271 57824
000720272 98912
000720274 69920
000720277 133760
000720278 232000
000720279 104896
000720282 126560
000720283 149280
000720284 38720
000720285 54560
000720286 107040
000720287 74640
000720288 74016
000720289 54560
000720290 61440
000720291 65568
000720292 103696
000720293 79840
000720294 77280
000720295 47760
000720296 72480
000720298 98512
000720299 115360
000720300 148320
000720301 75936
000720302 67600
000720303 76160
000720305 77792
000720306 108800
000720307 83520
000720310 111888
000720312 107056
000720313 42560
000720314 73472
000720315 126560
000720316 109280
000720317 132480
000720318 47680
000720319 144288
000720320 83712
000720321 84640
000720324 56640
000720325 108896
000720328 137760
000720331 67360
000720332 44064
000720334 146240
000720335 53808
000720336 128479
000720337 87520
000720338 70432
000720339 40000
000720340 72864
000720341 87984
000720345 104080
000720346 115872
000720347 108800
000720348 136160
000720349 97760
000720350 114800
000720351 96640
000720352 100960
000720353 104832
000720354 97280
000720355 89440
000720356 55680
000720357 56000
000720358 44560
000720359 119840
000720360 89600
000720361 89568
000720362 72160
000720363 90192
000720364 45600
000720365 159200
000720366 117440
000720367 42496
000720368 67760
000720369 78720
000720371 122816
000720372 125600
000720373 139360
000720374 51040
000720375 108480
000720376 72640
000720377 92640
000720378 70720
000720379 52624
000720380 63680
000720381 149440
000720382 137248
000720383 124480
000720384 57840
000720385 37920
000720386 153696
000720387 76432
000720388 37712
000720390 94912
000720391 118720
000720392 92800
000720393 126400
000720394 134400
000720395 125472
000720396 77440
000720397 62720
000720398 84800
000720399 123040
000720400 77232
000721401 54544
000721402 76768
000721403 66880
000721404 98240
000721405 63840
000721406 56480
000721407 59744
000721408 80320
000721409 41520
000721411 86240
000721412 80320
000721413 34560
000721414 97600
000721415 60320
000721416 84800
000721417 86176
000721418 61280
000721419 69168
000721420 46960
000721421 38544
000721422 59680
000721423 44448
000721424 63360
000721425 54560
000721427 78880
000721428 54560
000721429 49744
000721430 72960
000721432 81440
000721433 87680
000721434 75200
000721435 55840
000721436 76960
000721438 61760
000721440 35552
000721441 66400
000721443 75440
000721444 85280
000721445 53712
000721447 59856
000721448 55040
000721449 57568
000721450 62880
000721451 83200
000721453 83840
000721454 37008
000721456 73120
000721457 72032
000721458 91520
000721460 65840
000721461 76064
000721463 75840
000721464 66080
000721465 53280
000721466 67360
000721467 50080
000721469 67728
000721470 58720
000721471 54880
000721474 54560
000721475 71360
000721476 71040
000721477 75168
000721478 52960
000721479 66368
000721480 92320
000721481 63520
000721482 60320
000721483 56176
000721485 64495
000721487 77440
000721488 54224
000721489 99360
000721491 51040
000721493 42736
000721494 51680
000721495 53920
000721496 65552
000721497 54880
000721498 64288
000721499 65568
000721500 67536
000721501 102976
000721502 73856
000721503 115520
000721504 94240
000721505 59680
000721506 150400
000721507 43520
000721508 74176
000721509 131392
000721510 36160
000721512 39728
000721513 108480
000721514 92816
000721515 83952
000721518 89600
000721519 113440
000721520 65296
000721521 81760
000721523 77184
000721524 57600
000721525 74560
000721526 161920
000721527 50816
000721528 91040
000721530 70944
000721531 61856
000721532 70320
000721534 56816
000721535 106080
000721536 60960
000721537 101200
000721538 87840
000721540 54448
000721541 53184
000721542 78512
000721543 91952
000721544 93440
000721545 69600
000721547 62048
000721548 84640
000721549 90320
000721550 86688
000721551 40640
000721552 97760
000721553 87632
000721554 97792
000721555 157920
000721556 75376
000721557 99840
000721558 58880
000721559 112160
000721561 109696
000721563 136160
000721564 69216
000721565 104960
000721566 60176
000721567 55520
000721568 79520
000721569 90240
000721570 77920
000721571 83504
000721572 43360
000721573 73072
000721574 99392
000721575 81184
000721576 48320
000721578 149184
000721579 70432
000721580 91200
000721581 89440
000721582 116480
000721584 70560
000721585 49136
000721586 117600
000721587 89200
000721588 123840
000721589 131360
000721590 55040
000721592 96032
000721593 129600
000721595 136000
000721596 95392
000721597 105120
000721598 115040
000721599 74064
000721600 34784
000721601 87744
000721602 88864
000721603 133264
000721604 106736
000721605 50128
000721606 114880
000721607 58400
000721608 60864
000721609 83840
000721610 56960
000721611 96160
000721614 63360
000721615 114336
000721616 72320
000721617 115200
000721618 62880
000721619 53568
000721620 87520
000721621 40464
000721622 73152
000721623 67344
000721624 87200
000721625 82464
000721626 106272
000721627 129264
000721628 111360
000721629 104320
000721630 160240
000721631 69440
000721632 47888
000721633 88640
000721634 96000
000721635 66560
000721637 64800
000721638 151200
000721639 98944
000721640 52848
000721641 113120
000721642 127200
000721644 97120
000721645 77968
000721646 81120
000721647 82256
000721648 86256
000721650 55680
000721651 38720
000721652 100720
000721654 61664
000721655 87200
000721657 40320
000721658 76640
000721659 97872
000721660 53280
000721661 79520
000721662 95520
000721663 68256
000721664 100160
000721665 105440
000721666 79840
000721667 44480
000721668 52320
000721669 86400
000721670 75360
000721671 116320
000721672 71024
000721673 77440
000721674 155616
000721675 108000
000721676 93280
000721677 52352
000721678 135040
000721679 124480
000721680 143360
000721682 121120
000721684 97280
000721685 77520
000721686 74080
000721687 87888
000721688 126560
000721689 51312
000721691 86640
000721693 112000
000721695 108320
000721696 74032
000721698 66400
000721699 66720
000721700 73936
000721701 76768
000721703 80640
000721704 86560
000721706 53392
000721707 74720
000721708 111360
000721710 120960
000721712 95968
000721714 97120
000721715 111104
000721717 118240
000721719 78000
000721720 109760
000721721 62080
000721724 81440
000721726 88112
000721730 78560
000721731 88800
000721732 100800
000721733 108960
000721734 154880
000721735 132960
000721737 85984
000721738 60320
000721739 44720
000721740 99360
000721741 50736
000721742 88704
000721743 82560
000721744 123728
000721745 54400
000721747 102080
000721748 79680
000721749 122240
000721750 73328
000721751 145600
000721752 63040
000721753 113920
000721755 126720
000721756 73168
000721757 158880
000721758 65920
000721759 112480
000721760 101600
000721762 143360
000721763 76800
000721764 102400
000721765 120000
000721766 48320
000721767 60624
000721768 98400
000721769 52160
000721770 59520
000721771 111520
000721772 59952
000721773 67744
000721774 111840
000721775 95632
000721776 81920
000721777 125920
000721778 85328
000721779 50560
000721780 81888
000721784 115680
000721785 82880
000721786 93952
000721787 130400
000721789 81760
000721790 75584
000721791 116960
000721792 106800
000721793 105600
000721796 119360
000721798 46720
000721799 97120
000730001 80160
000730002 166400
000730003 100960
000730004 138560
000730005 154720
000730006 98560
000730007 116320
000730008 102080
000730009 86400
000730010 108160
000730011 90880
000730012 128960
000730013 98240
000730014 141920
000730015 138240
000730016 170080
000730017 86240
000730018 90560
000730019 150240
000730020 88320
000730021 50560
000730022 69920
000730023 71840
000730024 67200
000730025 95360
000730026 62080
000730027 56640
000730028 49040
000730029 70080
000730030 70704
000730031 80960
000730032 71840
000730033 85600
000730034 100640
000730035 46976
000730036 61920
000730037 87360
000730039 66400
000730040 70080
000730041 33600
000730042 41600
000730043 74720
000730044 47728
000730045 42720
000730047 49760
000730048 89120
000730049 52160
000730050 58416
000730051 45456
000730052 87200
000730053 43280
000730054 41280
000730055 53040
000730056 72064
000730057 77760
000730058 66560
000730059 61600
000730060 71840
000730061 62880
000730062 70880
000730063 78400
000730064 63040
000730065 69760
000730066 50352
000730067 59840
000730068 79840
000730069 68320
000730070 64879
000730071 52160
000730072 72640
000730073 69600
000730074 68320
000730075 62880
000730076 97920
000730077 57120
000730078 85440
000730079 74400
000730080 46720
000730081 63520
000730082 87200
000730083 65280
000730084 64640
000730085 72000
000730086 72000
000730087 67680
000730088 67520
000730089 103360
000730090 91200
000730091 83520
000730092 120480
000730093 73280
000730094 59680
000730095 76480
000730096 61440
000730097 64640
000730098 84000
000730099 73600
000730100 80320
000730101 128639
000730102 111040
000730103 73920
000730104 64640
000730105 102080
000730106 110880
000730107 112000
000730108 112480
000730109 121920
000730110 75840
000730111 40416
000730112 113600
000730113 85440
000730114 69040
000730115 133280
000730116 100640
000730117 60256
000730118 93120
000730119 62400
000730120 61280
000730121 60160
000730122 75360
000730123 54384
000730124 102080
000730125 109440
000730126 60480
000730127 56240
000730128 101440
000730129 110560
000730130 63840
000730131 95520
000730132 101120
000730133 155680
000730134 155360
000730135 78560
000730136 88800
000730137 78080
000730138 108960
000730139 103840
000730140 87840
000730141 85280
000730142 60960
000730143 48160
000730144 108960
000730145 59712
000730146 147200
000730147 131520
000730148 111840
000730149 69920
000730150 84768
000730151 117760
000730152 80800
000730153 161920
000730154 105920
000730155 95040
000730156 46944
000730157 80000
000730158 73440
000730159 108640
000730160 78080
000730161 85120
000730162 52000
000730163 46128
000730164 83840
000730165 92480
000730166 85760
000730167 91360
000730168 80160
000730169 48800
000730170 59680
000730171 117120
000730172 46240
000730173 108160
000730174 83200
000730175 72768
000730176 35296
000730177 69600
000730179 47360
000730180 52160
000730182 91200
000730183 86400
000730184 97280
000730185 94400
000730186 50320
000730187 107200
000730189 98720
000730190 126880
000730191 57440
000730192 133120
000730193 87200
000730194 93760
000730195 60960
000730196 53440
000730197 104960
000730198 98400
000730199 79520
000730200 131039
000730201 57120
000730202 82400
000730203 83040
000730204 44480
000730205 113440
000730206 94880
000730207 75040
000730208 89760
000730209 52256
000730210 80800
000730211 63760
000730212 81280
000730213 70720
000730214 52288
000730215 88160
000730216 110080
000730217 98080
000730218 87680
000730219 140800
000730220 103520
000730221 124800
000730222 77760
000730223 53552
000730224 123200
000730225 149120
000730226 77104
000730227 45472
000730228 112960
000730229 97728
000730230 106080
000730231 75616
000730232 101600
000730233 107728
000730234 86240
000730235 127360
000730236 113760
000730237 78880
000730238 67200
000730239 136800
000730240 105120
000730241 146720
000730242 71520
000730243 57728
000730244 74720
000730245 161120
000730246 105760
000730247 71696
000730248 59200
000730249 91840
000730250 92480
000730251 122720
000730252 119200
000730253 118080
000730254 122880
000730255 84976
000730256 165760
000730257 125440
000730258 120480
000730259 68064
000730260 94560
000730261 90080
000730263 111360
000730264 80640
000730265 137600
000730266 128015
000730267 129440
000730268 66880
000730269 135040
000730271 92000
000730272 51840
000730273 103360
000730274 108960
000730275 94400
000730276 112496
000730277 94000
000730278 119520
000730279 108784
000730280 105440
000730281 133920
000730282 69440
000730283 101920
000730284 59008
000730285 120640
000730286 138560
000730287 107040
000730288 89600
000730289 108800
000730290 149600
000730291 101280
000730292 90400
000730293 73600
000730294 101920
000730295 73920
000730296 45920
000730297 96480
000730298 118080
000730299 110304
000730300 61104
000730301 93280
000730302 60160
000730303 110720
000730304 125120
000730305 141120
000730306 83520
000730307 99840
000730308 115392
000730309 103040
000730310 72640
000730311 67200
000730312 74080
000730313 110400
000730314 191200
000730315 102880
000730316 151360
000730317 150080
000730318 150880
000730319 145440
000730320 52480
000730321 72960
000730322 63040
000730323 89760
000730324 88160
000730325 72320
000730326 68512
000730327 76000
000730328 108800
000730329 93600
000730330 61280
000730331 126080
000730332 122880
000730333 88160
000730334 54880
000730335 152640
000730336 139680
000730337 49600
000730338 91680
000730339 75040
000730340 92640
000730341 88160
000730342 147040
000730343 88640
000730344 76480
000730345 65920
000730346 81600
000730347 92000
000730348 102720
000730349 161456
000730350 143520
000730351 94240
000730352 65440
000730353 166560
000730354 127200
000730355 126864
000730356 62080
000730357 84160
000730358 130240
000730359 157600
000730360 91424
000730361 70496
000730362 94240
000730363 141664
000730364 43200
000730365 69280
000730366 94240
000730367 145440
000730368 102400
000730369 88480
000730370 61856
000730371 45280
000730372 103520
000730373 155040
000730374 146240
000730375 132640
000730376 50560
000730377 94720
000730378 96640
000730379 54560
000730380 128479
000730381 136640
000730382 127200
000730383 125968
000730384 109920
000730385 127200
000730386 71200
000730387 89760
000730388 79200
000730389 118720
000730390 168320
000730391 102720
000730392 92240
000730393 71328
000730394 167200
000730395 89280
000730396 58720
000730397 112320
000730398 101600
000730399 84160
000730400 92736
000731401 66944
000731402 82656
000731403 72800
000731404 88960
000731405 74880
000731406 66176
000731407 68480
000731408 84960
000731409 49024
000731410 77232
000731411 91520
000731412 88640
000731413 43200
000731414 103520
000731415 63360
000731416 84320
000731417 98720
000731418 65600
000731419 80320
000731420 58080
000731421 48960
000731422 58080
000731423 50688
000731424 69440
000731425 60960
000731426 68000
000731427 78944
000731428 56000
000731429 54240
000731430 74720
000731431 46144
000731432 78880
000731433 94240
000731434 64000
000731435 64640
000731436 69440
000731438 78928
000731439 93120
000731440 50400
000731441 80800
000731442 93920
000731443 87520
000731444 93600
000731445 56480
000731446 93760
000731447 82080
000731448 66560
000731449 66560
000731450 81760
000731451 82240
000731452 91680
000731453 88640
000731454 57280
000731455 88320
000731457 71840
000731458 117120
000731459 65072
000731460 65920
000731461 74336
000731462 52032
000731463 84480
000731464 78400
000731465 62560
000731466 75200
000731467 66400
000731468 70720
000731469 83840
000731470 68960
000731471 62240
000731472 75520
000731473 53280
000731474 64800
000731475 90720
000731476 78080
000731477 81408
000731478 71200
000731479 76320
000731480 99040
000731481 78896
000731482 75200
000731483 72480
000731484 64000
000731485 74880
000731487 82720
000731488 64000
000731489 101440
000731490 64480
000731491 69120
000731492 68608
000731493 57536
000731494 66400
000731495 67520
000731496 74240
000731497 60400
000731498 71840
000731499 68800
000731500 89600
000731501 60800
000731502 72640
000731503 138400
000731504 109120
000731505 136640
000731506 173760
000731507 124160
000731508 142880
000731509 127200
000731510 78240
000731511 98240
000731512 121120
000731513 59680
000731514 100160
000731515 89760
000731516 72368
000731517 93552
000731518 80896
000731519 127840
000731520 84640
000731521 65440
000731522 112160
000731523 112320
000731524 123200
000731525 139680
000731526 101440
000731527 117600
000731528 102400
000731529 114560
000731530 57920
000731531 44544
000731532 99200
000731533 100160
000731534 41920
000731535 107520
000731536 155200
000731538 79312
000731539 67680
000731540 85920
000731541 122144
000731542 99040
000731543 97280
000731544 131840
000731545 91200
000731546 72160
000731547 131200
000731548 114560
000731549 125504
000731550 74080
000731551 64959
000731552 87040
000731553 150400
000731554 89600
000731555 92800
000731556 77056
000731557 153600
000731558 90240
000731559 48896
000731560 43200
000731561 100800
000731562 110560
000731563 107520
000731565 89760
000731566 175680
000731567 116000
000731568 105920
000731569 132000
000731570 76320
000731571 140960
000731572 118560
000731573 133280
000731574 62880
000731575 68512
000731576 102080
000731577 103520
000731578 97760
000731579 86720
000731580 143680
000731581 59520
000731582 98080
000731583 71200
000731584 82560
000731585 133440
000731586 76000
000731587 94800
000731588 109936
000731589 123200
000731590 100960
000731591 67040
000731592 95200
000731593 80976
000731594 107360
000731595 151840
000731596 96000
000731597 85600
000731598 94240
000731599 117760
000731600 56000
000731601 88800
000731602 60000
000731603 53328
000731604 97600
000731605 93120
000731606 80480
000731607 118080
000731608 96960
000731609 98720
000731610 104160
000731611 77440
000731612 113440
000731613 51680
000731614 77600
000731615 121120
000731616 96960
000731617 60160
000731618 93600
000731619 98880
000731620 120480
000731621 153440
000731622 83040
000731624 108480
000731625 109440
000731626 99520
000731627 93760
000731628 81440
000731629 141120
000731630 118080
000731631 79840
000731632 95680
000731633 121760
000731634 46240
000731635 108640
000731636 62240
000731637 70880
000731638 40480
000731639 140800
000731640 103200
000731641 104160
000731642 62400
000731643 77600
000731644 95984
000731645 88800
000731646 51200
000731647 127040
000731648 78240
000731649 134880
000731650 114720
000731651 80320
000731652 72800
000731653 132640
000731654 86880
000731655 54496
000731656 73440
000731657 125920
000731658 93600
000731659 77248
000731660 71840
000731661 111520
000731662 98400
000731663 100640
000731664 64000
000731665 119680
000731666 172960
000731667 65120
000731668 75840
000731669 72000
000731670 116000
000731671 80800
000731672 64400
000731673 91200
000731674 66560
000731675 42720
000731676 130560
000731677 91360
000731678 52800
000731679 65120
000731680 72864
000731681 76000
000731682 126080
000731683 111520
000731684 56320
000731685 124320
000731686 112480
000731687 109280
000731688 88320
000731689 137280
000731690 99040
000731691 71520
000731692 112160
000731693 62240
000731694 93760
000731695 89440
000731696 94400
000731697 89600
000731698 116320
000731699 85600
000731700 118880
000731701 61280
000731702 129759
000731703 49728
000731704 96480
000731705 119680
000731706 161760
000731707 56160
000731708 84000
000731709 74080
000731710 79520
000731711 57600
000731712 64160
000731713 107680
000731714 138560
000731715 140000
000731716 134240
000731717 119760
000731718 52000
000731719 80512
000731720 92640
000731721 56480
000731722 69920
000731723 75680
000731724 74720
000731725 49600
000731726 106880
000731727 135040
000731728 88640
000731729 118240
000731730 151520
000731731 160160
000731732 83040
000731733 99360
000731734 84000
000731735 125600
000731736 148800
000731737 148800
000731738 51520
000731739 63040
000731740 75520
000731741 64640
000731742 95296
000731743 81600
000731744 82400
000731745 101120
000731746 118400
000731747 128320
000731749 143040
000731750 85920
000731751 97120
000731752 43920
000731753 93280
000731754 116480
000731755 94400
000731756 139840
000731757 91488
000731758 105920
000731759 62080
000731760 85760
000731761 81920
000731762 86080
000731763 94080
000731764 114880
000731765 72320
000731766 99360
000731767 139520
000731768 132480
000731769 76656
000731770 54240
000731771 96960
000731772 76528
000731773 129440
000731774 130560
000731775 81120
000731776 87200
000731777 101280
000731778 170880
000731779 48480
000731780 80928
000731781 93920
000731782 110240
000731783 64304
000731784 51520
000731785 71056
000731786 73952
000731787 61760
000731788 92160
000731789 84160
000731790 165440
000731791 85440
000731792 92640
000731793 150240
000731794 95680
000731795 64400
000731796 75440
000731797 112960
000731798 108480
000731799 106560
000731800 56640
000740001 67696
000740002 148960
000740003 80480
000740005 127840
000740006 79840
000740007 92160
000740008 86080
000740009 71200
000740010 92800
000740011 69600
000740012 109920
000740013 85280
000740014 120000
000740015 104320
000740016 137120
000740017 80480
000740019 118560
000740020 75200
000740021 46496
000740024 60448
000740025 79824
000740026 60064
000740027 58400
000740028 49760
000740029 61440
000740030 62496
000740032 66720
000740033 73120
000740034 86560
000740036 55440
000740037 74400
000740038 56000
000740039 56880
000740040 65648
000740042 37856
000740043 55040
000740044 43200
000740045 41760
000740046 46192
000740047 44288
000740048 74800
000740049 49088
000740050 56000
000740052 73280
000740053 38880
000740054 37056
000740057 64160
000740058 60160
000740059 56160
000740060 62400
000740061 57440
000740062 56480
000740063 77760
000740064 60480
000740065 69920
000740067 51680
000740068 70880
000740070 58880
000740071 52192
000740072 65760
000740073 63360
000740074 71168
000740075 54368
000740076 97120
000740077 57280
000740078 80320
000740079 64160
000740080 47424
000740081 58080
000740082 86720
000740083 63360
000740084 62400
000740085 64000
000740086 60320
000740087 66720
000740088 63568
000740089 92480
000740090 73200
000740091 73760
000740092 105600
000740093 76000
000740094 65280
000740095 67840
000740096 63200
000740097 60640
000740098 82720
000740100 68480
000740102 73472
000740103 86720
000740104 88320
000740105 57264
000740106 97280
000740108 60592
000740109 117728
000740111 83680
000740112 78400
000740113 88000
000740114 61456
000740115 100320
000740116 43984
000740117 111360
000740118 88960
000740119 61536
000740120 99328
000740121 53280
000740122 75520
000740123 100960
000740124 88272
000740127 122592
000740128 105440
000740129 96320
000740132 96480
000740136 87520
000740137 57760
000740140 57152
000740141 96960
000740142 53120
000740143 78272
000740144 117120
000740146 47040
000740147 98720
000740148 95680
000740149 83360
000740150 122400
000740151 126688
000740152 102240
000740153 105280
000740154 79840
000740156 85792
000740157 74048
000740158 134880
000740159 104000
000740160 34000
000740161 56896
000740162 58240
000740163 81856
000740164 68864
000740165 116528
000740166 50880
000740167 117920
000740169 76160
000740170 92800
000740171 79424
000740172 106240
000740174 52320
000740175 88800
000740176 61664
000740177 47088
000740178 61920
000740180 59696
000740181 41680
000740182 95840
000740185 48864
000740186 96640
000740188 55360
000740189 36128
000740190 95520
000740192 79920
000740193 91360
000740194 132752
000740195 91040
000740196 47456
000740197 91504
000740198 99200
000740199 68512
000740200 93760
000740201 50720
000740202 87200
000740203 46560
000740204 94976
000740205 58560
000740207 75360
000740209 128320
000740211 108320
000740214 86400
000740215 98720
000740216 77696
000740217 84384
000740218 68720
000740219 106720
000740220 93760
000740221 79040
000740223 87680
000740224 57488
000740225 80848
000740227 52688
000740228 91520
000740229 88480
000740232 78400
000740234 55200
000740235 73280
000740236 35520
000740237 75840
000740238 85760
000740239 108160
000740241 60800
000740242 79680
000740243 78752
000740244 65440
000740245 89888
000740247 117920
000740248 61792
000740250 93760
000740251 116480
000740252 61296
000740253 99776
000740255 57472
000740257 101280
000740259 76320
000740262 111040
000740264 125440
000740265 129184
000740266 68976
000740267 104800
000740268 151008
000740269 140320
000740271 102880
000740272 113120
000740273 41120
000740275 95520
000740276 51840
000740277 45936
000740278 129759
000740279 100128
000740280 59632
000740281 56480
000740282 92800
000740283 60272
000740284 107360
000740285 93280
000740287 72272
000740288 72800
000740290 74880
000740291 54400
000740292 90992
000740293 43104
000740294 54464
000740295 90880
000740296 34960
000740297 97440
000740298 89440
000740299 121600
000740300 50752
000740301 64480
000740302 81760
000740303 73280
000740306 95360
000740307 115088
000740309 96144
000740310 46896
000740311 59328
000740312 112000
000740313 77920
000740315 98240
000740318 70032
000740319 104464
000740320 94880
000740321 73856
000740322 41280
000740323 69920
000740324 45440
000740325 60000
000740327 73120
000740329 64160
000740330 80304
000740331 76544
000740332 52352
000740333 41488
000740334 91520
000740335 88320
000740336 104960
000740337 116640
000740338 60000
000740339 54080
000740340 67888
000740342 92688
000740343 80640
000740344 152640
000740345 44304
000740346 48320
000740347 100640
000740348 102080
000740349 102720
000740350 97440
000740351 120640
000740352 124000
000740353 82240
000740355 62560
000740358 87216
000740359 51968
000740360 64640
000740361 84800
000740362 102400
000740363 100480
000740364 91872
000740365 117920
000740366 52400
000740367 102608
000740369 63376
000740370 94336
000740374 95520
000740376 104640
000740377 57200
000740378 87360
000740380 80160
000740381 74400
000740382 90240
000740384 50240
000740385 71760
000740388 127360
000740389 57920
000740393 99840
000740394 98976
000740395 115200
000740398 103200
000740399 90400
000740400 107200
000741401 55040
000741402 68480
000741403 63040
000741405 63040
000741407 59520
000741408 66560
000741409 44672
000741411 71040
000741412 68480
000741413 38368
000741414 78720
000741415 53776
000741416 60320
000741418 54720
000741419 51376
000741422 51200
000741423 47440
000741425 54080
000741426 56000
000741427 73600
000741428 48480
000741429 47392
000741430 62080
000741431 41440
000741432 68960
000741433 73760
000741434 55840
000741435 53440
000741436 58240
000741437 49264
000741438 55040
000741439 71072
000741441 58880
000741442 63680
000741443 67040
000741444 70400
000741445 48640
000741446 68720
000741447 60640
000741448 52480
000741449 53600
000741450 62880
000741451 77280
000741452 67840
000741453 70560
000741455 71360
000741456 61760
000741457 66880
000741458 73920
000741459 46672
000741460 54720
000741463 62560
000741464 61280
000741466 64623
000741467 52640
000741470 64000
000741471 51680
000741473 47680
000741474 49280
000741475 65280
000741476 58400
000741477 60160
000741478 52800
000741479 61760
000741480 93440
000741482 56960
000741483 53696
000741485 57280
000741487 70400
000741488 62880
000741489 76160
000741490 48960
000741491 49440
000741494 51360
000741496 60160
000741498 59200
000741500 57760
000741504 60016
000741505 49760
000741506 50784
000741507 99872
000741508 94624
000741509 59856
000741510 85440
000741511 86096
000741514 107200
000741515 60912
000741516 49648
000741517 80160
000741518 107040
000741519 71792
000741520 62128
000741521 59840
000741522 77680
000741523 38016
000741524 49280
000741525 69920
000741526 73600
000741527 65120
000741528 89920
000741530 47680
000741531 73504
000741532 82400
000741533 76768
000741534 56832
000741535 58720
000741536 129759
000741538 77440
000741539 74400
000741540 135728
000741541 81920
000741544 66976
000741546 43952
000741547 109440
000741549 115840
000741550 62352
000741553 49440
000741554 92816
000741557 50880
000741558 95440
000741560 81280
000741561 107520
000741562 65728
000741563 102560
000741564 150240
000741565 65600
000741566 83840
000741567 112784
000741568 58880
000741569 64800
000741570 90880
000741571 108160
000741572 72160
000741573 95360
000741574 129120
000741575 101440
000741576 68640
000741577 122240
000741578 143232
000741581 96480
000741582 94240
000741583 117440
000741585 114080
000741588 77120
000741589 76480
000741591 49920
000741593 80320
000741595 105280
000741598 57776
000741599 74720
000741601 74768
000741602 81760
000741603 103840
000741605 119680
000741606 69760
000741608 70720
000741609 110720
000741614 120480
000741616 66720
000741618 71680
000741620 90400
000741621 67008
000741623 71360
000741624 80080
000741626 81280
000741627 114720
000741630 57280
000741634 131520
000741635 93712
000741636 54080
000741637 52480
000741638 96640
000741640 110880
000741641 100000
000741642 100960
000741643 69264
000741645 74528
000741646 50240
000741647 57760
000741649 88160
000741650 84640
000741651 92320
000741657 58560
000741661 102720
000741663 90736
000741664 63392
000741666 89120
000741668 116384
000741670 69120
000741671 75520
000741672 100160
000741673 78080
000741676 103520
000741677 91280
000741678 99520
000741679 40960
000741680 64319
000741681 100800
000741682 52000
000741684 92672
000741685 99504
000741686 76320
000741687 73760
000741688 78400
000741689 95520
000741690 53920
000741692 98880
000741693 80960
000741694 71840
000741695 52800
