000650372 25
000650374 15
000650375 9
000650376 21
000650377 13
000650378 16
000650380 10
000650381 28
000650384 26
000650386 20
000650387 26
000650388 18
000650389 13
000650390 21
000650391 20
000650392 11
000650394 19
000650396 18
000650399 27
000650400 13
000651401 12
000651402 18
000651404 21
000651405 13
000651406 15
000651408 16
000651409 10
000651410 19
000651411 19
000651412 21
000651413 6
000651414 19
000651415 11
000651416 13
000651417 27
000651418 12
000651419 16
000651420 14
000651421 8
000651422 13
000651423 10
000651425 10
000651426 12
000651427 22
000651428 10
000651429 15
000651430 17
000651431 14
000651432 20
000651433 19
000651434 14
000651435 10
000651436 12
000651437 12
000651438 16
000651439 19
000651440 8
000651441 17
000651442 20
000651443 18
000651444 19
000651445 15
000651446 21
000651447 11
000651448 16
000651449 12
000651450 16
000651451 21
000651452 25
000651453 15
000651454 6
000651455 20
000651456 20
000651457 13
000651459 15
000651460 21
000651461 16
000651462 14
000651463 21
000651464 16
000651465 13
000651466 19
000651467 9
000651468 15
000651469 19
000651470 18
000651471 14
000651472 20
000651473 12
000651474 8
000651475 20
000651476 13
000651477 13
000651478 14
000651479 17
000651480 33
000651481 12
000651482 14
000651483 17
000651484 15
000651485 10
000651486 8
000651487 18
000651488 15
000651489 25
000651490 13
000651491 15
000651492 16
000651493 11
000651494 13
000651495 12
000651496 21
000651497 15
000651498 15
000651499 14
000651500 18
000651501 30
000651502 19
000651503 25
000651504 10
000651505 15
000651506 31
000651507 26
000651508 33
000651509 26
000651510 44
000651511 25
000651512 17
000651513 15
000651514 21
000651515 23
000651516 30
000651517 28
000651519 20
000651520 14
000651521 9
000651522 17
000651523 35
000651524 16
000651525 17
000651526 25
000651527 19
000651528 22
000651529 12
000651530 29
000651531 25
000651532 26
000651533 21
000651534 22
000651536 16
000651537 5
000651538 10
000651539 16
000651540 20
000651543 14
000651544 12
000651545 7
000651546 16
000651548 9
000651550 29
000651551 6
000651552 32
000651553 13
000651554 18
000651555 20
000651557 13
000651558 15
000651560 33
000651561 22
000651562 11
000651563 14
000651564 31
000651565 15
000651566 9
000651567 10
000651569 24
000651570 10
000651571 26
000651573 9
000651574 12
000651576 26
000651577 18
000651578 22
000651579 18
000651580 31
000651581 24
000651582 9
000651583 8
000651584 27
000651585 12
000651586 20
000651587 16
000651588 14
000651589 34
000651590 38
000651593 20
000651594 29
000651595 16
000651596 16
000651597 14
000651598 21
000651599 24
000651600 16
000651601 19
000651602 23
000651603 13
000651604 32
000651605 23
000651607 9
000651608 5
000651609 18
000651610 18
000651611 28
000651614 19
000651616 13
000651617 25
000651618 8
000651619 9
000651620 22
000651621 12
000651622 25
000651623 15
000651624 28
000651625 11
000651626 8
000651628 31
000651629 20
000651630 15
000651631 8
000651632 9
000651633 31
000651634 13
000651635 5
000651636 13
000651637 35
000651638 22
000651639 11
000651640 39
000651641 24
000651642 13
000651643 25
000651646 37
000651648 23
000651650 15
000651651 29
000651652 11
000651654 12
000651655 29
000651656 18
000651657 10
000651658 30
000651659 14
000651660 27
000651661 24
000651663 19
000651664 25
000651665 23
000651666 16
000651667 9
000651668 20
000651669 28
000651671 12
000651672 22
000651673 19
000651674 33
000651675 18
000651676 28
000651677 17
000651679 26
000651683 22
000651684 32
000651685 7
000651686 24
000651687 31
000651689 21
000651690 24
000651691 10
000651692 28
000651693 23
000651694 16
000651695 16
000651696 37
000651697 12
000651698 8
000651699 21
000651700 19
000651701 26
000651702 14
000651703 26
000651705 34
000651706 32
000651707 6
000651708 14
000651709 11
000651711 35
000651712 12
000651713 23
000651714 10
000651716 25
000651718 17
000651719 16
000651720 10
000651721 20
000651722 20
000651723 7
000651725 23
000651726 15
000651727 16
000651728 31
000651729 10
000651730 5
000651732 19
000651733 23
000651735 36
000651736 30
000651737 24
000651739 25
000651740 19
000651741 21
000651742 18
000651743 40
000651744 7
000651746 6
000651747 9
000651748 27
000651749 28
000651751 21
000651752 22
000651753 29
000651754 18
000651756 14
000651757 15
000651758 10
000651759 21
000651760 18
000651761 5
000651763 21
000651764 32
000651765 15
000651766 12
000651767 17
000651768 8
000651769 31
000651772 21
000651773 22
000651775 13
000651777 27
000651779 20
000651780 14
000651781 10
000651782 22
000651783 17
000651784 22
000651785 24
000651787 12
000651788 7
000651789 16
000651790 16
000651791 9
000651792 26
000651793 33
000651794 19
000651795 31
000651796 20
000651797 26
000651798 13
000651799 11
000651800 14
000661401 12
000661402 18
000661403 13
000661404 23
000661405 13
000661406 15
000661407 17
000661408 17
000661409 11
000661411 19
000661412 21
000661413 6
000661414 19
000661415 11
000661417 27
000661418 12
000661419 16
000661420 14
000661421 8
000661422 13
000661423 10
000661424 15
000661425 10
000661426 12
000661427 22
000661428 10
000661429 15
000661430 17
000661431 14
000661432 20
000661433 19
000661434 14
000661435 10
000661436 12
000661437 12
000661438 15
000661439 19
000661440 8
000661441 17
000661442 20
000661443 17
000661444 19
000661445 15
000661446 21
000661447 11
000661448 16
000661449 12
000661450 16
000661451 21
000661452 25
000661453 15
000661454 6
000661455 20
000661456 20
000661457 13
000661458 24
000661459 15
000661460 15
000661461 16
000661462 14
000661463 20
000661464 17
000661465 13
000661466 19
000661467 9
000661468 15
000661469 19
000661470 18
000661471 14
000661472 20
000661473 12
000661474 8
000661475 20
000661476 13
000661477 14
000661478 14
000661479 16
000661480 33
000661481 12
000661482 14
000661483 17
000661484 15
000661485 10
000661486 8
000661487 18
000661488 15
000661489 25
000661490 13
000661491 15
000661492 16
000661493 11
000661494 13
000661495 12
000661496 21
000661497 15
000661498 15
000661499 14
000661500 18
000661501 22
000661502 28
000661503 16
000661504 7
000661505 12
000661506 9
000661507 13
000661508 11
000661509 34
000661510 33
000661511 13
000661512 21
000661513 14
000661514 18
000661515 22
000661516 24
000661517 8
000661518 11
000661519 6
000661520 18
000661521 11
000661522 19
000661523 9
000661524 24
000661525 15
000661526 26
000661527 6
000661528 23
000661529 12
000661530 24
000661531 23
000661532 29
000661533 11
000661534 10
000661535 19
000661536 40
000661537 15
000661538 11
000661539 6
000661540 37
000661541 24
000661542 8
000661543 19
000661544 10
000661545 39
000661546 18
000661547 24
000661548 26
000661549 20
000661550 22
000661551 20
000661553 24
000661554 23
000661555 7
000661556 23
000661557 32
000661558 6
000661559 10
000661560 26
000661561 18
000661563 14
000661564 20
000661565 15
000661566 23
000661567 30
000661568 18
000661569 29
000661571 10
000661572 14
000661573 16
000661574 26
000661575 8
000661576 9
000661577 19
000661578 41
000661579 27
000661580 11
000661581 22
000661582 8
000661583 23
000661584 27
000661585 21
000661586 30
000661587 18
000661588 8
000661589 26
000661590 6
000661592 24
000661593 28
000661594 32
000661595 17
000661596 13
000661597 12
000661599 27
000661600 33
000661601 7
000661602 20
000661603 23
000661604 17
000661605 31
000661606 36
000661607 20
000661608 30
000661609 15
000661611 27
000661612 13
000661613 22
000661614 8
000661615 13
000661616 12
000661618 17
000661619 10
000661621 18
000661622 18
000661623 10
000661624 35
000661625 16
000661626 27
000661627 31
000661628 11
000661629 26
000661630 25
000661631 19
000661632 25
000661633 22
000661634 21
000661635 8
000661636 16
000661637 9
000661638 25
000661639 25
000661640 11
000661641 9
000661642 19
000661643 21
000661644 8
000661645 16
000661646 15
000661647 21
000661649 18
000661650 13
000661651 20
000661652 30
000661653 35
000661654 10
000661655 37
000661656 30
000661657 22
000661658 32
000661659 21
000661660 11
000661661 14
000661662 15
000661663 16
000661664 18
000661665 26
000661666 9
000661667 21
000661668 11
000661669 9
000661670 19
000661671 14
000661672 33
000661673 12
000661674 22
000661675 19
000661676 16
000661677 29
000661678 24
000661679 13
000661680 7
000661681 13
000661682 19
000661683 23
000661684 43
000661685 16
000661686 24
000661687 28
000661688 38
000661689 30
000661690 31
000661691 8
000661692 22
000661693 17
000661694 20
000661696 19
000661697 8
000661698 18
000661699 7
000661700 19
000661701 21
000661702 22
000661703 11
000661704 10
000661705 29
000661706 18
000661707 29
000661708 45
000661709 9
000661710 30
000661711 6
000661712 16
000661713 15
000661714 30
000661715 12
000661716 23
000661717 15
000661718 17
000661719 11
000661720 19
000661721 13
000661722 26
000661723 17
000661724 17
000661725 26
000661726 18
000661727 11
000661728 22
000661729 27
000661730 26
000661731 25
000661732 14
000661733 25
000661734 13
000661735 23
000661736 21
000661737 17
000661738 14
000661739 17
000661740 12
000661741 6
000661742 12
000661743 27
000661744 20
000661745 15
000661746 31
000661747 9
000661748 13
000661749 23
000661750 9
000661751 17
000661752 6
000661753 23
000661754 15
000661755 18
000661756 14
000661757 14
000661758 20
000661759 18
000661761 12
000661762 37
000661763 29
000661764 17
000661765 23
000661766 22
000661767 25
000661768 14
000661769 11
000661770 5
000661771 13
000661772 37
000661773 29
000661774 23
000661775 32
000661776 30
000661777 6
000661778 13
000661779 19
000661780 29
000661781 21
000661782 28
000661783 12
000661784 14
000661785 16
000661786 32
000661787 8
000661790 16
000661791 24
000661792 32
000661793 23
000661794 8
000661795 27
000661796 12
000661797 33
000661798 14
000661799 14
000661800 35
000670001 10
000670002 41
000670003 16
000670005 33
000670006 21
000670007 33
000670008 24
000670009 15
000670010 29
000670011 20
000670012 40
000670013 20
000670014 38
000670015 27
000670016 45
000670017 20
000670018 25
000670019 36
000670020 22
000670022 11
000670023 14
000670024 12
000670025 20
000670026 9
000670027 11
000670028 8
000670029 10
000670030 13
000670031 15
000670032 19
000670033 18
000670034 20
000670036 8
000670037 18
000670038 10
000670039 12
000670040 14
000670042 4
000670043 14
000670044 10
000670045 6
000670046 9
000670047 10
000670048 15
000670049 7
000670050 20
000670053 9
000670054 7
000670057 18
000670058 13
000670059 9
000670060 14
000670061 13
000670062 11
000670063 23
000670064 13
000670065 17
000670066 9
000670067 11
000670068 12
000670069 19
000670070 19
000670071 14
000670072 9
000670073 16
000670074 14
000670075 12
000670076 23
000670077 7
000670078 16
000670079 14
000670080 10
000670081 13
000670082 17
000670084 13
000670085 8
000670086 14
000670087 15
000670088 16
000670089 21
000670090 22
000670091 15
000670093 14
000670095 14
000670096 12
000670097 13
000670098 18
000670099 17
000670100 17
000670101 19
000670102 9
000670103 11
000670104 18
000670105 22
000670106 28
000670107 21
000670108 10
000670109 13
000670111 28
000670112 9
000670113 24
000670114 14
000670116 26
000670117 19
000670118 24
000670119 8
000670120 25
000670122 10
000670124 19
000670125 31
000670126 20
000670127 14
000670128 31
000670130 18
000670131 18
000670132 34
000670133 9
000670134 12
000670135 17
000670137 21
000670138 8
000670139 12
000670141 27
000670142 9
000670143 26
000670146 25
000670147 21
000670148 16
000670150 19
000670151 8
000670152 22
000670153 14
000670155 8
000670156 17
000670157 14
000670158 29
000670159 11
000670160 18
000670161 17
000670163 10
000670164 14
000670165 24
000670166 24
000670167 10
000670168 17
000670169 34
000670170 12
000670171 10
000670172 24
000670173 33
000670176 13
000670177 7
000670178 27
000670179 14
000670180 24
000670181 8
000670182 17
000670184 26
000670185 43
000670186 13
000670187 23
000670188 9
000670189 12
000670190 14
000670192 9
000670193 23
000670194 15
000670196 13
000670198 11
000670200 9
000670201 14
000670203 21
000670204 23
000670205 13
000670207 17
000670209 34
000670210 17
000670211 22
000670212 20
000670213 23
000670214 14
000670215 27
000670216 23
000670217 22
000670218 12
000670219 18
000670220 32
000670221 18
000670222 22
000670223 16
000670224 13
000670225 9
000670226 17
000670227 24
000670228 20
000670229 11
000670230 24
000670231 32
000670232 13
000670233 16
000670234 17
000670236 17
000670237 28
000670241 16
000670242 6
000670243 26
000670245 10
000670246 8
000670247 29
000670248 17
000670249 19
000670250 20
000670251 8
000670252 8
000670253 17
000670254 9
000670257 10
000670258 13
000670260 8
000670261 8
000670262 11
000670263 25
000670264 18
000670265 13
000670266 18
000670267 20
000670268 18
000670269 23
000670271 10
000670273 19
000670274 15
000670275 13
000670276 13
000670277 13
000670278 25
000670279 32
000670280 10
000670281 15
000670282 13
000670283 26
000670284 33
000670285 17
000670287 18
000670288 7
000670290 11
000670291 8
000670292 14
000670293 17
000670294 23
000670295 12
000670297 17
000670299 11
000670300 18
000670301 15
000670302 8
000670303 8
000670304 12
000670306 13
000670308 20
000670310 20
000670311 9
000670312 14
000670313 30
000670314 11
000670315 14
000670316 10
000670317 7
000670318 15
000670319 15
000670320 25
000670321 8
000670322 10
000670323 12
000670324 8
000670325 11
000670326 15
000670328 28
000670329 18
000670330 18
000670331 10
000670332 20
000670333 14
000670334 10
000670336 34
000670338 22
000670339 17
000670340 15
000670342 19
000670344 17
000670345 25
000670346 12
000670347 12
000670348 13
000670349 19
000670350 21
000670351 20
000670352 12
000670353 9
000670355 7
000670356 21
000670357 18
000670358 18
000670359 10
000670360 10
000670361 13
000670362 22
000670363 18
000670364 13
000670365 8
000670366 14
000670368 17
000670369 15
000670370 25
000670371 14
000670372 9
000670373 12
000670374 13
000670375 8
000670377 24
000670378 17
000670379 10
000670380 13
000670381 13
000670382 11
000670384 26
000670385 30
000670386 25
000670387 24
000670388 10
000670389 24
000670390 16
000670391 10
000670392 25
000670393 21
000670394 22
000670395 29
000670396 16
000670397 23
000670398 18
000670399 25
000671401 12
000671402 15
000671403 12
000671404 21
000671405 13
000671406 10
000671407 15
000671408 23
000671409 6
000671411 13
000671412 15
000671413 5
000671414 20
000671415 12
000671416 19
000671417 20
000671418 12
000671419 13
000671423 10
000671424 15
000671425 9
000671426 14
000671428 11
000671429 15
000671430 16
000671433 19
000671434 14
000671435 10
000671436 12
000671440 8
000671441 17
000671442 20
000671443 17
000671444 22
000671445 14
000671446 22
000671447 11
000671449 12
000671450 10
000671451 21
000671452 24
000671456 20
000671457 13
000671458 19
000671459 15
000671460 15
000671461 16
000671463 21
000671464 16
000671465 10
000671466 20
000671467 9
000671468 16
000671470 18
000671471 11
000671472 21
000671473 12
000671474 9
000671476 12
000671477 15
000671478 14
000671479 16
000671480 33
000671482 14
000671483 15
000671484 14
000671485 7
000671487 14
000671488 15
000671489 25
000671490 13
000671491 12
000671492 15
000671493 11
000671494 12
000671495 12
000671496 21
000671497 14
000671498 15
000671499 12
000671500 17
000671501 13
000671502 18
000671503 15
000671504 8
000671505 7
000671506 20
000671507 15
000671508 20
000671509 22
000671510 23
000671511 24
000671512 21
000671513 26
000671514 29
000671515 15
000671516 19
000671517 14
000671518 16
000671519 31
000671520 16
000671521 10
000671522 29
000671523 22
000671524 14
000671525 22
000671526 17
000671527 9
000671529 16
000671530 24
000671532 22
000671533 32
000671534 18
000671535 11
000671536 13
000671537 22
000671538 25
000671539 27
000671542 29
000671543 16
000671545 8
000671546 11
000671547 7
000671549 12
000671550 15
000671552 17
000671553 12
000671555 28
000671556 19
000671557 21
000671558 23
000671560 17
000671561 28
000671562 20
000671563 15
000671564 12
000671565 18
000671568 21
000671569 11
000671570 23
000671571 22
000671572 20
000671573 18
000671574 19
000671575 5
000671576 14
000671577 10
000671578 7
000671579 15
000671580 25
000671581 16
000671582 17
000671583 5
000671584 25
000671586 20
000671587 10
000671588 10
000671589 21
000671592 20
000671593 18
000671596 8
000671597 24
000671598 17
000671601 17
000671602 16
000671603 9
000671605 10
000671606 10
000671607 16
000671608 19
000671609 10
000671610 15
000671611 6
000671612 16
000671613 12
000671614 8
000671615 8
000671616 14
000671618 6
000671619 28
000671620 19
000671621 8
000671622 17
000671623 17
000671624 15
000671625 13
000671626 28
000671627 17
000671628 20
000671629 23
000671630 22
000671631 20
000671632 21
000671633 22
000671634 16
000671635 16
000671636 12
000671637 23
000671638 23
000671639 24
000671640 10
000671641 31
000671642 13
000671643 15
000671645 7
000671646 7
000671647 12
000671648 5
000671651 13
000671652 12
000671654 11
000671655 12
000671656 8
000671657 1
000671658 12
000671659 11
000671663 12
000671664 17
000671665 17
000671666 14
000671667 17
000671668 10
000671669 24
000671670 10
000671671 14
000671672 22
000671673 26
000671674 20
000671675 16
000671676 11
000671677 12
000671679 13
000671680 12
000671681 22
000671682 16
000671683 15
000671684 18
000671685 12
000671686 21
000671687 13
000671688 25
000671689 18
000671690 22
000671691 13
000671692 16
000671693 24
000671694 19
000671695 17
000671696 29
000671697 5
000671700 14
000671701 9
000671702 8
000671703 13
000671704 20
000671706 10
000671707 20
000671708 10
000671709 7
000671710 15
000671711 22
000671712 15
000671713 12
000671714 12
000671715 11
000671716 13
000671717 21
000671718 12
000671719 10
000671722 16
000671723 13
000671724 7
000671725 16
000671726 10
000671727 13
000671728 17
000671729 30
000671730 20
000671732 24
000671734 10
000671736 10
000671737 6
000671738 10
000671739 15
000671741 9
000671742 10
000671743 12
000671744 10
000671745 6
000671746 9
000671747 14
000671748 7
000671749 15
000671750 15
000671753 19
000671754 17
000671755 5
000671757 5
000671758 14
000671759 10
000671760 13
000671761 21
000671762 22
000671765 8
000671766 7
000671768 18
000671770 17
000671771 23
000671772 9
000671776 24
000671777 8
000671779 20
000671782 10
000671783 6
000671784 21
000671785 17
000671786 10
000671787 23
000671788 17
000671790 14
000671791 17
000671792 10
000671793 9
000671794 26
000671795 28
000671796 27
000671797 19
000671798 7
000671799 9
000671800 11
000680001 10
000680002 41
000680003 16
000680005 35
000680006 20
000680007 30
000680008 24
000680009 20
000680010 27
000680011 20
000680012 34
000680013 20
000680014 37
000680015 27
000680016 46
000680017 17
000680018 25
000680019 42
000680020 23
000680021 7
000680022 11
000680024 12
000680025 20
000680026 8
000680027 12
000680028 8
000680029 11
000680030 14
000680031 15
000680032 19
000680033 20
000680034 20
000680035 7
000680036 8
000680037 15
000680038 10
000680039 11
000680040 14
000680041 4
000680042 4
000680043 14
000680045 6
000680046 9
000680047 10
000680048 15
000680049 7
000680050 14
000680051 11
000680052 17
000680053 8
000680055 12
000680056 13
000680057 16
000680058 14
000680059 9
000680060 14
000680061 17
000680062 11
000680063 20
000680064 13
000680065 18
000680066 8
000680067 11
000680068 13
000680069 20
000680070 19
000680071 14
000680072 12
000680073 15
000680074 14
000680075 13
000680077 7
000680078 20
000680079 14
000680080 10
000680081 13
000680082 17
000680083 14
000680084 13
000680085 11
000680086 14
000680087 15
000680088 15
000680089 21
000680090 22
000680091 15
000680092 35
000680093 16
000680094 13
000680095 13
000680096 14
000680097 13
000680098 19
000680099 17
000680100 17
000680101 21
000680102 24
000680104 11
000680105 19
000680106 23
000680107 24
000680108 12
000680109 20
000680110 22
000680111 26
000680112 36
000680113 23
000680114 38
000680115 22
000680116 12
000680117 16
000680118 9
000680119 6
000680120 27
000680121 15
000680122 22
000680123 31
000680124 17
000680125 20
000680126 24
000680127 24
000680128 24
000680129 13
000680130 30
000680132 17
000680133 9
000680135 8
000680136 31
000680137 5
000680138 24
000680141 21
000680142 9
000680144 9
000680145 12
000680146 30
000680147 16
000680148 17
000680149 24
000680150 26
000680152 11
000680153 10
000680154 18
000680156 36
000680157 20
000680158 16
000680159 21
000680161 18
000680164 24
000680165 15
000680166 23
000680167 28
000680168 27
000680169 5
000680170 21
000680171 19
000680172 8
000680173 19
000680174 15
000680175 25
000680178 17
000680179 31
000680180 14
000680182 10
000680183 18
000680186 10
000680187 17
000680188 17
000680189 29
000680190 17
000680192 14
000680193 15
000680194 14
000680195 12
000680196 28
000680197 12
000680198 18
000680199 19
000680200 15
000680201 19
000680203 15
000680204 20
000680205 11
000680206 10
000680207 18
000680208 35
000680209 12
000680210 19
000680211 29
000680212 7
000680213 24
000680214 9
000680215 30
000680216 26
000680217 17
000680218 23
000680220 12
000680221 23
000680222 12
000680223 9
000680224 13
000680225 36
000680226 30
000680227 28
000680229 6
000680230 16
000680232 16
000680233 26
000680234 18
000680235 11
000680236 34
000680237 19
000680238 9
000680239 19
000680240 28
000680241 27
000680242 11
000680243 22
000680245 30
000680246 18
000680247 8
000680249 23
000680250 23
000680251 17
000680252 34
000680253 17
000680254 16
000680255 30
000680256 15
000680257 10
000680258 20
000680259 16
000680260 30
000680261 20
000680262 20
000680263 17
000680264 19
000680265 17
000680266 7
000680267 16
000680268 26
000680269 16
000680270 29
000680271 21
000680272 26
000680273 24
000680274 21
000680275 21
000680276 16
000680277 16
000680278 14
000680279 18
000680282 23
000680283 15
000680284 16
000680285 14
000680286 39
000680287 26
000680288 43
000680289 22
000680291 14
000680293 9
000680294 7
000680295 34
000680297 24
000680298 24
000680299 19
000680300 27
000680302 26
000680303 13
000680304 13
000680305 21
000680306 11
000680307 22
000680308 6
000680309 34
000680310 8
000680311 20
000680312 24
000680313 16
000680314 25
000680315 27
000680316 12
000680317 13
000680318 7
000680319 17
000680320 28
000680321 32
000680322 15
000680323 15
000680324 32
000680325 13
000680326 28
000680327 27
000680328 12
000680329 17
000680330 42
000680332 13
000680334 11
000680335 25
000680336 18
000680337 16
000680338 24
000680339 12
000680340 32
000680341 6
000680342 35
000680343 21
000680344 10
000680345 8
000680346 22
000680348 19
000680349 24
000680351 29
000680353 25
000680354 19
000680355 21
000680357 12
000680358 9
000680359 8
000680360 15
000680361 30
000680362 16
000680363 28
000680365 15
000680366 25
000680367 24
000680368 26
000680369 8
000680370 12
000680371 15
000680373 39
000680374 27
000680375 8
000680376 24
000680377 24
000680378 25
000680379 23
000680380 12
000680381 22
000680382 9
000680384 25
000680385 28
000680386 30
000680387 25
000680388 10
000680389 35
000680390 35
000680391 5
000680392 23
000680393 31
000680394 8
000680395 29
000680396 25
000680397 19
000680399 14
000680400 27
000681401 12
000681402 18
000681403 13
000681404 21
000681405 13
000681406 15
000681407 17
000681408 16
000681409 10
000681410 19
000681411 19
000681412 21
000681413 6
000681414 19
000681415 11
000681416 13
000681418 12
000681419 16
000681420 14
000681422 13
000681423 10
000681424 15
000681425 10
000681426 12
000681427 21
000681428 10
000681429 15
000681430 17
000681431 14
000681432 20
000681433 19
000681434 14
000681435 10
000681436 12
000681438 16
000681440 8
000681441 17
000681442 20
000681443 17
000681444 19
000681445 15
000681447 11
000681448 16
000681449 12
000681450 16
000681451 21
000681452 25
000681453 15
000681454 6
000681455 20
000681457 13
000681458 23
000681459 15
000681460 15
000681461 16
000681462 14
000681463 20
000681464 16
000681465 13
000681466 19
000681467 9
000681469 19
000681470 18
000681471 14
000681472 20
000681474 8
000681475 20
000681476 13
000681477 13
000681478 14
000681479 17
000681480 33
000681481 12
000681482 14
000681483 17
000681484 15
000681485 10
000681487 18
000681488 15
000681489 25
000681490 13
000681491 15
000681492 16
000681493 11
000681494 13
000681495 12
000681496 21
000681497 15
000681498 15
000681499 14
000681500 18
000681501 25
000681502 15
000681503 37
000681504 15
000681505 22
000681506 17
000681507 23
000681508 24
000681509 22
000681510 31
000681511 20
000681512 20
000681514 9
000681515 18
000681516 15
000681517 17
000681518 5
000681519 10
000681520 23
000681522 12
000681523 20
000681524 37
000681525 18
000681526 16
000681527 23
000681528 42
000681529 26
000681530 18
000681531 30
000681532 15
000681533 38
000681534 19
000681535 19
000681536 12
000681537 10
000681538 17
000681539 23
000681540 23
000681541 19
000681542 6
000681543 40
000681544 15
000681547 20
000681548 17
000681549 19
000681550 28
000681551 17
000681552 12
000681553 9
000681556 11
000681557 13
000681559 8
000681561 20
000681562 11
000681563 6
000681564 42
000681565 11
000681566 16
000681567 25
000681568 13
000681569 18
000681570 28
000681571 28
000681572 5
000681573 15
000681574 20
000681575 26
000681576 16
000681577 23
000681578 9
000681580 20
000681581 9
000681582 13
000681583 26
000681584 32
000681586 10
000681587 14
000681588 26
000681589 24
000681590 11
000681592 11
000681593 23
000681594 9
000681595 6
000681596 19
000681598 32
000681599 15
000681600 31
000681601 20
000681602 10
000681603 20
000681604 22
000681605 9
000681606 14
000681607 32
000681608 17
000681609 22
000681610 21
000681611 28
000681612 22
000681613 19
000681616 8
000681617 11
000681618 36
000681619 34
000681620 13
000681621 7
000681622 29
000681623 17
000681624 13
000681625 14
000681627 19
000681628 30
000681629 16
000681631 19
000681632 17
000681633 19
000681634 24
000681635 15
000681636 20
000681637 25
000681638 14
000681639 27
000681640 16
000681643 31
000681644 18
000681645 17
000681646 6
000681647 28
000681648 26
000681649 9
000681650 15
000681651 19
000681652 16
000681653 17
000681655 9
000681657 22
000681659 18
000681660 14
000681661 29
000681662 11
000681663 12
000681665 13
000681666 16
000681667 17
000681668 23
000681669 14
000681670 17
000681671 32
000681672 10
000681673 27
000681674 22
000681675 15
000681676 22
000681677 11
000681678 18
000681679 27
000681680 34
000681681 18
000681682 13
000681683 24
000681685 27
000681687 11
000681689 27
000681690 20
000681691 22
000681692 22
000681693 35
000681694 19
000681695 21
000681696 19
000681697 7
000681698 26
000681699 14
000681700 23
000681702 28
000681703 36
000681704 12
000681705 8
000681706 16
000681707 11
000681708 8
000681709 27
000681710 9
000681711 13
000681712 21
000681713 14
000681714 6
000681715 35
000681716 19
000681717 14
000681718 13
000681719 8
000681720 22
000681721 23
000681722 18
000681723 12
000681724 22
000681725 12
000681726 16
000681728 6
000681729 20
000681730 31
000681731 22
000681732 17
000681733 29
000681734 38
000681735 8
000681736 24
000681737 21
000681738 30
000681739 9
000681740 34
000681741 14
000681742 24
000681743 35
000681744 12
000681745 21
000681746 23
000681748 12
000681749 11
000681750 27
000681751 28
000681752 16
000681753 15
000681754 28
000681755 34
000681756 34
000681757 14
000681758 35
000681759 13
000681761 21
000681762 12
000681763 12
000681764 20
000681765 12
000681766 23
000681767 9
000681768 11
000681769 34
000681770 27
000681771 32
000681772 18
000681773 21
000681774 11
000681775 6
000681776 22
000681777 13
000681779 12
000681780 22
000681781 22
000681782 22
000681784 21
000681785 21
000681786 19
000681787 14
000681789 14
000681790 19
000681791 11
000681792 18
000681793 23
000681794 14
000681795 10
000681796 10
000681797 23
000681798 17
000681799 30
000681800 17
000690001 10
000690002 41
000690003 16
000690004 33
000690005 40
000690006 26
000690008 24
000690009 25
000690010 32
000690014 42
000690015 32
000690016 51
000690017 23
000690018 30
000690022 11
000690024 12
000690026 13
000690031 20
000690034 19
000690036 13
000690037 17
000690048 20
000690057 21
000690060 19
000690061 17
000690062 16
000690063 25
000690065 23
000690068 18
000690069 25
000690072 12
000690073 21
000690074 14
000690076 18
000690078 25
000690079 19
000690081 18
000690085 11
000690087 20
000690089 21
000690090 27
000690091 20
000690092 40
000690097 18
000690099 22
000690101 19
000690102 44
000690103 32
000690104 27
000690105 25
000690106 16
000690107 20
000690109 18
000690110 36
000690112 33
000690113 23
000690114 35
000690115 18
000690117 37
000690118 32
000690119 25
000690121 31
000690122 33
000690123 37
000690129 31
000690130 38
000690131 30
000690132 11
000690134 21
000690135 30
000690137 27
000690138 38
000690139 27
000690140 17
000690141 17
000690144 19
000690146 35
000690147 43
000690148 13
000690149 40
000690151 29
000690152 38
000690153 24
000690154 24
000690155 26
000690157 29
000690158 19
000690159 22
000690160 19
000690161 14
000690162 12
000690163 32
000690164 22
000690165 23
000690166 15
000690167 27
000690168 13
000690169 23
000690170 11
000690171 26
000690172 16
000690173 18
000690174 16
000690175 48
000690176 20
000690177 29
000690178 31
000690179 20
000690180 27
000690182 34
000690183 6
000690184 5
000690185 27
000690186 14
000690187 28
000690188 32
000690189 20
000690190 10
000690191 12
000690192 27
000690193 30
000690194 12
000690196 14
000690197 15
000690198 21
000690199 21
000690200 18
000690201 27
000690202 24
000690203 18
000690204 22
000690205 27
000690206 18
000690207 20
000690208 32
000690209 5
000690210 10
000690211 19
000690212 15
000690213 20
000690214 19
000690215 15
000690216 15
000690217 20
000690218 13
000690219 17
000690220 24
000690221 28
000690222 6
000690223 29
000690224 16
000690225 17
000690226 16
000690227 15
000690228 24
000690229 30
000690230 33
000690231 15
000690232 20
000690233 27
000690234 13
000690235 22
000690236 17
000690237 25
000690238 24
000690239 24
000690240 17
000690241 22
000690242 21
000690243 15
000690244 12
000690245 14
000690246 15
000690247 32
000690248 32
000690249 9
000690250 20
000690251 26
000690252 15
000690253 19
000690254 29
000690255 23
000690256 26
000690257 14
000690258 12
000690259 12
000690260 28
000690261 38
000690262 26
000690263 21
000690264 14
000690265 22
000690266 28
000690267 15
000690268 11
000690269 20
000690270 31
000690271 6
000690272 16
000690273 12
000690274 18
000690276 15
000690277 12
000690278 25
000690279 6
000690280 25
000690281 18
000690282 11
000690283 27
000690284 18
000690285 21
000690286 33
000690288 23
000690289 21
000690290 8
000690291 23
000690295 18
000690298 22
000690299 13
000690300 21
000690301 15
000690302 20
000690303 6
000690304 16
000690305 19
000690306 14
000690307 13
000690308 15
000690309 16
000690310 14
000690311 13
000690312 18
000690313 13
000690314 25
000690315 34
000690316 25
000690317 8
000690318 30
000690319 25
000690320 26
000690321 31
000690322 16
000690323 29
000690324 18
000690325 18
000690326 22
000690327 16
000690328 15
000690329 27
000690330 10
000690331 26
000690332 12
000690333 17
000690334 26
000690335 20
000690336 25
000690337 12
000690338 29
000690339 9
000690340 24
000690341 29
000690342 18
000690343 21
000690344 23
000690345 24
000690346 28
000690347 20
000690348 21
000690349 22
000690350 30
000690351 9
000690352 20
000690353 27
000690354 27
000690355 30
000690356 7
000690357 33
000690358 26
000690359 23
000690360 16
000690361 20
000690362 7
000690363 29
000690364 13
000690365 19
000690366 20
000690367 10
000690368 14
000690369 23
000690370 14
000690371 15
000690372 35
000690373 19
000690374 19
000690375 6
000690376 21
000690377 34
000690378 18
000690379 30
000690380 24
000690381 16
000690382 25
000690383 17
000690384 6
000690385 17
000690387 14
000690388 13
000690389 16
000690390 25
000690391 31
000690392 20
000690393 14
000690394 18
000690395 12
000690396 16
000690397 7
000690398 31
000690399 21
000690400 12
000691401 12
000691402 18
000691403 13
000691404 21
000691405 13
000691406 15
000691407 17
000691408 17
000691409 10
000691411 19
000691412 20
000691413 6
000691414 19
000691415 11
000691416 13
000691417 27
000691418 12
000691419 16
000691420 14
000691421 8
000691423 10
000691424 15
000691425 10
000691426 12
000691427 22
000691428 10
000691429 15
000691430 17
000691431 14
000691432 20
000691433 20
000691434 14
000691435 10
000691436 12
000691437 12
000691438 16
000691439 19
000691440 8
000691441 17
000691442 20
000691443 17
000691444 19
000691445 15
000691446 21
000691447 11
000691448 16
000691449 12
000691450 16
000691451 21
000691452 25
000691453 15
000691456 20
000691457 13
000691458 23
000691460 15
000691461 16
000691462 14
000691463 21
000691464 16
000691465 13
000691466 19
000691467 9
000691468 14
000691470 18
000691471 14
000691473 15
000691474 8
000691475 20
000691476 16
000691479 17
000691480 33
000691481 12
000691482 14
000691483 23
000691484 15
000691487 18
000691489 25
000691491 20
000691492 17
000691494 13
000691495 12
000691496 21
000691497 15
000691498 16
000691499 14
000691500 18
000691501 26
000691502 21
000691503 21
000691504 46
000691505 28
000691506 27
000691507 19
000691508 26
000691509 9
000691510 24
000691511 19
000691512 5
000691513 23
000691514 36
000691515 8
000691516 22
000691517 23
000691518 14
000691519 6
000691520 7
000691521 26
000691522 9
000691523 20
000691524 17
000691525 18
000691526 43
000691527 16
000691528 31
000691529 10
000691530 19
000691531 21
000691532 22
000691533 31
000691534 6
000691535 7
000691536 23
000691537 26
000691538 7
000691539 31
000691540 9
000691541 16
000691542 20
000691543 19
000691544 24
000691545 21
000691546 18
000691547 26
000691548 36
000691549 5
000691550 28
000691551 27
000691552 8
000691553 7
000691554 11
000691555 33
000691556 9
000691557 16
000691558 23
000691559 14
000691560 25
000691561 5
000691562 7
000691563 20
000691564 8
000691565 10
000691566 15
000691567 9
000691568 15
000691569 14
000691570 20
000691571 9
000691572 15
000691573 13
000691574 9
000691575 15
000691576 15
000691577 13
000691578 26
000691579 11
000691580 17
000691581 13
000691582 10
000691583 8
000691584 19
000691585 28
000691586 35
000691587 54
000691588 15
000691589 12
000691590 21
000691591 25
000691593 22
000691596 7
000691597 11
000691598 18
000691599 14
000691600 23
000691601 20
000691602 12
000691603 8
000691604 15
000691605 33
000691606 28
000691607 18
000691608 20
000691609 19
000691610 46
000691611 40
000691612 24
000691613 24
000691614 39
000691616 28
000691617 14
000691618 20
000691619 34
000691620 15
000691621 29
000691622 23
000691623 12
000691625 16
000691626 29
000691627 19
000691629 29
000691630 19
000691631 28
000691632 19
000691633 12
000691634 10
000691635 6
000691638 19
000691639 22
000691640 16
000691641 19
000691642 16
000691643 19
000691644 19
000691645 20
000691646 24
000691647 19
000691648 17
000691649 9
000691650 19
000691651 20
000691652 15
000691653 16
000691654 28
000691655 25
000691656 28
000691657 18
000691658 17
000691659 16
000691660 11
000691661 27
000691662 12
000691663 13
000691664 19
000691665 33
000691666 22
000691667 13
000691668 10
000691669 19
000691670 18
000691671 15
000691672 15
000691673 17
000691674 27
000691675 12
000691676 14
000691677 16
000691678 38
000691679 14
000691680 25
000691681 11
000691682 19
000691683 21
000691684 20
000691685 9
000691686 11
000691687 11
000691688 6
000691689 32
000691690 26
000691691 17
000691692 14
000691693 21
000691694 21
000691695 20
000691696 38
000691697 17
000691698 34
000691699 7
000691700 27
000691701 12
000691702 11
000691703 25
000691704 33
000691705 30
000691706 22
000691707 15
000691708 31
000691709 32
000691710 18
000691711 29
000691712 32
000691713 13
000691714 16
000691715 18
000691716 18
000691717 16
000691718 25
000691719 14
000691720 9
000691721 22
000691722 21
000691723 26
000691724 27
000691725 15
000691726 7
000691727 22
000691728 25
000691729 15
000691730 25
000691731 9
000691732 22
000691733 12
000691734 18
000691735 14
000691736 14
000691737 13
000691738 8
000691739 20
000691740 19
000691741 25
000691742 21
000691743 23
000691744 23
000691745 20
000691746 35
000691747 15
000691748 35
000691749 19
000691750 11
000691751 29
000691752 16
000691753 23
000691754 16
000691755 12
000691756 16
000691757 16
000691758 31
000691759 27
000691760 17
000691761 18
000691762 14
000691763 13
000691764 11
000691765 18
000691766 18
000691767 23
000691768 28
000691769 22
000691770 22
000691771 30
000691772 30
000691773 12
000691774 31
000691775 25
000691776 10
000691777 24
000691778 15
000691779 20
000691780 7
000691781 11
000691782 11
000691783 32
000691784 23
000691785 18
000691786 17
000691787 14
000691788 36
000691789 26
000691790 15
000691791 30
000691792 14
000691793 9
000691794 21
000691795 24
000691796 18
000691797 10
000691798 7
000691799 12
000691800 22
000700001 10
000700003 16
000700004 39
000700005 35
000700006 21
000700008 24
000700009 14
000700013 20
000700014 38
000700016 47
000700017 20
000700019 42
000700023 14
000700024 12
000700029 11
000700030 15
000700033 20
000700034 20
000700038 10
000700039 11
000700040 14
000700041 4
000700042 4
000700043 14
000700044 10
000700045 6
000700047 10
000700048 15
000700049 7
000700050 14
000700051 11
000700052 17
000700054 7
000700055 12
000700056 14
000700057 16
000700058 14
000700059 9
000700060 14
000700063 20
000700064 13
000700065 20
000700067 13
000700068 13
000700069 20
000700073 17
000700074 14
000700075 13
000700076 18
000700077 7
000700078 20
000700079 14
000700080 10
000700081 15
000700082 17
000700083 14
000700084 13
000700085 11
000700086 14
000700087 15
000700089 21
000700091 15
000700092 35
000700093 16
000700094 13
000700096 14
000700097 13
000700098 19
000700099 17
000700100 19
000700101 32
000700102 27
000700103 16
000700105 10
000700106 13
000700107 20
000700108 28
000700109 10
000700110 23
000700111 12
000700112 6
000700113 26
000700114 14
000700115 11
000700116 25
000700117 20
000700120 16
000700122 33
000700124 24
000700126 10
000700127 25
000700129 13
000700130 30
000700131 16
000700132 17
000700133 17
000700135 23
000700136 39
000700137 22
000700138 21
000700139 19
000700140 23
000700141 11
000700142 21
000700144 29
000700145 10
000700146 15
000700147 15
000700148 24
000700149 39
000700150 32
000700151 21
000700152 28
000700153 22
000700155 18
000700156 10
000700157 20
000700158 13
000700159 17
000700160 5
000700161 11
000700163 17
000700164 22
000700165 11
000700167 32
000700169 14
000700170 26
000700171 26
000700172 22
000700173 6
000700174 19
000700175 21
000700176 7
000700177 26
000700178 15
000700179 34
000700180 27
000700182 21
000700183 30
000700184 16
000700185 6
000700186 15
000700187 17
000700188 23
000700190 23
000700191 27
000700193 19
000700194 12
000700195 14
000700196 10
000700197 8
000700198 32
000700199 18
000700200 16
000700202 32
000700203 13
000700204 6
000700205 33
000700206 22
000700207 15
000700209 23
000700210 23
000700211 27
000700212 17
000700213 34
000700214 17
000700215 24
000700217 31
000700219 14
000700220 16
000700222 9
000700223 21
000700224 18
000700225 34
000700226 24
000700227 27
000700229 22
000700230 27
000700231 29
000700232 35
000700233 22
000700234 18
000700235 20
000700236 10
000700237 37
000700238 18
000700239 9
000700240 16
000700241 34
000700243 8
000700244 10
000700245 14
000700246 13
000700247 5
000700248 20
000700249 9
000700250 17
000700251 32
000700253 19
000700254 17
000700255 19
000700256 19
000700257 37
000700258 34
000700259 16
000700260 6
000700261 22
000700262 9
000700263 21
000700264 24
000700266 14
000700267 23
000700268 14
000700269 12
000700270 13
000700271 21
000700272 25
000700273 18
000700274 11
000700275 34
000700276 12
000700277 23
000700278 24
000700279 37
000700280 34
000700281 12
000700282 18
000700283 19
000700285 11
000700286 10
000700287 19
000700288 14
000700289 12
000700290 22
000700291 26
000700292 24
000700294 14
000700295 23
000700296 23
000700299 38
000700300 13
000700301 19
000700302 32
000700303 12
000700304 11
000700305 12
000700306 10
000700307 8
000700308 12
000700309 32
000700310 17
000700311 32
000700312 23
000700313 27
000700314 25
000700315 12
000700316 19
000700317 8
000700318 26
000700319 8
000700321 11
000700322 17
000700324 21
000700325 27
000700326 11
000700327 16
000700328 23
000700329 26
000700331 22
000700332 19
000700333 8
000700334 15
000700335 28
000700336 11
000700337 9
000700338 9
000700339 13
000700340 17
000700343 15
000700345 10
000700346 9
000700347 18
000700348 25
000700349 21
000700350 9
000700351 25
000700352 17
000700353 17
000700354 9
000700355 9
000700356 11
000700357 14
000700358 12
000700359 7
000700360 7
000700361 28
000700362 22
000700363 26
000700364 29
000700365 17
000700366 12
000700367 33
000700368 7
000700369 14
000700371 12
000700372 23
000700373 9
000700374 11
000700375 10
000700376 45
000700377 26
000700378 27
000700380 36
000700381 19
000700382 12
000700384 24
000700385 18
000700386 3
000700387 11
000700388 15
000700389 13
000700390 10
000700391 16
000700392 16
000700393 14
000700395 18
000700396 12
000700397 15
000700398 24
000700399 10
000700400 7
000701401 12
000701402 18
000701403 13
000701404 21
000701405 13
000701406 15
000701407 17
000701408 18
000701409 10
000701410 19
000701411 19
000701412 21
000701413 6
000701414 22
000701415 13
000701416 13
000701417 28
000701418 12
000701419 19
000701421 8
000701422 13
000701423 10
000701424 15
000701425 10
000701427 22
000701428 10
000701429 15
000701430 17
000701431 14
000701432 20
000701433 19
000701434 14
000701435 10
000701436 12
000701437 12
000701438 16
000701439 19
000701440 8
000701441 17
000701442 22
000701443 17
000701444 19
000701445 15
000701446 21
000701447 11
000701448 15
000701449 16
000701450 16
000701451 21
000701452 25
000701454 6
000701455 20
000701456 16
000701457 19
000701458 24
000701459 15
000701461 16
000701462 14
000701463 21
000701464 16
000701465 13
000701467 9
000701468 13
000701469 19
000701470 18
000701471 14
000701472 20
000701474 8
000701475 20
000701476 14
000701477 13
000701479 23
000701481 12
000701482 14
000701483 17
000701484 17
000701486 8
000701487 18
000701488 15
000701489 25
000701490 16
000701491 15
000701492 18
000701493 11
000701494 13
000701495 12
000701496 21
000701497 17
000701498 15
000701499 14
000701500 18
000701501 10
000701502 9
000701503 19
000701505 14
000701506 22
000701507 15
000701508 23
000701510 20
000701511 6
000701512 22
000701513 15
000701514 24
000701515 19
000701516 11
000701517 14
000701518 24
000701519 27
000701520 13
000701521 31
000701522 14
000701523 24
000701524 29
000701526 6
000701528 18
000701530 20
000701531 22
000701532 21
000701533 28
000701534 20
000701535 7
000701536 28
000701537 14
000701538 15
000701539 15
000701540 27
000701542 25
000701543 36
000701544 20
000701545 37
000701546 19
000701547 23
000701548 30
000701549 17
000701550 11
000701551 17
000701552 24
000701553 23
000701554 7
000701555 7
000701556 17
000701557 29
000701558 27
000701559 31
000701560 9
000701561 26
000701562 28
000701564 11
000701565 27
000701566 27
000701568 13
000701569 10
000701570 15
000701571 16
000701572 18
000701573 10
000701574 10
000701575 24
000701576 14
000701577 9
000701578 21
000701579 9
000701580 18
000701581 21
000701582 20
000701584 9
000701585 24
000701586 21
000701587 12
000701588 19
000701589 26
000701590 35
000701591 36
000701592 8
000701593 16
000701595 13
000701596 18
000701597 20
000701598 30
000701599 22
000701601 29
000701602 38
000701603 12
000701604 9
000701605 30
000701606 12
000701608 13
000701609 28
000701610 36
000701611 26
000701612 11
000701613 19
000701614 10
000701615 14
000701616 30
000701617 19
000701619 19
000701620 19
000701621 12
000701622 13
000701623 9
000701624 20
000701625 10
000701626 16
000701627 32
000701628 9
000701629 7
000701630 22
000701631 33
000701632 20
000701633 27
000701634 11
000701635 8
000701636 18
000701637 19
000701638 36
000701639 18
000701640 6
000701641 29
000701642 6
000701643 32
000701644 11
000701645 19
000701646 12
000701647 13
000701648 26
000701649 24
000701650 21
000701651 19
000701653 23
000701654 28
000701655 17
000701656 20
000701657 20
000701658 39
000701662 9
000701663 13
000701665 17
000701666 19
000701667 17
000701668 15
000701669 14
000701670 40
000701671 14
000701672 24
000701673 19
000701674 6
000701675 23
000701677 35
000701678 22
000701679 31
000701680 16
000701681 57
000701682 25
000701683 23
000701684 31
000701685 14
000701686 14
000701687 30
000701688 25
000701689 24
000701690 31
000701691 33
000701692 24
000701693 12
000701694 24
000701695 19
000701696 9
000701697 11
000701698 21
000701699 25
000701700 7
000701701 25
000701702 22
000701703 12
000701704 19
000701705 40
000701706 27
000701707 23
000701708 32
000701709 25
000701710 19
000701711 35
000701712 13
000701713 20
000701714 22
000701715 35
000701716 20
000701717 27
000701718 35
000701721 22
000701722 18
000701723 31
000701724 29
000701725 10
000701726 25
000701727 22
000701728 7
000701729 17
000701731 28
000701732 29
000701733 27
000701734 21
000701735 21
000701736 22
000701737 24
000701738 17
000701739 27
000701740 24
000701741 16
000701742 8
000701743 34
000701744 29
000701745 19
000701746 24
000701747 14
000701748 22
000701749 23
000701750 20
000701751 21
000701752 15
000701753 29
000701754 10
000701755 14
000701756 14
000701757 26
000701758 25
000701760 16
000701761 6
000701762 18
000701763 27
000701764 37
000701765 31
000701766 21
000701767 19
000701768 17
000701770 7
000701771 18
000701772 21
000701773 23
000701774 37
000701775 10
000701776 22
000701777 13
000701778 12
000701779 6
000701780 23
000701781 19
000701782 26
000701783 18
000701784 16
000701785 11
000701786 12
000701787 25
000701788 12
000701789 18
000701790 12
000701791 46
000701792 24
000701793 14
000701794 20
000701795 11
000701796 23
000701797 24
000701798 17
000701799 11
000701800 16
000710001 10
000710002 41
000710003 18
000710005 35
000710006 20
000710007 30
000710008 24
000710009 14
000710010 27
000710011 20
000710012 34
000710014 37
000710015 26
000710016 46
000710017 18
000710018 25
000710019 42
000710020 23
000710021 7
000710024 12
000710025 20
000710026 8
000710027 12
000710028 8
000710029 11
000710030 14
000710031 15
000710032 19
000710033 20
000710034 20
000710036 8
000710037 17
000710038 10
000710039 11
000710040 14
000710041 4
000710042 4
000710043 14
000710044 10
000710045 6
000710046 9
000710047 10
000710048 15
000710049 8
000710050 14
000710052 17
000710053 8
000710054 7
000710057 16
000710058 14
000710059 10
000710060 14
000710061 17
000710062 11
000710063 20
000710064 13
000710065 18
000710067 11
000710068 13
000710069 20
000710070 19
000710071 13
000710072 12
000710073 15
000710074 15
000710075 13
000710077 7
000710078 20
000710079 14
000710080 10
000710081 13
000710082 17
000710083 14
000710084 13
000710085 11
000710086 13
000710087 15
000710090 22
000710091 15
000710092 35
000710093 16
000710094 13
000710095 14
000710096 14
000710097 13
000710098 19
000710099 17
000710100 17
000710101 20
000710102 19
000710103 13
000710105 26
000710106 9
000710107 22
000710108 30
000710109 8
000710110 16
000710111 17
000710112 12
000710113 18
000710114 18
000710115 25
000710116 16
000710117 18
000710118 23
000710119 18
000710121 25
000710123 19
000710124 10
000710125 20
000710127 25
000710128 22
000710129 13
000710130 11
000710131 39
000710133 21
000710134 7
000710136 26
000710137 25
000710138 16
000710139 13
000710140 18
000710141 23
000710143 16
000710144 14
000710145 29
000710147 19
000710148 31
000710150 23
000710151 21
000710152 7
000710153 16
000710155 25
000710156 16
000710157 36
000710158 23
000710160 10
000710161 13
000710162 20
000710163 8
000710164 29
000710165 25
000710167 13
000710168 12
000710169 22
000710171 6
000710172 9
000710173 24
000710174 17
000710175 18
000710176 4
000710177 10
000710180 25
000710181 13
000710182 31
000710183 35
000710184 30
000710185 15
000710186 17
000710188 23
000710189 24
000710190 23
000710191 10
000710192 27
000710195 27
000710196 12
000710197 15
000710198 36
000710199 33
000710200 16
000710201 27
000710203 18
000710204 14
000710205 25
000710206 10
000710207 27
000710208 38
000710209 18
000710210 24
000710211 6
000710212 28
000710214 15
000710216 29
000710217 32
000710218 30
000710219 23
000710220 12
000710221 15
000710222 14
000710223 20
000710224 11
000710225 16
000710227 15
000710229 18
000710230 22
000710231 6
000710232 11
000710233 36
000710236 25
000710238 13
000710239 8
000710240 13
000710241 18
000710242 17
000710243 28
000710245 14
000710246 14
000710247 27
000710248 18
000710249 14
000710251 21
000710252 13
000710253 30
000710254 17
000710255 25
000710256 23
000710257 9
000710258 10
000710259 22
000710260 34
000710261 18
000710262 16
000710263 19
000710264 10
000710266 17
000710267 16
000710268 21
000710269 10
000710270 13
000710271 24
000710272 19
000710273 11
000710274 24
000710276 30
000710277 11
000710278 21
000710279 12
000710282 38
000710283 19
000710284 11
000710285 7
000710286 25
000710287 9
000710288 22
000710289 32
000710290 22
000710292 8
000710293 26
000710294 14
000710295 23
000710296 14
000710297 7
000710299 13
000710300 9
000710301 12
000710302 19
000710304 12
000710305 17
000710306 17
000710307 17
000710308 16
000710309 11
000710310 17
000710311 15
000710313 35
000710314 25
000710315 19
000710316 26
000710318 23
000710319 16
000710320 18
000710321 26
000710323 22
000710324 21
000710325 8
000710326 10
000710328 36
000710329 22
000710330 9
000710331 21
000710332 16
000710333 21
000710335 39
000710336 9
000710340 20
000710341 15
000710342 6
000710343 19
000710344 22
000710345 27
000710346 15
000710347 28
000710348 26
000710349 22
000710352 34
000710353 19
000710354 24
000710355 30
000710356 13
000710357 10
000710358 6
000710359 16
000710360 23
000710362 12
000710363 9
000710364 17
000710365 24
000710367 20
000710368 13
000710369 25
000710370 16
000710371 22
000710372 28
000710373 14
000710374 17
000710375 17
000710376 31
000710377 19
000710378 29
000710379 34
000710380 25
000710381 24
000710382 7
000710384 22
000710385 8
000710386 20
000710387 18
000710388 27
000710389 15
000710390 10
000710391 12
000710393 19
000710394 24
000710395 29
000710396 15
000710397 18
000710398 9
000710399 22
000710400 13
000711401 12
000711402 18
000711403 13
000711404 21
000711405 13
000711406 15
000711407 17
000711408 17
000711409 10
000711410 19
000711411 19
000711412 21
000711413 6
000711414 19
000711415 11
000711416 13
000711418 12
000711419 16
000711420 14
000711421 8
000711422 13
000711423 10
000711424 15
000711425 9
000711426 12
000711427 22
000711428 10
000711429 15
000711430 17
000711431 14
000711432 20
000711433 20
000711434 14
000711435 10
000711436 12
000711437 12
000711438 16
000711440 8
000711441 17
000711442 20
000711444 18
000711445 15
000711447 11
000711448 16
000711449 12
000711450 16
000711451 21
000711452 31
000711453 15
000711454 6
000711457 13
000711458 23
000711459 15
000711555 8
000711556 24
000711557 21
000711558 14
000711559 25
000711561 11
000711562 8
000711563 16
000711564 9
000711565 14
000711566 27
000711567 6
000711570 25
000711571 12
000711572 22
000711573 21
000711574 8
000711575 25
000711576 34
000711577 41
000711578 13
000711579 21
000711580 17
000711581 13
000711582 9
000711583 7
000711584 29
000711585 21
000711586 6
000711587 20
000711588 12
000711591 24
000711592 12
000711593 16
000711594 24
000711595 15
000711596 21
000711597 23
000711598 21
000711599 32
000711600 27
000711601 25
000711602 17
000711603 22
000711604 25
000711605 13
000711606 16
000711607 5
000711608 24
000711609 12
000711611 20
000711612 23
000711613 16
000711616 7
000711617 25
000711618 20
000711620 6
000711621 19
000711622 19
000711623 27
000711624 26
000711625 25
000711626 6
000711627 15
000711628 11
000711629 13
000711630 5
000711631 11
000711632 11
000711633 20
000711634 25
000711636 19
000711637 32
000711638 35
000711640 17
000711641 33
000711642 13
000711643 23
000711644 21
000711645 30
000711646 22
000711647 39
000711648 21
000711649 9
000711650 8
000711651 22
000711652 7
000711655 18
000711656 24
000711658 21
000711659 5
000711660 12
000711661 24
000711662 10
000711663 15
000711664 17
000711665 43
000711666 16
000711667 12
000711669 31
000711670 21
000711673 13
000711674 10
000711675 21
000711676 11
000711677 25
000711678 12
000711679 6
000711680 18
000711681 13
000711682 19
000711683 22
000711684 12
000711685 24
000711686 14
000711687 20
000711688 22
000711689 19
000711690 26
000711691 22
000711692 20
000711694 12
000711695 13
000711696 17
000711697 25
000711698 21
000711699 16
000711700 12
000711701 5
000711702 20
000711704 11
000711705 20
000711706 13
000711707 12
000711708 7
000711709 22
000711710 12
000711711 7
000711712 36
000711713 7
000711714 38
000711715 38
000711716 17
000711717 13
000711718 25
000711720 15
000711721 14
000711722 18
000711723 12
000711724 15
000711725 13
000711727 11
000711728 11
000711729 11
000711731 18
000711732 11
000711733 25
000711734 32
000711735 20
000711736 10
000711737 18
000711738 12
000711739 22
000711740 25
000711741 21
000711742 11
000711743 16
000711745 29
000711746 9
000711747 35
000711748 12
000711749 19
000711750 24
000711751 15
000711752 15
000711753 13
000711754 21
000711756 22
000711757 22
000711758 36
000711759 30
000711760 16
000711762 31
000711763 21
000711764 15
000711765 10
000711766 12
000711767 5
000711768 21
000711769 8
000711770 26
000711771 18
000711772 32
000711773 26
000711774 9
000711775 13
000711776 13
000711777 10
000711778 20
000711779 30
000711780 25
000711781 14
000711783 15
000711784 47
000711785 25
000711786 29
000711787 27
000711788 7
000711789 17
000711790 21
000711791 28
000711792 36
000711793 11
000711794 15
000711795 32
000711796 14
000711798 22
000711799 19
000711800 22
000720001 10
000720002 41
000720003 16
000720004 33
000720005 35
000720006 21
000720007 30
000720008 24
000720011 20
000720012 34
000720013 20
000720014 37
000720015 27
000720016 46
000720017 18
000720018 25
000720019 42
000720020 23
000720021 7
000720023 14
000720024 12
000720025 20
000720026 8
000720027 12
000720028 8
000720029 11
000720030 14
000720031 15
000720032 19
000720033 20
000720034 20
000720036 8
000720037 17
000720038 10
000720039 11
000720040 14
000720041 4
000720042 4
000720043 14
000720044 10
000720045 6
000720046 9
000720047 10
000720048 15
000720049 7
000720050 14
000720052 17
000720053 8
000720054 7
000720057 16
000720058 14
000720059 9
000720060 14
000720061 17
000720062 11
000720063 20
000720064 13
000720065 20
000720067 11
000720068 13
000720069 20
000720070 19
000720071 14
000720072 12
000720073 15
000720074 14
000720075 13
000720077 7
000720078 20
000720079 14
000720080 10
000720081 13
000720082 17
000720083 14
000720084 13
000720085 11
000720086 14
000720087 15
000720089 21
000720090 22
000720091 15
000720092 35
000720093 16
000720094 13
000720095 14
000720096 14
000720097 13
000720098 19
000720100 17
000720101 28
000720102 16
000720103 22
000720104 22
000720106 21
000720107 38
000720108 15
000720109 33
000720110 19
000720111 19
000720112 21
000720113 6
000720114 16
000720115 20
000720116 27
000720117 20
000720118 8
000720119 8
000720120 23
000720121 21
000720122 13
000720123 12
000720124 13
000720125 30
000720127 18
000720128 26
000720129 11
000720130 15
000720131 24
000720132 19
000720133 9
000720135 18
000720136 22
000720137 19
000720138 17
000720139 18
000720140 12
000720142 12
000720144 19
000720146 21
000720147 8
000720148 12
000720149 25
000720150 27
000720154 15
000720155 14
000720156 14
000720157 10
000720159 12
000720160 14
000720161 14
000720162 5
000720164 9
000720165 23
000720166 7
000720170 7
000720171 12
000720172 11
000720174 27
000720175 14
000720176 21
000720177 18
000720178 18
000720179 19
000720180 20
000720182 34
000720183 5
000720184 24
000720185 26
000720186 18
000720187 10
000720188 15
000720189 20
000720190 31
000720191 18
000720193 17
000720194 15
000720195 11
000720196 22
000720197 24
000720198 15
000720199 21
000720200 16
000720201 15
000720202 28
000720203 17
000720204 6
000720206 18
000720207 25
000720208 11
000720209 15
000720210 14
000720211 23
000720212 15
000720213 23
000720215 27
000720216 24
000720218 15
000720219 25
000720220 35
000720221 19
000720222 19
000720223 25
000720224 22
000720225 28
000720226 22
000720228 35
000720229 22
000720231 10
000720232 19
000720234 9
000720235 18
000720236 11
000720237 9
000720239 8
000720240 31
000720242 16
000720243 29
000720244 16
000720245 45
000720246 15
000720247 9
000720249 18
000720251 19
000720252 19
000720253 17
000720254 34
000720255 17
000720256 22
000720257 16
000720258 8
000720260 13
000720261 13
000720262 17
000720263 17
000720264 25
000720265 16
000720266 11
000720269 18
000720270 17
000720271 11
000720272 21
000720274 20
000720277 22
000720278 42
000720279 25
000720282 21
000720283 29
000720284 5
000720285 7
000720286 25
000720287 18
000720288 12
000720289 9
000720290 15
000720291 13
000720292 25
000720293 17
000720294 16
000720295 9
000720296 13
000720298 18
000720299 30
000720300 30
000720301 12
000720302 15
000720303 14
000720305 16
000720306 34
000720307 22
000720310 28
000720312 26
000720313 6
000720314 14
000720315 37
000720316 23
000720317 32
000720318 12
000720319 26
000720320 17
000720321 23
000720324 12
000720325 24
000720328 24
000720331 12
000720332 7
000720334 41
000720335 9
000720336 29
000720337 17
000720338 12
000720339 7
000720340 19
000720341 24
000720345 27
000720346 26
000720347 25
000720348 37
000720349 24
000720350 34
000720351 19
000720352 16
000720353 22
000720354 19
000720355 25
000720356 10
000720357 8
000720358 7
000720359 22
000720360 19
000720361 24
000720362 13
000720363 26
000720364 9
000720365 34
000720366 36
000720367 8
000720368 13
000720369 10
000720371 27
000720372 27
000720373 20
000720374 7
000720375 18
000720376 19
000720377 16
000720378 11
000720379 19
000720380 14
000720381 37
000720382 27
000720383 26
000720384 14
000720385 6
000720386 36
000720387 15
000720388 7
000720390 17
000720391 24
000720392 15
000720393 25
000720394 25
000720395 29
000720396 19
000720397 8
000720398 17
000720399 29
000720400 11
000721401 12
000721402 18
000721403 14
000721404 22
000721405 13
000721406 15
000721407 17
000721408 16
000721409 10
000721411 19
000721412 21
000721413 6
000721414 19
000721415 11
000721416 15
000721417 27
000721418 12
000721419 22
000721420 14
000721421 8
000721422 13
000721423 10
000721424 15
000721425 10
000721427 24
000721428 10
000721429 15
000721430 17
000721432 20
000721433 19
000721434 15
000721435 10
000721436 12
000721438 16
000721440 8
000721441 17
000721443 18
000721444 19
000721445 15
000721447 11
000721448 16
000721449 12
000721450 16
000721451 21
000721453 15
000721454 6
000721456 20
000721457 13
000721458 21
000721460 15
000721461 16
000721463 21
000721464 16
000721465 13
000721466 19
000721467 9
000721469 19
000721470 18
000721471 14
000721474 8
000721475 20
000721476 13
000721477 13
000721478 14
000721479 17
000721480 33
000721481 12
000721482 14
000721483 17
000721485 10
000721487 18
000721488 15
000721489 26
000721491 15
000721493 11
000721494 13
000721495 12
000721496 21
000721497 15
000721498 15
000721499 17
000721500 18
000721501 23
000721502 15
000721503 22
000721504 21
000721505 14
000721506 36
000721507 6
000721508 16
000721509 33
000721510 6
000721512 5
000721513 24
000721514 19
000721515 24
000721518 23
000721519 30
000721520 19
000721521 12
000721523 19
000721524 13
000721525 19
000721526 37
000721527 10
000721528 20
000721530 16
000721531 17
000721532 16
000721534 11
000721535 25
000721536 15
000721537 19
000721538 18
000721540 13
000721541 9
000721542 15
000721543 23
000721544 14
000721545 12
000721547 14
000721548 19
000721549 15
000721550 20
000721551 7
000721552 21
000721553 23
000721554 23
000721555 35
000721556 17
000721557 17
000721558 14
000721559 21
000721561 28
000721563 35
000721564 15
000721565 27
000721566 16
000721567 13
000721568 13
000721569 17
000721570 15
000721571 20
000721572 9
000721573 16
000721574 19
000721575 13
000721576 8
000721578 35
000721579 23
000721580 13
000721581 18
000721582 27
000721584 15
000721585 9
000721586 19
000721587 19
000721588 37
000721589 34
000721590 11
000721592 24
000721593 24
000721595 24
000721596 25
000721597 31
000721598 20
000721599 16
000721600 7
000721601 24
000721602 21
000721603 21
000721604 17
000721605 6
000721606 33
000721607 9
000721608 13
000721609 19
000721610 14
000721611 22
000721614 10
000721615 26
000721616 17
000721617 25
000721618 13
000721619 9
000721620 23
000721621 6
000721622 16
000721623 10
000721624 19
000721625 18
000721626 23
000721627 21
000721628 25
000721629 24
000721630 23
000721631 12
000721632 7
000721633 17
000721634 25
000721635 14
000721637 13
000721638 35
000721639 30
000721640 7
000721641 23
000721642 28
000721644 19
000721645 16
000721646 21
000721647 20
000721648 26
000721650 9
000721651 7
000721652 27
000721654 11
000721655 17
000721657 7
000721658 19
000721659 34
000721660 7
000721661 13
000721662 19
000721663 17
000721664 16
000721665 22
000721666 21
000721667 7
000721668 7
000721669 18
000721670 15
000721671 27
000721672 14
000721673 16
000721674 31
000721675 25
000721676 20
000721677 8
000721678 29
000721679 31
000721680 27
000721682 25
000721684 31
000721685 20
000721686 15
000721687 17
000721688 31
000721689 9
000721691 23
000721693 27
000721695 23
000721696 16
000721698 11
000721699 15
000721700 14
000721701 14
000721703 17
000721704 21
000721706 10
000721707 11
000721708 23
000721710 37
000721712 18
000721714 20
000721715 26
000721717 22
000721719 15
000721720 19
000721721 11
000721724 22
000721726 26
000721730 17
000721731 19
000721732 19
000721733 22
000721734 36
000721735 31
000721737 24
000721738 12
000721739 10
000721740 26
000721741 15
000721742 21
000721743 20
000721744 21
000721745 11
000721747 23
000721748 16
000721749 30
000721750 25
000721751 46
000721752 15
000721753 27
000721755 35
000721756 13
000721757 30
000721758 14
000721759 30
000721760 18
000721762 25
000721763 21
000721764 27
000721765 32
000721766 9
000721767 10
000721768 21
000721769 9
000721770 10
000721771 24
000721772 15
000721773 11
000721774 27
000721775 18
000721776 19
000721777 40
000721778 28
000721779 13
000721780 24
000721784 21
000721785 15
000721786 18
000721787 26
000721789 18
000721790 16
000721791 33
000721792 24
000721793 34
000721796 27
000721798 8
000721799 18
000730001 10
000730002 41
000730003 16
000730004 37
000730005 35
000730006 21
000730007 31
000730008 24
000730009 14
000730010 27
000730011 20
000730012 34
000730013 22
000730014 37
000730015 30
000730016 46
000730017 17
000730018 24
000730019 42
000730020 23
000730021 7
000730022 11
000730023 14
000730024 12
000730025 20
000730026 8
000730027 12
000730028 8
000730029 11
000730030 15
000730031 15
000730032 19
000730033 20
000730034 19
000730035 7
000730036 8
000730037 17
000730039 11
000730040 14
000730041 4
000730042 4
000730043 14
000730044 10
000730045 6
000730047 10
000730048 15
000730049 7
000730050 14
000730051 11
000730052 17
000730053 8
000730054 8
000730055 12
000730056 12
000730057 16
000730058 14
000730059 9
000730060 14
000730061 17
000730062 11
000730063 20
000730064 13
000730065 18
000730066 8
000730067 11
000730068 13
000730069 19
000730070 19
000730071 14
000730072 12
000730073 15
000730074 14
000730075 12
000730076 17
000730077 7
000730078 20
000730079 14
000730080 10
000730081 13
000730082 17
000730083 14
000730084 13
000730085 11
000730086 14
000730087 15
000730088 15
000730089 21
000730090 22
000730091 15
000730092 35
000730093 16
000730094 13
000730095 14
000730096 14
000730097 13
000730098 19
000730099 17
000730100 16
000730101 32
000730102 21
000730103 22
000730104 11
000730105 22
000730106 24
000730107 25
000730108 24
000730109 34
000730110 16
000730111 6
000730112 27
000730113 19
000730114 14
000730115 38
000730116 19
000730117 13
000730118 30
000730119 13
000730120 9
000730121 17
000730122 13
000730123 7
000730124 18
000730125 24
000730126 11
000730127 12
000730128 26
000730129 24
000730130 13
000730131 21
000730132 19
000730133 38
000730134 31
000730135 14
000730136 25
000730137 19
000730138 24
000730139 29
000730140 21
000730141 17
000730142 6
000730143 9
000730144 19
000730145 10
000730146 39
000730147 37
000730148 29
000730149 16
000730150 18
000730151 30
000730152 19
000730153 36
000730154 23
000730155 23
000730156 10
000730157 17
000730158 17
000730159 21
000730160 12
000730161 21
000730162 6
000730163 9
000730164 20
000730165 27
000730166 20
000730167 16
000730168 16
000730169 10
000730170 7
000730171 31
000730172 7
000730173 27
000730174 18
000730175 13
000730176 5
000730177 9
000730179 7
000730180 5
000730182 14
000730183 20
000730184 21
000730185 16
000730186 12
000730187 20
000730189 22
000730190 22
000730191 10
000730192 34
000730193 18
000730194 24
000730195 9
000730196 7
000730197 23
000730198 15
000730199 20
000730200 23
000730201 12
000730202 14
000730203 13
000730204 7
000730205 30
000730206 20
000730207 25
000730208 24
000730209 9
000730210 16
000730211 13
000730212 13
000730213 16
000730214 13
000730215 25
000730216 32
000730217 19
000730218 12
000730219 31
000730220 19
000730221 17
000730222 18
000730223 8
000730224 21
000730225 33
000730226 12
000730227 9
000730228 23
000730229 25
000730230 25
000730231 11
000730232 20
000730233 23
000730234 17
000730235 28
000730236 42
000730237 23
000730238 14
000730239 33
000730240 22
000730241 24
000730242 12
000730243 10
000730244 17
000730245 34
000730246 17
000730247 9
000730248 9
000730249 12
000730250 20
000730251 28
000730252 23
000730253 28
000730254 27
000730255 15
000730256 33
000730257 21
000730258 28
000730259 11
000730260 18
000730261 18
000730263 28
000730264 17
000730265 28
000730266 27
000730267 30
000730268 11
000730269 28
000730271 15
000730272 11
000730273 29
000730274 20
000730275 18
000730276 29
000730277 27
000730278 27
000730279 19
000730280 24
000730281 22
000730282 18
000730283 23
000730284 8
000730285 30
000730286 25
000730287 24
000730288 20
000730289 21
000730290 31
000730291 16
000730292 16
000730293 11
000730294 18
000730295 10
000730296 10
000730297 18
000730298 28
000730299 19
000730300 9
000730301 24
000730302 10
000730303 18
000730304 23
000730305 34
000730306 12
000730307 23
000730308 26
000730309 21
000730310 10
000730311 14
000730312 11
000730313 27
000730314 36
000730315 18
000730316 34
000730317 35
000730318 30
000730319 25
000730320 6
000730321 18
000730322 13
000730323 20
000730324 21
000730325 17
000730326 15
000730327 20
000730328 20
000730329 16
000730330 9
000730331 23
000730332 25
000730333 16
000730334 8
000730335 43
000730336 29
000730337 7
000730338 14
000730339 18
000730340 26
000730341 16
000730342 32
000730343 16
000730344 11
000730345 12
000730346 13
000730347 23
000730348 21
000730349 29
000730350 32
000730351 16
000730352 10
000730353 26
000730354 28
000730355 27
000730356 12
000730357 12
000730358 26
000730359 39
000730360 17
000730361 16
000730362 24
000730363 37
000730364 6
000730365 10
000730366 16
000730367 25
000730368 21
000730369 15
000730370 9
000730371 6
000730372 23
000730373 31
000730374 27
000730375 25
000730376 5
000730377 15
000730378 22
000730379 9
000730380 24
000730381 19
000730382 33
000730383 22
000730384 16
000730385 25
000730386 8
000730387 19
000730388 8
000730389 24
000730390 31
000730391 18
000730392 23
000730393 16
000730394 34
000730395 21
000730396 8
000730397 18
000730398 20
000730399 16
000730400 17
000731401 12
000731402 18
000731403 13
000731404 21
000731405 13
000731406 15
000731407 17
000731408 16
000731409 10
000731410 19
000731411 19
000731412 21
000731413 6
000731414 19
000731415 11
000731416 15
000731417 27
000731418 12
000731419 17
000731420 14
000731421 8
000731422 13
000731423 10
000731424 15
000731425 10
000731426 12
000731427 22
000731428 10
000731429 15
000731430 17
000731431 14
000731432 20
000731433 19
000731434 14
000731435 10
000731436 12
000731438 16
000731439 19
000731440 8
000731441 17
000731442 20
000731443 17
000731444 19
000731445 15
000731446 21
000731447 11
000731448 16
000731449 12
000731450 16
000731451 21
000731452 27
000731453 15
000731454 6
000731455 20
000731457 13
000731458 23
000731459 15
000731460 15
000731461 16
000731462 14
000731463 21
000731464 16
000731465 13
000731466 19
000731467 9
000731468 15
000731469 19
000731470 18
000731471 14
000731472 20
000731473 12
000731474 8
000731475 20
000731476 13
000731477 13
000731478 14
000731479 17
000731480 34
000731481 12
000731482 14
000731483 17
000731484 15
000731485 10
000731487 18
000731488 15
000731489 25
000731490 13
000731491 15
000731492 16
000731493 11
000731494 13
000731495 12
000731496 21
000731497 15
000731498 15
000731499 14
000731500 22
000731501 7
000731502 12
000731503 36
000731504 21
000731505 26
000731506 43
000731507 23
000731508 26
000731509 29
000731510 13
000731511 16
000731512 23
000731513 8
000731514 25
000731515 20
000731516 11
000731517 19
000731518 19
000731519 30
000731520 19
000731521 14
000731522 25
000731523 19
000731524 21
000731525 28
000731526 28
000731527 28
000731528 18
000731529 23
000731530 7
000731531 5
000731532 22
000731533 16
000731534 7
000731535 26
000731536 40
000731538 16
000731539 13
000731540 11
000731541 24
000731542 17
000731543 18
000731544 30
000731545 23
000731546 9
000731547 22
000731548 24
000731549 32
000731550 17
000731551 12
000731552 21
000731553 30
000731554 17
000731555 16
000731556 15
000731557 32
000731558 21
000731559 9
000731560 8
000731561 21
000731562 26
000731563 20
000731565 19
000731566 36
000731567 20
000731568 18
000731569 23
000731570 13
000731571 23
000731572 24
000731573 28
000731574 16
000731575 13
000731576 21
000731577 20
000731578 21
000731579 18
000731580 33
000731581 12
000731582 20
000731583 12
000731584 14
000731585 26
000731586 19
000731587 22
000731588 20
000731589 23
000731590 20
000731591 12
000731592 18
000731593 19
000731594 22
000731595 43
000731596 17
000731597 16
000731598 22
000731599 19
000731600 6
000731601 15
000731602 8
000731603 13
000731604 17
000731605 22
000731606 21
000731607 26
000731608 24
000731609 17
000731610 22
000731611 13
000731612 25
000731613 7
000731614 15
000731615 17
000731616 15
000731617 12
000731618 16
000731619 19
000731620 22
000731621 33
000731622 14
000731624 19
000731625 24
000731626 18
000731627 17
000731628 9
000731629 29
000731630 22
000731631 15
000731632 14
000731633 22
000731634 7
000731635 26
000731636 11
000731637 15
000731638 6
000731639 26
000731640 26
000731641 26
000731642 14
000731643 8
000731644 18
000731645 21
000731646 7
000731647 26
000731648 21
000731649 27
000731650 26
000731651 13
000731652 14
000731653 25
000731654 14
000731655 10
000731656 14
000731657 22
000731658 22
000731659 19
000731660 14
000731661 17
000731662 23
000731663 19
000731664 10
000731665 17
000731666 42
000731667 13
000731668 15
000731669 19
000731670 30
000731671 13
000731672 15
000731673 17
000731674 12
000731675 11
000731676 33
000731677 24
000731678 6
000731679 12
000731680 13
000731681 15
000731682 31
000731683 25
000731684 7
000731685 23
000731686 24
000731687 27
000731688 20
000731689 31
000731690 16
000731691 10
000731692 12
000731693 10
000731694 19
000731695 21
000731696 17
000731697 30
000731698 26
000731699 14
000731700 20
000731701 13
000731702 26
000731703 11
000731704 18
000731705 31
000731706 33
000731707 8
000731708 16
000731709 17
000731710 15
000731711 6
000731712 10
000731713 21
000731714 29
000731715 33
000731716 25
000731717 33
000731718 6
000731719 16
000731720 28
000731721 8
000731722 12
000731723 16
000731724 14
000731725 7
000731726 24
000731727 30
000731728 19
000731729 18
000731730 33
000731731 34
000731732 15
000731733 26
000731734 16
000731735 24
000731736 41
000731737 38
000731738 6
000731739 10
000731740 18
000731741 12
000731742 19
000731743 20
000731744 14
000731745 21
000731746 22
000731747 27
000731749 37
000731750 16
000731751 17
000731752 8
000731753 15
000731754 19
000731755 17
000731756 30
000731757 16
000731758 22
000731759 14
000731760 16
000731761 21
000731762 14
000731763 14
000731764 24
000731765 17
000731766 26
000731767 27
000731768 30
000731769 13
000731770 8
000731771 20
000731772 13
000731773 30
000731774 26
000731775 17
000731776 18
000731777 15
000731778 31
000731779 13
000731780 18
000731781 21
000731782 22
000731783 10
000731784 8
000731785 21
000731786 15
000731787 8
000731788 17
000731789 13
000731790 32
000731791 14
000731792 15
000731793 33
000731794 19
000731795 15
000731796 16
000731797 19
000731798 20
000731799 23
000731800 11
000740001 10
000740002 41
000740003 16
000740005 35
000740006 21
000740007 30
000740008 24
000740009 20
000740010 27
000740011 20
000740012 34
000740013 20
000740014 37
000740015 34
000740016 47
000740017 18
000740019 42
000740020 23
000740021 7
000740024 12
000740025 20
000740026 8
000740027 12
000740028 8
000740029 11
000740030 14
000740032 19
000740033 20
000740034 20
000740036 8
000740037 17
000740038 10
000740039 11
000740040 14
000740042 4
000740043 14
000740044 10
000740045 6
000740046 9
000740047 10
000740048 15
000740049 7
000740050 14
000740052 17
000740053 8
000740054 7
000740057 16
000740058 14
000740059 9
000740060 14
000740061 17
000740062 11
000740063 20
000740064 13
000740065 18
000740067 11
000740068 13
000740070 19
000740071 14
000740072 12
000740073 15
000740074 14
000740075 13
000740076 18
000740077 7
000740078 20
000740079 14
000740080 10
000740081 13
000740082 17
000740083 14
000740084 13
000740085 11
000740086 15
000740087 15
000740088 15
000740089 21
000740090 22
000740091 15
000740092 35
000740093 16
000740094 13
000740095 14
000740096 14
000740097 13
000740098 19
000740100 17
000740102 16
000740103 16
000740104 21
000740105 13
000740106 23
000740108 12
000740109 28
000740111 25
000740112 17
000740113 22
000740114 12
000740115 26
000740116 6
000740117 24
000740118 23
000740119 13
000740120 28
000740121 10
000740122 14
000740123 21
000740124 22
000740127 34
000740128 23
000740129 28
000740132 25
000740136 21
000740137 14
000740140 14
000740141 23
000740142 11
000740143 20
000740144 34
000740146 7
000740147 26
000740148 30
000740149 26
000740150 43
000740151 34
000740152 24
000740153 27
000740154 22
000740156 17
000740157 11
000740158 37
000740159 33
000740160 5
000740161 9
000740162 9
000740163 19
000740164 14
000740165 23
000740166 8
000740167 30
000740169 25
000740170 22
000740171 13
000740172 34
000740174 11
000740175 19
000740176 13
000740177 5
000740178 15
000740180 17
000740181 10
000740182 21
000740185 13
000740186 25
000740188 10
000740189 5
000740190 26
000740192 19
000740193 23
000740194 34
000740195 20
000740196 11
000740197 30
000740198 27
000740199 18
000740200 23
000740201 8
000740202 19
000740203 8
000740204 27
000740205 13
000740207 19
000740209 32
000740211 23
000740214 20
000740215 27
000740216 21
000740217 18
000740218 10
000740219 32
000740220 19
000740221 21
000740223 18
000740224 12
000740225 19
000740227 6
000740228 20
000740229 23
000740232 25
000740234 11
000740235 18
000740236 5
000740237 16
000740238 25
000740239 31
000740241 10
000740242 16
000740243 21
000740244 14
000740245 22
000740247 31
000740248 8
000740250 20
000740251 31
000740252 13
000740253 21
000740255 20
000740257 28
000740259 19
000740262 20
000740264 31
000740265 35
000740266 18
000740267 27
000740268 35
000740269 29
000740271 30
000740272 27
000740273 6
000740275 33
000740276 8
000740277 9
000740278 33
000740279 23
000740280 16
000740281 8
000740282 20
000740283 12
000740284 30
000740285 27
000740287 15
000740288 13
000740290 17
000740291 15
000740292 19
000740293 8
000740294 15
000740295 23
000740296 6
000740297 20
000740298 22
000740299 26
000740300 15
000740301 17
000740302 25
000740303 21
000740306 30
000740307 26
000740309 14
000740310 6
000740311 15
000740312 35
000740313 19
000740315 21
000740318 15
000740319 28
000740320 27
000740321 13
000740322 8
000740323 12
000740324 8
000740325 10
000740327 16
000740329 18
000740330 22
000740331 14
000740332 13
000740333 8
000740334 17
000740335 22
000740336 26
000740337 27
000740338 12
000740339 8
000740340 18
000740342 21
000740343 23
000740344 44
000740345 6
000740346 12
000740347 21
000740348 27
000740349 35
000740350 21
000740351 35
000740352 38
000740353 20
000740355 13
000740358 13
000740359 11
000740360 12
000740361 20
000740362 28
000740363 33
000740364 18
000740365 29
000740366 12
000740367 25
000740369 16
000740370 24
000740374 22
000740376 31
000740377 7
000740378 18
000740380 23
000740381 20
000740382 23
000740384 14
000740385 14
000740388 34
000740389 12
000740393 26
000740394 37
000740395 30
000740398 31
000740399 17
000740400 25
000741401 12
000741402 18
000741403 13
000741405 13
000741407 17
000741408 16
000741409 10
000741411 19
000741412 27
000741413 6
000741414 19
000741415 11
000741416 13
000741418 12
000741419 16
000741422 13
000741423 10
000741425 10
000741426 12
000741427 22
000741428 10
000741429 15
000741430 17
000741431 14
000741432 20
000741433 19
000741434 14
000741435 10
000741436 12
000741437 12
000741438 16
000741439 19
000741441 17
000741442 20
000741443 17
000741444 19
000741445 15
000741446 21
000741447 11
000741448 16
000741449 12
000741450 16
000741451 21
000741452 25
000741453 15
000741455 20
000741456 20
000741457 13
000741458 23
000741459 15
000741460 15
000741463 21
000741464 16
000741466 19
000741467 9
000741470 18
000741471 14
000741473 12
000741474 8
000741475 20
000741476 13
000741477 13
000741478 14
000741479 17
000741480 33
000741482 14
000741483 17
000741485 10
000741487 18
000741488 15
000741489 25
000741490 13
000741491 21
000741494 13
000741496 21
000741498 15
000741500 18
000741504 11
000741505 8
000741506 11
000741507 27
000741508 22
000741509 12
000741510 26
000741511 27
000741514 23
000741515 18
000741516 8
000741517 27
000741518 26
000741519 24
000741520 15
000741521 24
000741522 27
000741523 8
000741524 10
000741525 24
000741526 22
000741527 18
000741528 28
000741530 10
000741531 22
000741532 21
000741533 20
000741534 12
000741535 12
000741536 25
000741538 19
000741539 18
000741540 42
000741541 19
000741544 21
000741546 8
000741547 28
000741549 37
000741550 14
000741553 8
000741554 20
000741557 9
000741558 25
000741560 25
000741561 29
000741562 14
000741563 28
000741564 36
000741565 17
000741566 14
000741567 30
000741568 8
000741569 16
000741570 25
000741571 31
000741572 16
000741573 23
000741574 36
000741575 28
000741576 15
000741577 33
000741578 38
000741581 22
000741582 25
000741583 34
000741585 29
000741588 18
000741589 21
000741591 10
000741593 22
000741595 23
000741598 14
000741599 12
000741601 21
000741602 21
000741603 37
000741605 29
000741606 13
000741608 18
000741609 26
000741614 39
000741616 14
000741618 20
000741620 20
000741621 12
000741623 21
000741624 21
000741626 19
000741627 28
000741630 16
000741634 55
000741635 29
000741636 15
000741637 11
000741638 31
000741640 31
000741641 23
000741642 26
000741643 15
000741645 15
000741646 9
000741647 12
000741649 22
000741650 22
000741651 25
000741657 11
000741661 21
000741663 17
000741664 15
000741666 25
000741668 33
000741670 19
000741671 18
000741672 26
000741673 19
000741676 22
000741677 21
000741678 23
000741679 6
000741680 16
000741681 24
000741682 11
000741684 21
000741685 25
000741686 16
000741687 16
000741688 16
000741689 24
000741690 17
000741692 28
000741693 16
000741694 18
000741695 11
