000741696 56320
000741699 101280
000741700 107040
000741701 105280
000741702 103200
000741703 54560
000741704 50608
000741705 79040
000741706 45424
000741707 78720
000741708 48800
000741709 65280
000741710 98080
000741711 93120
000741712 63200
000741713 85600
000741714 50240
000741715 70240
000741716 110880
000741717 83200
000741718 118400
000741720 63040
000741721 107840
000741722 101120
000741723 74080
000741724 103360
000741725 91856
000741726 60000
000741727 111040
000741730 74080
000741731 98560
000741732 52960
000741733 99040
000741734 64959
000741735 57376
000741737 104160
000741738 67424
000741739 73600
000741741 114880
000741742 39040
000741743 122720
000741744 59360
000741745 71040
000741747 71680
000741748 46880
000741749 116480
000741750 130720
000741751 61600
000741752 68640
000741753 112000
000741754 124320
000741755 105120
000741756 83840
000741757 80160
000741758 92480
000741759 55680
000741760 51760
000741762 78880
000741763 45440
000741764 105120
000741765 92000
000741766 93760
000741767 88160
000741768 132624
000741769 116720
000741770 63520
000741771 40800
000741772 75040
000741773 100080
000741774 40160
000741775 73760
000741776 67360
000741777 61120
000741778 109280
000741779 109280
000741780 58880
000741781 58880
000741782 138880
000741783 95680
000741786 81920
000741790 50976
000741791 58400
000741792 96160
000741793 71200
000741794 50176
000741795 76816
000741796 72000
000741797 74576
000741798 94400
000741799 116160
000750001 61360
000750002 170080
000750005 142080
000750006 81760
000750007 97280
000750008 102560
000750009 76960
000750010 101440
000750011 72960
000750013 86720
000750014 141280
000750015 104640
000750016 149760
000750017 91520
000750018 89728
000750019 133440
000750020 81600
000750021 47040
000750025 92640
000750026 59520
000750027 54240
000750028 49600
000750029 57360
000750030 62720
000750031 69440
000750032 65120
000750033 96400
000750034 91600
000750036 61120
000750037 78400
000750038 59840
000750039 60160
000750040 70880
000750041 35792
000750042 42448
000750043 60640
000750044 52544
000750045 45200
000750046 47040
000750047 44160
000750048 77120
000750049 49280
000750050 69440
000750051 47040
000750052 82800
000750054 41808
000750055 53584
000750056 65920
000750057 68576
000750058 67520
000750059 55360
000750060 65696
000750062 56592
000750063 88000
000750064 67200
000750065 56000
000750068 73376
000750069 70720
000750070 69344
000750071 52944
000750073 69536
000750077 53280
000750078 85600
000750079 63520
000750081 57552
000750082 80336
000750083 65120
000750084 64800
000750087 77872
000750088 69040
000750089 119904
000750090 77440
000750091 69376
000750092 111664
000750093 83520
000750094 63344
000750095 61760
000750096 62080
000750097 70208
000750098 86688
000750100 68496
000750101 86608
000750102 45376
000750103 88320
000750104 76480
000750106 78080
000750107 67200
000750108 117280
000750109 103360
000750110 119680
000750111 68496
000750113 92496
000750114 50768
000750115 85440
000750116 71520
000750117 72112
000750118 127664
000750120 77600
000750122 92880
000750123 76352
000750124 113792
000750126 97952
000750127 140400
000750128 99680
000750129 71024
000750130 77440
000750131 45088
000750132 68976
000750133 128431
000750134 117552
000750135 41456
000750136 80256
000750137 101120
000750139 94240
000750141 91216
000750143 85712
000750146 80944
000750147 73792
000750148 139360
000750150 98880
000750151 69440
000750153 99312
000750154 117776
000750155 88640
000750157 62336
000750158 63200
000750159 95536
000750160 112352
000750161 53360
000750162 88640
000750163 104160
000750164 64800
000750165 44000
000750166 96672
000750167 104400
000750168 155680
000750169 80496
000750171 50304
000750172 76320
000750173 84560
000750174 57744
000750175 112960
000750176 83280
000750178 64319
000750180 150016
000750181 47840
000750182 112064
000750183 44384
000750186 81344
000750187 87520
000750188 103520
000750189 153760
000750190 84000
000750191 140784
000750192 139520
000750193 100320
000750194 65440
000750195 69280
000750196 102240
000750197 65120
000750198 58720
000750199 108800
000750201 89760
000750202 106080
000750203 60816
000750204 70576
000750205 65200
000750206 114224
000750207 102880
000750208 113120
000750209 129600
000750210 103568
000750211 107568
000750213 72960
000750214 57696
000750215 94640
000750216 101088
000750217 90224
000750218 127776
000750219 100640
000750220 53552
000750221 56096
000750222 71072
000750223 79840
000750224 196800
000750225 59840
000750226 46560
000750229 104000
000750230 65600
000750231 84960
000750232 101200
000750233 78080
000750234 84000
000750235 100096
000750236 90880
000750237 74864
000750238 99520
000750239 78400
000750240 95152
000750242 154544
000750243 95968
000750246 89760
000750247 60480
000750248 83488
000750249 106288
000750250 115760
000750251 97952
000750252 87200
000750253 99520
000750255 59040
000750256 103424
000750257 54064
000750258 107360
000750259 68704
000750260 57120
000750261 114096
000750262 79792
000750263 59392
000750264 58512
000750265 70192
000750266 97280
000750267 69296
000750268 80928
000750269 66080
000750270 86080
000750271 122560
000750272 120800
000750273 114400
000750275 105824
000750276 143360
000750277 120000
000750278 50032
000750280 126880
000750281 94448
000750282 72288
000750283 57280
000750284 73280
000750285 56128
000750286 57680
000750287 74208
000750288 85408
000750289 90560
000750290 53200
000750291 88160
000750292 75360
000750293 118272
000750294 99360
000750295 110400
000750296 97440
000750297 97120
000750298 100864
000750299 108160
000750300 96000
000750301 113440
000750302 97184
000750303 129312
000750304 97280
000750305 62992
000750306 77200
000750307 55040
000750308 100000
000750309 62400
000750310 104320
000750311 88000
000750312 83680
000750313 84480
000750314 87424
000750315 93600
000750316 105520
000750317 82464
000750318 84464
000750319 141760
000750320 80480
000750321 76592
000750322 142080
000750323 46928
000750324 79632
000750327 65280
000750328 46496
000750329 80896
000750330 73120
000750331 74352
000750332 78736
000750333 98624
000750334 89952
000750335 160640
000750336 101120
000750337 112640
000750338 49280
000750339 82656
000750340 118912
000750341 50720
000750342 66928
000750343 74240
000750344 85376
000750345 129440
000750346 56000
000750347 103200
000750349 75200
000750350 45696
000750351 74720
000750352 102880
000750353 86400
000750354 86240
000750355 57712
000750357 61344
000750358 92800
000750359 70768
000750360 124560
000750361 54848
000750362 122800
000750363 54576
000750364 77584
000750365 82768
000750366 127840
000750367 93872
000750368 144784
000750369 81824
000750370 93600
000750371 47856
000750373 96960
000750374 104000
000750375 84160
000750376 72320
000750377 61120
000750378 96800
000750379 110464
000750380 70416
000750381 86592
000750382 88160
000750384 106400
000750385 85152
000750386 127680
000750387 152128
000750388 91520
000750389 98144
000750390 97936
000750391 60000
000750392 132000
000750394 107728
000750395 118880
000750396 92976
000750397 43040
000750398 123840
000750399 101328
000750400 106208
000751401 64432
000751402 72400
000751403 76960
000751404 87840
000751405 69920
000751406 57760
000751407 62080
000751408 62592
000751411 75040
000751412 74880
000751413 38880
000751414 77920
000751415 61728
000751416 62720
000751418 62400
000751419 53984
000751420 44544
000751421 43392
000751422 54240
000751423 49200
000751424 55760
000751425 57120
000751426 67552
000751427 82336
000751428 53920
000751429 52608
000751430 71040
000751432 73600
000751433 82720
000751434 62880
000751435 65184
000751436 70560
000751437 53952
000751438 56720
000751439 95840
000751440 43008
000751441 65920
000751442 80480
000751443 80512
000751444 91200
000751445 61760
000751446 88000
000751447 62560
000751448 61456
000751449 60640
000751450 66560
000751451 91360
000751453 77312
000751454 42704
000751455 84112
000751456 83200
000751457 74848
000751458 87072
000751459 57120
000751460 60800
000751461 59376
000751462 59376
000751463 82720
000751464 72320
000751465 59312
000751466 73440
000751467 63040
000751468 63760
000751469 60832
000751470 64736
000751471 64959
000751474 51504
000751475 72640
000751476 69440
000751477 71840
000751478 55056
000751479 68640
000751480 101920
000751482 61120
000751483 70080
000751484 54336
000751485 60256
000751487 91600
000751488 56480
000751489 90720
000751490 53696
000751491 58560
000751493 50864
000751494 62720
000751495 58768
000751496 66032
000751497 60480
000751498 65120
000751499 58144
000751500 69440
000751501 60816
000751502 132624
000751503 76032
000751504 123520
000751505 123520
000751506 63520
000751507 84800
000751508 50080
000751509 113040
000751510 127280
000751511 128000
000751512 51520
000751513 97760
000751514 113600
000751515 102240
000751516 45600
000751517 74880
000751518 90880
000751519 53008
000751520 75520
000751521 145408
000751522 61728
000751523 88928
000751524 121600
000751525 66320
000751526 100160
000751527 137280
000751528 108848
000751529 89584
000751530 66176
000751531 59680
000751532 74080
000751533 67360
000751534 66736
000751535 52320
000751536 101168
000751537 123680
000751538 124768
000751539 112000
000751540 53920
000751541 115680
000751543 132160
000751544 89760
000751545 81120
000751546 171360
000751547 57600
000751548 80480
000751549 45920
000751550 75840
000751551 101568
000751552 87040
000751553 101424
000751554 123520
000751555 111856
000751556 135040
000751558 88160
000751559 93856
000751560 89760
000751561 88160
000751562 166880
000751563 59248
000751564 113440
000751565 89920
000751566 121760
000751567 75520
000751568 136448
000751569 79360
000751570 64512
000751572 111360
000751573 125280
000751575 63840
000751576 86400
000751577 116384
000751578 51120
000751579 52576
000751580 102560
000751581 104288
000751582 67808
000751583 85328
000751584 73280
000751585 67840
000751587 74720
000751588 55808
000751589 96496
000751590 68912
000751591 81712
000751593 68784
000751594 108816
000751595 86640
000751596 81040
000751597 55840
000751598 118880
000751599 78880
000751600 84480
000751601 80800
000751602 138560
000751603 79040
000751604 75536
000751606 77600
000751607 119648
000751608 107392
000751609 54720
000751610 78560
000751611 87200
000751612 73920
000751614 58560
000751615 53264
000751616 77600
000751617 45360
000751618 92000
000751619 86560
000751620 50400
000751621 60960
000751622 49024
000751623 148640
000751625 93728
000751626 73680
000751627 70784
000751628 110960
000751629 53168
000751630 65920
000751631 58880
000751632 73440
000751633 99024
000751634 64768
000751635 102400
000751636 130240
000751637 81600
000751638 80960
000751639 88848
000751640 133280
000751641 76800
000751642 71040
000751643 131200
000751644 124736
000751645 108800
000751646 102224
000751647 52624
000751648 63840
000751649 61280
000751650 122400
000751652 101440
000751653 144640
000751654 55856
000751655 104160
000751656 112000
000751659 56128
000751660 76720
000751661 114560
000751662 60960
000751663 98096
000751664 57088
000751665 134752
000751666 80480
000751667 78464
000751668 107296
000751670 86560
000751671 77920
000751672 75904
000751673 119232
000751675 82720
000751676 55200
000751677 61968
000751678 90272
000751680 47840
000751683 81328
000751684 94080
000751687 51936
000751688 86080
000751689 47872
000751690 121280
000751691 71840
000751692 61328
000751693 157280
000751695 52336
000751696 97728
000751698 58880
000751699 144480
000751701 98048
000751702 62368
000751703 104368
000751704 106400
000751705 66720
000751706 79840
000751707 95520
000751708 68080
000751709 83200
000751710 67536
000751711 67040
000751712 69536
000751713 84800
000751714 80640
000751715 99168
000751716 67520
000751717 84320
000751718 97600
000751719 130720
000751720 69008
000751721 86848
000751722 55200
000751723 66800
000751724 119120
000751726 83040
000751727 88000
000751728 98400
000751730 85712
000751731 83088
000751732 80320
000751733 92880
000751734 117472
000751736 120480
000751737 59440
000751738 86576
000751740 118400
000751741 86080
000751742 40080
000751743 81920
000751744 67344
000751745 87360
000751746 122880
000751747 44800
000751748 115280
000751749 86480
000751751 79840
000751753 57952
000751754 76800
000751755 91200
000751756 123680
000751757 60832
000751758 76800
000751759 117760
000751760 67424
000751761 59840
000751762 85600
000751764 144000
000751766 62720
000751767 116480
000751768 55360
000751769 98848
000751770 95040
000751771 101440
000751772 76752
000751773 122720
000751774 136928
000751775 52304
000751776 103840
000751777 64800
000751779 142880
000751780 129919
000751781 140064
000751782 119504
000751784 97184
000751785 76784
000751786 68640
000751788 124640
000751789 78240
000751790 105920
000751791 94240
000751793 94512
000751794 40000
000751795 120032
000751796 114640
000751797 83040
000751799 78272
000751800 142240
000760001 68160
000760002 152000
000760003 81440
000760004 104800
000760005 126880
000760006 89440
000760007 94560
000760008 95520
000760009 76640
000760010 108160
000760011 73120
000760012 128479
000760013 98720
000760014 140800
000760015 108320
000760016 150720
000760017 80480
000760018 86880
000760019 139360
000760020 84640
000760021 48320
000760022 62880
000760024 71680
000760025 88176
000760026 59984
000760027 58080
000760028 57120
000760029 65600
000760030 91520
000760031 71680
000760032 72320
000760033 95200
000760034 102352
000760035 49440
000760036 64959
000760037 94720
000760038 59040
000760039 66560
000760040 75840
000760042 43680
000760043 61968
000760044 54240
000760045 48000
000760046 52480
000760047 52320
000760048 89760
000760049 51312
000760050 57280
000760052 69760
000760053 46240
000760054 42000
000760055 58400
000760056 67680
000760057 67200
000760058 59760
000760059 57920
000760060 73248
000760061 59680
000760062 56480
000760063 81888
000760064 65760
000760065 59360
000760066 57600
000760068 75360
000760069 65920
000760070 61120
000760071 52960
000760072 67840
000760073 71360
000760074 70160
000760075 59680
000760076 87680
000760077 59040
000760079 63040
000760081 60960
000760082 84320
000760083 68160
000760084 72800
000760085 74560
000760086 68800
000760087 69120
000760088 79216
000760089 105600
000760090 80480
000760091 88320
000760093 75680
000760094 60800
000760095 72000
000760096 69600
000760097 58240
000760098 80480
000760099 66080
000760101 114720
000760102 117120
000760103 128639
000760104 85440
000760105 84960
000760106 113152
000760107 76208
000760108 57840
000760109 149120
000760110 112480
000760111 93984
000760112 132960
000760113 63680
000760114 134032
000760115 118400
000760116 106560
000760117 95680
000760118 61104
000760120 108032
000760121 67648
000760122 75360
000760123 69280
000760124 96160
000760125 60416
000760126 57264
000760127 115520
000760128 84480
000760129 66880
000760130 80800
000760131 91200
000760132 68320
000760133 116960
000760134 125440
000760135 63840
000760136 104800
000760137 57440
000760138 117984
000760140 110880
000760141 107040
000760142 105600
000760143 86720
000760144 67680
000760145 157760
000760146 93600
000760149 48560
000760151 148160
000760152 81920
000760153 68640
000760154 99680
000760156 137760
000760157 154400
000760159 81440
000760160 133920
000760161 121280
000760162 64160
000760163 163328
000760165 92000
000760166 64959
000760168 105920
000760169 112640
000760170 66416
000760171 90576
000760172 129584
000760175 149872
000760177 56880
000760178 75840
000760179 82560
000760181 136480
000760182 63456
000760183 71360
000760184 86240
000760187 84160
000760189 108800
000760190 96480
000760191 97600
000760193 135680
000760194 100960
000760195 141440
000760197 49120
000760198 56240
000760199 71200
000760200 82384
000760201 132320
000760202 92336
000760203 56800
000760204 67520
000760205 95520
000760206 60816
000760207 97744
000760208 87840
000760210 88640
000760211 103584
000760212 122880
000760214 135840
000760216 186080
000760217 108976
000760218 74880
000760219 78160
000760221 122240
000760222 106240
000760223 138560
000760224 106880
000760225 145440
000760226 173920
000760227 137920
000760228 138400
000760229 127520
000760230 125120
000760231 84784
000760232 73760
000760234 53280
000760236 138720
000760238 118768
000760239 101056
000760240 77792
000760241 104160
000760242 112000
000760243 59056
000760244 117888
000760245 85920
000760246 125152
000760248 80640
000760249 141584
000760250 97920
000760251 122560
000760252 72368
000760253 69760
000760255 110000
000760256 150400
000760257 112800
000760258 99040
000760259 104320
000760260 96320
000760262 86512
000760263 69728
000760265 120800
000760266 104160
000760269 96960
000760270 157120
000760271 100496
000760272 59696
000760273 102240
000760274 109920
000760275 87200
000760276 74080
000760277 106400
000760278 65760
000760279 98544
000760283 104144
000760284 67040
000760285 86080
000760286 64000
000760287 117360
000760288 109120
000760291 125760
000760292 107200
000760293 65600
000760294 85920
000760295 86880
000760296 130880
000760297 81280
000760298 58080
000760300 61920
000760301 117280
000760302 102560
000760304 82400
000760307 89408
000760308 120800
000760310 86720
000760311 133760
000760314 105280
000760315 83040
000760317 107200
000760318 124608
000760319 139040
000760321 68960
000760322 138560
000760323 147680
000760325 105264
000760326 113584
000760328 133776
000760330 89232
000760332 136896
000760333 49680
000760334 91152
000760335 113376
000760336 113600
000760337 86944
000760339 57760
000760340 118336
000760341 97920
000760343 70576
000760344 106880
000760346 100000
000760347 105120
000760350 121280
000760351 109280
000760352 73488
000760353 113040
000760354 117840
000760355 115040
000760356 85760
000760357 89440
000760358 61760
000760361 90720
000760362 147680
000760364 47520
000760365 98560
000760366 103680
000760367 80480
000760369 119840
000760370 84000
000760371 54560
000760372 89152
000760374 109200
000760375 134720
000760376 64160
000760377 90880
000760378 82128
000760379 67840
000760380 70192
000760381 83680
000760382 138720
000760383 90400
000760385 80496
000760386 74416
000760387 105280
000760389 61600
000760390 84000
000760391 109280
000760393 90560
000760394 100800
000760395 80160
000760396 112592
000760397 72480
000760398 59040
000760399 117600
000760400 103840
000761401 62544
000761402 92800
000761403 74400
000761405 73120
000761406 62400
000761407 66080
000761408 78240
000761409 49280
000761410 58880
000761411 81440
000761412 79360
000761413 42720
000761414 92160
000761415 56320
000761416 73760
000761417 98240
000761418 62880
000761419 59200
000761420 48960
000761421 48528
000761422 60480
000761423 53680
000761424 67312
000761425 58176
000761428 62560
000761429 54880
000761430 74208
000761432 79392
000761433 80112
000761434 68800
000761435 54720
000761437 56656
000761438 67840
000761439 80320
000761440 47040
000761441 74512
000761443 82400
000761444 85440
000761445 64944
000761447 67840
000761448 57600
000761449 65280
000761450 63520
000761451 88768
000761453 83520
000761454 51840
000761455 91840
000761457 74560
000761458 84960
000761460 64560
000761461 67360
000761463 73120
000761464 68176
000761465 58880
000761466 74240
000761467 54720
000761468 68160
000761469 77536
000761470 63360
000761471 55200
000761474 62240
000761475 72000
000761476 67040
000761477 81440
000761478 60800
000761479 74880
000761480 92816
000761481 72960
000761482 68160
000761483 58752
000761484 60640
000761485 63200
000761487 75680
000761488 54880
000761489 86400
000761491 49600
000761492 61120
000761494 54560
000761495 57280
000761496 61440
000761498 60960
000761499 73600
000761500 65760
000761501 60944
000761502 153280
000761503 131520
000761504 87040
000761505 74432
000761507 96480
000761509 134400
000761510 76128
000761511 101120
000761512 106880
000761513 105600
000761514 110080
000761515 118208
000761516 84480
000761517 124320
000761518 73600
000761520 92160
000761521 92640
000761522 43040
000761523 113600
000761526 50240
000761527 104000
000761528 87680
000761529 42144
000761530 88880
000761531 97600
000761534 109280
000761535 83040
000761536 86672
000761538 67600
000761539 57392
000761541 78720
000761542 119200
000761543 120160
000761544 94080
000761545 68320
000761546 139536
000761548 84320
000761549 83680
000761550 118096
000761551 97920
000761552 103680
000761553 86720
000761554 151328
000761555 52000
000761556 123360
000761557 73600
000761558 115840
000761559 61184
000761560 94080
000761561 96480
000761562 72000
000761563 99360
000761564 88000
000761565 92480
000761566 39088
000761567 98400
000761568 125120
000761569 59200
000761570 67520
000761571 61760
000761572 90880
000761575 111200
000761576 109760
000761578 43520
000761579 70576
000761580 102080
000761581 47360
000761582 152320
000761583 101600
000761585 108000
000761587 73760
000761588 143376
000761589 99840
000761590 115360
000761591 83520
000761594 68160
000761595 121120
000761597 116000
000761598 97120
000761599 141760
000761601 108160
000761602 89120
000761603 120480
000761604 163680
000761605 122560
000761606 60800
000761608 58976
000761609 143680
000761610 96000
000761612 100640
000761613 64480
000761614 117920
000761615 90880
000761616 69600
000761617 111200
000761619 130560
000761621 72000
000761622 49600
000761623 92432
000761624 101920
000761625 63056
000761626 124480
000761627 56960
000761628 89920
000761629 107200
000761630 132976
000761631 127360
000761632 120480
000761635 78400
000761636 100160
000761637 56160
000761638 149280
000761639 153280
000761640 178880
000761641 57120
000761642 78080
000761643 123504
000761644 131200
000761645 145440
000761646 80320
000761647 69600
000761648 131840
000761649 79360
000761650 77440
000761651 129600
000761652 110240
000761653 59840
000761654 116000
000761655 158400
000761656 78240
000761657 62400
000761658 80800
000761659 46160
000761660 87040
000761661 107840
000761662 56640
000761663 137760
000761664 75104
000761665 102880
000761666 98400
000761667 64160
000761668 70560
000761670 58880
000761671 107680
000761672 85280
000761673 85920
000761675 134880
000761676 101600
000761678 65760
000761679 105760
000761680 121440
000761682 78080
000761684 68000
000761685 79456
000761686 63680
000761687 97760
000761688 62400
000761689 58736
000761691 108000
000761692 121280
000761693 50880
000761694 89920
000761695 129151
000761696 152000
000761697 108160
000761698 97120
000761700 105920
000761701 94240
000761702 71088
000761703 98080
000761704 67680
000761705 112320
000761706 90560
000761707 92960
000761708 115200
000761709 135840
000761710 91200
000761711 136640
000761712 126560
000761713 73280
000761714 103840
000761715 74720
000761716 81168
000761717 113920
000761718 88800
000761719 112160
000761720 57280
000761721 101120
000761722 82080
000761723 110080
000761724 106720
000761725 112800
000761726 96000
000761727 54080
000761728 95200
000761730 67520
000761731 90880
000761732 65280
000761733 77760
000761734 71680
000761735 143360
000761736 100480
000761738 118560
000761739 93920
000761740 106720
000761741 52576
000761742 58752
000761744 82560
000761745 108800
000761746 115520
000761747 102560
000761748 115360
000761750 106400
000761751 58080
000761753 76960
000761754 95200
000761755 107040
000761756 101920
000761757 56960
000761759 99040
000761760 102560
000761762 100480
000761763 108320
000761764 96320
000761765 52640
000761766 99680
000761767 61440
000761768 85120
000761770 65760
000761771 124800
000761772 132000
000761773 81120
000761774 74080
000761775 82720
000761776 145600
000761777 105920
000761779 78560
000761780 83680
000761782 139520
000761783 92352
000761784 70240
000761786 70400
000761787 143040
000761788 95520
000761789 171200
000761790 109600
000761791 99200
000761792 93600
000761793 76000
000761794 66240
000761795 127840
000761797 110560
000761799 64480
000761800 97600
000770001 67520
000770002 170880
000770003 93280
000770004 120800
000770005 168464
000770006 94608
000770007 123680
000770008 119520
000770009 82240
000770010 134560
000770011 93600
000770012 150560
000770013 99552
000770014 182240
000770015 133280
000770016 184000
000770017 100320
000770019 173120
000770020 130464
000770021 58240
000770022 72960
000770023 83520
000770024 71264
000770025 97600
000770026 60800
000770027 63040
000770028 53104
000770029 73280
000770030 74240
000770031 89920
000770032 76480
000770033 97760
000770034 123360
000770035 52640
000770036 66368
000770037 110656
000770038 65920
000770039 67520
000770040 74384
000770041 33920
000770042 43680
000770043 64800
000770044 55904
000770045 46560
000770046 49600
000770048 92320
000770049 58080
000770050 62240
000770052 84288
000770054 41440
000770056 90880
000770057 74896
000770058 64224
000770059 59968
000770060 73440
000770061 62400
000770062 61920
000770063 93120
000770064 64319
000770065 64640
000770067 62928
000770068 83680
000770069 73120
000770070 62960
000770071 59840
000770072 74400
000770073 74400
000770074 102080
000770075 60800
000770076 113600
000770077 58880
000770078 84320
000770079 71520
000770080 48480
000770081 59200
000770082 92320
000770083 65600
000770084 69120
000770085 68960
000770086 72160
000770087 77440
000770088 79840
000770089 123680
000770090 91200
000770091 94240
000770092 132304
000770093 105600
000770094 73760
000770095 73568
000770096 71680
000770097 77760
000770098 93760
000770101 73920
000770102 160960
000770103 45440
000770104 79040
000770105 73600
000770106 147680
000770107 50400
000770108 87840
000770109 89280
000770111 59568
000770112 87552
000770113 85280
000770114 115200
000770115 160640
000770116 140320
000770117 85920
000770118 47680
000770119 83600
000770120 100640
000770121 70416
000770122 143680
000770123 131680
000770125 97440
000770126 82400
000770127 81392
000770128 67680
000770129 92640
000770130 135840
000770131 112800
000770132 58560
000770133 65280
000770134 90240
000770135 103680
000770136 167200
000770137 67040
000770138 97440
000770140 55632
000770141 98880
000770142 46080
000770143 148160
000770144 79840
000770145 157360
000770146 184480
000770147 103040
000770148 128144
000770149 115520
000770150 123840
000770152 71792
000770153 45440
000770154 154240
000770155 132784
000770156 175840
000770157 85216
000770158 114016
000770159 60320
000770160 97440
000770161 90240
000770162 85440
000770163 68640
000770165 111680
000770166 108272
000770167 113920
000770168 132640
000770169 126880
000770170 86080
000770171 91200
000770172 153920
000770173 57440
000770174 77680
000770176 54256
000770177 75360
000770178 126544
000770179 85280
000770180 102720
000770181 41120
000770182 111040
000770183 84160
000770184 95520
000770185 89920
000770186 105600
000770187 132160
000770188 122400
000770189 164320
000770190 55360
000770191 102560
000770192 94400
000770193 49120
000770194 80800
000770195 104480
000770196 105920
000770197 111840
000770198 53008
000770199 74400
000770200 104800
000770201 83520
000770202 45600
000770204 83520
000770205 93776
000770206 62992
000770207 56960
000770209 87840
000770210 102880
000770211 128800
000770212 69920
000770213 114400
000770214 67200
000770215 78240
000770216 127520
000770217 112480
000770218 99360
000770219 129280
000770220 65440
000770221 69600
000770222 48128
000770223 108800
000770224 170224
000770225 65760
000770226 134720
000770227 118560
000770229 122560
000770230 105920
000770231 171200
000770232 103520
000770233 114400
000770234 111712
000770235 48000
000770236 125280
000770237 108000
000770238 62560
000770240 138400
000770241 116160
000770242 93760
000770243 153120
000770244 52800
000770245 84000
000770246 106640
000770247 54880
000770248 110720
000770249 108960
000770251 128639
000770252 109440
000770254 124960
000770255 92208
000770256 112640
000770257 129120
000770258 179040
000770259 103840
000770261 126432
000770262 60640
000770263 85280
000770264 98160
000770265 112640
000770266 69600
000770267 116480
000770268 101120
000770271 113248
000770272 78240
000770273 134480
000770274 108960
000770276 80800
000770277 51040
000770278 86736
000770279 42432
000770281 108160
000770282 42272
000770283 95040
000770284 74112
000770286 90240
000770287 91664
000770288 73392
000770290 127680
000770291 92480
000770292 93440
000770293 84480
000770294 107040
000770295 66416
000770296 81120
000770297 57504
000770298 133824
000770299 71840
000770300 116160
000770301 100800
000770302 46272
000770303 133120
000770304 83200
000770305 101920
000770306 67520
000770307 98288
000770308 78720
000770309 125760
000770310 100784
000770311 84912
000770312 62560
000770313 53760
000770314 57920
000770315 125600
000770316 240800
000770317 113760
000770318 169280
000770319 88928
000770320 152000
000770321 86928
000770323 108000
000770324 99840
000770325 50016
000770326 149280
000770327 159680
000770328 99680
000770329 60960
000770330 88320
000770331 155680
000770332 137120
000770333 56800
000770334 53120
000770335 82880
000770336 145280
000770337 119200
000770338 69440
000770340 106640
000770341 89280
000770342 83200
000770343 93120
000770344 98400
000770345 116320
000770346 102400
000770347 138400
000770348 120800
000770349 111040
000770350 105600
000770351 125280
000770352 64480
000770354 62032
000770355 60320
000770356 56512
000770357 100480
000770358 112480
000770359 43824
000770360 93280
000770361 109280
000770362 98240
000770363 74144
000770364 75520
000770365 92272
000770366 95840
000770367 97280
000770368 77280
000770369 56800
000770370 140064
000770371 81120
000770372 66400
000770373 51040
000770374 90864
000770376 144224
000770377 57920
000770378 48960
000770379 60640
000770380 63200
000770382 143040
000770383 54880
000770384 202080
000770385 114400
000770386 59632
000770387 180960
000770388 61440
000770390 83200
000770391 100640
000770393 151680
000770394 87808
000770396 128800
000770397 119040
000770398 41632
000770399 80160
000770400 42720
000771401 62768
000771402 89920
000771403 75600
000771404 102080
000771405 74272
000771406 67472
000771407 67600
000771408 79280
000771409 51088
000771410 64640
000771411 85312
000771412 84480
000771413 40480
000771414 94480
000771415 63952
000771416 83072
000771417 150368
000771418 64480
000771419 68336
000771420 55456
000771421 44912
000771422 56368
000771423 56272
000771424 84592
000771425 64288
000771426 71008
000771427 87920
000771428 51328
000771429 58320
000771430 74080
000771431 48048
000771432 92592
000771433 103472
000771434 70688
000771435 60688
000771436 81344
000771437 73248
000771438 72464
000771439 131824
000771440 46816
000771442 134128
000771443 91856
000771444 172192
000771445 62720
000771446 121376
000771447 65215
000771448 82240
000771449 78576
000771450 70528
000771451 105024
000771452 106464
000771453 107904
000771454 47088
000771455 77120
000771456 128464
000771457 139200
000771458 150576
000771459 58400
000771460 64176
000771461 82400
000771462 62240
000771463 109248
000771464 79680
000771465 59456
000771466 74064
000771467 59408
000771468 74944
000771469 83952
000771470 105520
000771471 62560
000771472 77920
000771473 55200
000771474 57952
000771475 109872
000771476 70016
000771477 79744
000771478 52240
000771479 71936
000771480 141232
000771481 130304
000771482 68096
000771483 59296
000771484 60320
000771485 64480
000771486 57552
000771487 88816
000771488 55344
000771489 127792
000771490 56480
000771491 57696
000771492 71200
000771493 55680
000771494 56944
000771495 58480
000771496 68304
000771497 51888
000771498 67088
000771499 66160
000771500 68432
000771501 42976
000771502 99568
000771503 64831
000771504 97280
000771505 150400
000771506 100240
000771507 128560
000771508 70624
000771509 86880
000771510 82960
000771511 120560
000771512 134400
000771513 184064
000771514 77424
000771515 65920
000771516 149392
000771517 184656
000771518 58560
000771519 49184
000771520 64160
000771522 68624
000771523 97872
000771524 64528
000771525 79520
000771526 160160
000771527 79312
000771528 109088
000771529 120896
000771530 72240
000771531 120416
000771532 55920
000771533 62816
000771534 85728
000771535 81536
000771536 73504
000771537 67488
000771538 109104
000771539 105088
000771540 68192
000771541 121872
000771542 156320
000771543 134080
000771544 163792
000771545 121600
000771546 143776
000771547 137232
000771548 111280
000771549 77424
000771550 106784
000771551 134304
000771552 59344
000771553 116816
000771554 110832
000771555 95872
000771556 37840
000771557 52304
000771558 60992
000771559 97184
000771560 105760
000771561 74240
000771562 118496
000771563 151520
000771564 65343
000771565 164624
000771566 62352
000771567 135920
000771568 84096
000771569 97408
000771570 101616
000771571 78368
000771572 73344
000771573 117280
000771574 61216
000771575 104672
000771576 177408
000771577 104688
000771578 139584
000771579 76864
000771580 97360
000771581 90912
000771582 124752
000771583 67904
000771584 56000
000780001 59680
000780002 128223
000780003 74688
000780004 92464
000780005 111728
000780006 68800
000780007 75840
000780008 78880
000780010 79360
000780011 64000
000780012 114080
000780014 107936
000780016 121600
000780017 71840
000780018 79520
000780019 107200
000780020 70560
000780021 45680
000780022 62736
000780023 67792
000780024 60896
000780025 77120
000780026 53440
000780027 50720
000780028 50000
000780029 58560
000780030 63600
000780031 67680
000780032 57120
000780033 73840
000780034 79040
000780035 44928
000780036 55056
000780037 85120
000780038 48480
000780039 58080
000780040 65760
000780043 53760
000780044 47520
000780045 43840
000780046 43552
000780047 45920
000780048 80800
000780049 52000
000780050 51152
000780051 44704
000780052 66080
000780054 41600
000780055 58080
000780056 71520
000780057 70240
000780058 60800
000780059 52960
000780060 62720
000780061 55200
000780062 51120
000780063 78080
000780064 58400
000780065 61760
000780066 56528
000780067 55472
000780068 71680
000780069 70832
000780070 63200
000780071 55408
000780072 59136
000780073 64800
000780074 61920
000780075 55200
000780076 86240
000780077 48480
000780078 76480
000780079 63520
000780081 53120
000780082 76640
000780083 59040
000780084 62720
000780085 60640
000780087 67680
000780088 60960
000780089 93760
000780090 72960
000780091 71840
000780092 98560
000780093 68144
000780095 63360
000780096 68000
000780099 68896
000780100 61120
000780102 64912
000780103 68160
000780104 90720
000780105 62720
000780106 96960
000780107 104320
000780108 72320
000780109 56640
000780110 100640
000780111 70080
000780112 61280
000780113 105456
000780114 68960
000780115 79200
000780116 45920
000780117 52160
000780118 62240
000780119 71968
000780120 96160
000780121 64800
000780122 57120
000780123 70720
000780124 69280
000780125 80960
000780126 71360
000780127 110400
000780128 46240
000780129 66400
000780130 70400
000780131 87520
000780132 76960
000780133 64800
000780134 69440
000780135 74240
000780136 59072
000780137 56800
000780138 82080
000780139 109280
000780140 79360
000780141 92320
000780142 38352
000780143 92800
000780144 107680
000780145 53440
000780146 79200
000780147 87360
000780148 98880
000780149 113600
000780150 84640
000780151 86384
000780152 66720
000780153 75520
000780154 101600
000780155 46720
000780156 109600
000780157 76480
000780158 60160
000780159 96480
000780160 68960
000780162 81568
000780163 66080
000780164 85760
000780165 75840
000780166 67360
000780167 76880
000780168 83360
000780169 119840
000780170 93760
000780171 76000
000780172 72496
000780173 87840
000780174 91680
000780175 92128
000780176 74480
000780177 81920
000780178 95040
000780179 71520
000780181 53104
000780182 81600
000780183 100432
000780184 97280
000780185 51024
000780186 39520
000780187 44160
000780188 76160
000780189 92800
000780190 96480
000780192 84960
000780193 78400
000780194 73760
000780195 53440
000780196 92000
000780197 48000
000780198 57760
000780199 68320
000780200 86400
000780201 85760
000780202 55840
000780203 91520
000780204 96160
000780205 62080
000780206 49824
000780207 98560
000780208 53120
000780209 58880
000780210 45120
000780211 79040
000780212 58560
000780213 87520
000780214 106240
000780215 110560
000780216 56480
000780217 45920
000780219 60160
000780221 55680
000780222 98288
000780224 116848
000780225 43536
000780227 80000
000780229 59040
000780230 97280
000780231 76480
000780232 47520
000780233 106720
000780234 83360
000780236 73632
000780237 70720
000780239 58560
000780240 111520
000780241 48160
000780242 73120
000780243 76640
000780244 96960
000780245 65840
000780246 87520
000780247 84960
000780248 50080
000780249 85440
000780250 85760
000780251 68640
000780252 45440
000780254 62880
000780255 70080
000780256 85440
000780257 77280
000780258 61248
000780259 53120
000780260 76320
000780261 46560
000780262 77120
000780263 57312
000780264 84208
000780265 77440
000780266 42064
000780268 71200
000780269 89120
000780270 92160
000780271 49120
000780272 46880
000780273 78560
000780274 56960
000780275 85440
000780276 78672
000780277 66640
000780278 71360
000780279 50080
000780280 95200
000780281 64959
000780282 93120
000780283 68320
000780284 72368
000780285 58240
000780286 100480
000780287 57920
000780288 59920
000780289 72320
000780290 48320
000780291 48464
000780292 84480
000780293 58800
000780294 73568
000780295 97120
000780296 63040
000780298 87360
000780299 100640
000780300 63040
000780301 85120
000780303 97760
000780305 74720
000780306 78560
000780307 87520
000780308 83040
000780309 81120
000780310 86960
000780311 77600
000780312 103040
000780313 67040
000780314 84000
000780315 70656
000780316 62464
000780317 60800
000780318 93920
000780319 84960
000780320 79040
000780321 84960
000780322 112000
000780324 63360
000780325 70400
000780326 55360
000780327 44480
000780328 93760
000780329 48064
000780330 71904
000780331 53440
000780332 49920
000780333 100320
000780334 66240
000780335 52800
000780336 63040
000780337 66240
000780338 59840
000780339 124000
000780340 76960
000780341 78080
000780342 80640
000780343 57776
000780344 89120
000780345 73760
000780347 74720
000780349 62448
000780350 94560
000780351 56480
000780352 79040
000780353 73152
000780355 88800
000780356 97920
000780357 90720
000780359 75840
000780360 67136
000780361 93760
000780362 91200
000780363 54080
000780364 49136
000780365 56000
000780366 70400
000780367 44480
000780368 61344
000780369 63840
000780370 49424
000780371 81600
000780372 58416
000780373 54080
000780374 73440
000780375 66880
000780378 82400
000780379 57120
000780380 57920
000780381 52144
000780382 82592
000780383 60736
000780384 51680
000780385 81120
000780386 83856
000780387 61120
000780388 87360
000780389 78720
000780390 93440
000780391 106400
000780392 89440
000780393 81760
000780394 63040
000780395 74560
000780398 75056
000780399 66384
000780400 59424
000781401 53280
000781402 66080
000781403 62880
000781404 72320
000781405 56960
000781406 52592
000781407 56800
000781408 60800
000781409 46976
000781410 52960
000781411 67360
000781412 61600
000781413 39488
000781414 74080
000781415 55680
000781416 60960
000781417 76960
000781418 55360
000781419 49616
000781421 41040
000781422 48640
000781423 47584
000781424 53120
000781425 50560
000781426 53120
000781427 68320
000781428 50880
000781429 44800
000781430 59520
000781432 62080
000781433 66560
000781434 56672
000781435 49120
000781436 54400
000781437 46800
000781438 55840
000781440 39680
000781441 56640
000781442 55840
000781443 59680
000781444 68960
000781445 50560
000781446 63840
000781447 56000
000781448 51680
000781449 48640
000781450 52160
000781451 67840
000781453 56480
000781454 39280
000781456 57616
000781457 61696
000781458 64319
000781459 47952
000781460 50400
000781461 62560
000781463 57440
000781464 52800
000781465 52160
000781466 54288
000781467 49120
000781468 58400
000781469 57760
000781470 58080
000781471 48992
000781472 58272
000781473 46384
000781474 49648
000781475 52272
000781476 54400
000781477 57120
000781479 58880
000781480 75024
000781482 53760
000781483 47776
000781484 47904
000781485 54240
000781486 45568
000781487 63360
000781488 47744
000781489 66400
000781490 47360
000781491 45600
000781493 47680
000781494 52640
000781495 49280
000781496 56160
000781497 45920
000781498 55200
000781499 50880
000781500 54720
000781501 49120
000781502 76160
000781503 47520
000781504 65920
000781505 66720
000781507 36640
000781508 70688
000781509 105440
000781510 49120
000781511 54320
000781512 80320
000781513 64160
000781514 47360
000781515 51200
000781516 73920
000781517 68160
000781518 73280
000781520 72640
000781521 94240
000781522 66400
000781523 58176
000781524 47680
000781525 64304
000781526 56800
000781527 60800
000781528 59840
000781530 95840
000781531 61760
000781532 41280
000781533 57600
000781534 60320
000781535 86080
000781536 76000
000781537 84480
000781538 76800
000781539 64959
000781540 88480
000781541 97920
000781542 93760
000781543 75360
000781544 69120
000781545 52768
000781546 51840
000781547 82240
000781548 52480
000781549 70560
000781550 63680
000781551 55360
000781552 82880
000781553 76800
000781554 102400
000781555 57440
000781556 80960
000781557 98080
000781558 63840
000781559 71344
000781560 54560
000781561 65280
000781562 50304
000781564 60000
000781566 67520
000781567 110720
000781568 97648
000781569 70880
000781570 59360
000781571 49472
000781572 36304
000781573 110880
000781574 107200
000781575 101920
000781576 84960
000781577 63840
000781578 91680
000781579 60320
000781580 89680
000781581 101600
000781584 88800
000781585 78080
000781586 65440
000781587 73760
000781588 100320
000781589 56640
000781590 65120
000781591 74560
000781593 53600
000781594 61440
000781595 76800
000781596 66080
000781597 59680
000781598 86400
000781599 59840
000781600 92480
000781601 46400
000781602 49120
000781603 105920
000781604 53216
000781605 80800
000781606 72800
000781607 60640
000781608 77696
000781609 86080
000781610 53600
000781611 46880
000781612 73600
000781613 91840
000781614 51488
000781615 78080
000781616 51360
000781617 52000
000781619 50560
000781620 69120
000781621 87520
000781622 56800
000781623 75360
000781625 79840
000781626 82240
000781627 94720
000781628 75840
000781629 50720
000781630 75520
000781632 51648
000781634 90960
000781635 89760
000781636 70704
000781637 61920
000781638 70880
000781639 67200
000781640 65280
000781641 112480
000781642 59840
000781644 89600
000781646 67040
000781647 88000
000781648 55200
000781649 60800
000781650 92800
000781651 94080
000781652 62080
000781653 80320
000781654 83680
000781655 52000
000781656 68480
000781657 59872
000781658 58880
000781659 79504
000781660 45120
000781661 78240
000781662 59360
000781663 76480
000781664 66080
000781665 81920
000781666 62240
000781667 77280
000781668 40944
000781670 76320
000781671 58720
000781672 71840
000781673 88000
000781675 64640
000781676 64800
000781677 71200
000781678 40800
000781679 48000
000781680 82400
000781681 49776
000781682 64160
000781683 66400
000781684 91840
000781685 70880
000781686 73440
000781687 45600
000781688 78224
000781690 56160
000781691 83040
000781692 75520
000781693 68320
000781694 62080
000781695 78880
000781696 98240
000781697 100960
000781699 88640
000781700 70080
000781701 90560
000781702 50400
000781704 50720
000781705 57760
000781706 101280
000781707 72480
000781708 67040
000781709 65760
000781710 71520
000781711 72640
000781712 48320
000781713 77120
000781714 85760
000781715 113280
000781716 62944
000781717 77600
000781718 81952
000781719 76640
000781720 71680
000781721 50080
000781723 60320
000781724 63360
000781725 89600
000781726 75520
000781727 54400
000781728 48160
000781730 57120
000781731 73760
000781732 89920
000781733 88960
000781734 57760
000781735 58240
000781736 85120
000781737 86400
000781738 70720
000781739 71680
000781740 70240
000781741 71840
000781742 47040
000781743 87040
000781744 59360
000781745 78080
000781746 70880
000781747 60640
000781748 100480
000781750 87360
000781751 73600
000781752 64959
000781754 87840
000781755 51520
000781756 68800
000781757 116000
000781758 60000
000781759 73920
000781760 85440
000781761 73600
000781762 86720
000781763 69104
000781764 61600
000781765 64000
000781766 56480
000781767 68800
000781768 43040
000781769 62080
000781770 80000
000781771 79840
000781772 81440
000781773 78240
000781774 51200
000781775 55360
000781776 67680
000781777 42400
000781778 58080
000781779 49600
000781780 64640
000781781 55680
000781782 56160
000781783 56000
000781785 45600
000781787 90400
000781788 57120
000781789 58880
000781790 73120
000781791 81280
000781792 77600
000781793 69120
000781794 54720
000781796 81760
000781797 50080
000781798 69600
000781799 75040
000781800 54560
000790001 53024
000790002 150240
000790003 79680
000790004 106720
000790005 121920
000790006 75200
000790007 99040
000790008 76976
000790009 65920
000790010 90080
000790011 75040
000790012 121440
000790013 92320
000790014 132960
000790015 117120
000790016 141920
000790017 73056
000790018 80320
000790019 142992
000790020 100960
000790021 44160
000790022 57808
000790023 61920
000790024 63104
000790025 88960
000790026 52288
000790027 50560
000790028 45712
000790029 61552
000790030 74400
000790031 67520
000790032 75680
000790033 87360
000790034 128160
000790036 64800
000790037 83360
000790038 50720
000790039 53760
000790040 71632
000790041 27888
000790042 34960
000790043 56960
000790044 41216
000790045 41040
000790046 43184
000790047 35792
000790048 79680
000790049 53920
000790050 53920
000790052 83840
000790053 38240
000790054 35600
000790055 56160
000790056 66560
000790057 63520
000790058 54720
000790059 47840
000790060 64640
000790061 53056
000790062 52480
000790063 76800
000790064 55488
000790067 55488
000790068 71520
000790069 56160
000790070 50752
000790071 42400
000790072 55680
000790073 57440
000790074 63840
000790075 53760
000790076 89120
000790078 72464
000790079 59040
000790080 38112
000790081 55504
000790082 100480
000790083 53440
000790084 60000
000790085 60800
000790086 62400
000790087 73440
000790088 84160
000790089 97120
000790090 80480
000790091 74240
000790092 95840
000790093 80208
000790094 49120
000790095 80000
000790096 54880
000790097 56480
000790098 110752
000790099 53920
000790100 75840
000790101 80640
000790102 52640
000790103 153120
000790104 41600
000790105 65215
000790106 103840
000790107 101376
000790108 56480
000790109 126400
000790110 104480
000790112 31472
000790113 68640
000790114 60320
000790115 40000
000790116 48960
000790119 103680
000790120 71680
000790121 74688
000790122 87200
000790123 78000
000790124 51360
000790125 85440
000790126 80640
000790127 102400
000790128 119680
000790129 54560
000790130 123520
000790131 43584
000790132 105504
000790133 71520
000790134 125600
000790137 51728
000790138 67664
000790139 80640
000790140 35712
000790141 73568
000790142 52496
000790143 118240
000790145 99200
000790146 45920
000790147 103680
000790148 110080
000790149 53168
000790150 103616
000790151 58560
000790152 80000
000790153 70688
000790155 64800
000790156 88112
000790157 54720
000790158 63840
000790159 72800
000790160 92480
000790161 66480
000790162 118400
000790163 112976
000790164 88160
000790165 114016
000790166 101760
000790167 84000
000790168 112544
000790169 80480
000790170 113440
000790171 95840
000790172 62672
000790173 112000
000790174 44496
000790176 56800
000790177 71024
000790178 93760
000790179 82880
000790180 77280
000790181 33328
000790182 44560
000790183 138080
000790184 94560
000790185 136896
000790186 76640
000790187 49488
000790188 74560
000790189 54720
000790190 64688
000790191 87680
000790192 130560
000790193 97920
000790194 103840
000790195 34416
000790196 80000
000790197 103040
000790198 35568
000790199 91200
000790200 57040
000790201 66720
000790202 86720
000790204 120800
000790205 87728
000790206 57280
000790207 64640
000790208 97280
000790209 48032
000790210 84800
000790211 72576
000790212 100320
000790213 78560
000790214 115040
000790215 43440
000790216 71168
000790217 52112
000790218 76208
000790219 52368
000790220 58080
000790221 66720
000790222 114672
000790223 101440
000790224 95200
000790225 94240
000790226 78240
000790227 62704
000790228 49728
000790229 45936
000790230 59680
000790231 91520
000790232 123040
000790233 75520
000790234 120816
000790235 72144
000790236 90544
000790237 71408
000790238 83312
000790241 90240
000790242 111040
000790243 90912
000790245 63120
000790246 84400
000790247 71840
000790248 101600
000790249 44800
000790250 56960
000790251 127824
000790252 46400
000790253 88160
000790254 43200
000790255 67744
000790256 103840
000790257 86240
000790258 76960
000790259 56896
000790260 115520
000790261 42848
000790263 42528
000790264 87200
000790265 66720
000790266 51360
000790267 59360
000790268 124368
000790270 105600
000790271 32640
000790272 41440
000790273 51200
000790274 97440
000790275 48160
000790276 60480
000790277 42400
000790278 56160
000790279 63840
000790280 118080
000790282 70400
000790283 63520
000790285 105296
000790286 141120
000790288 168000
000790289 57760
000790290 49760
000790291 125600
000790293 85296
000790294 44960
000790295 134560
000790296 55120
000790297 121440
000790298 132320
000790299 107216
000790300 70880
000790301 107040
000790302 76800
000790303 64800
000790304 69008
000790306 127680
000790307 111840
000790308 132960
000790309 47840
000790310 127488
000790311 37664
000790312 103040
000790313 105600
000790314 64000
000790315 84480
000790316 134560
000790317 118240
000790318 71040
000790319 66240
000790320 86720
000790321 36800
000790322 106080
000790323 153600
000790324 145760
000790325 97760
000790326 112688
000790327 60960
000790328 91520
000790329 100800
000790330 112000
000790331 32960
000790332 44256
000790333 36000
000790334 86400
000790335 77920
000790336 40480
000790337 27056
000790338 91360
000790339 89440
000790340 96160
000790341 75840
000790342 89888
000790343 46720
000790344 84400
000790345 110880
000790346 31536
000790347 74880
000790348 59344
000790349 154800
000790350 63200
000790351 48640
000790352 147360
000790353 72512
000790354 88880
000790355 159680
000790356 162080
000790357 79040
000790358 56000
000790359 63968
000790360 58240
000790361 69120
000790362 29440
000790363 59840
000790364 80480
000790365 91840
000790366 74080
000790367 63040
000790368 53120
000790369 71200
000790370 83040
000790371 44960
000790372 43136
000790373 112960
000790374 76640
000790375 99520
000790376 90080
000790377 79360
000790378 63680
000790379 82080
000790380 81600
000790381 147840
000790382 53760
000790383 105120
000790384 63216
000790385 99520
000790386 96640
000790387 83584
000790388 87520
000790389 72368
000790390 54080
000790391 84800
000790392 30240
000790393 120960
000790394 109600
000790395 39520
000790396 126880
000790397 54880
000790398 79152
000790399 103200
000790400 70720
000791401 62336
000791402 74560
000791403 56000
000791404 66880
000791405 58208
000791406 62784
000791407 71184
000791408 92000
000791409 49520
000791410 44960
000791411 62880
000791412 68000
000791413 32800
000791414 81280
000791415 48640
000791416 66720
000791418 44816
000791419 59360
000791420 39168
000791421 38400
000791422 42880
000791423 39968
000791424 48640
000791425 41120
000791426 59840
000791427 72320
000791428 48000
000791429 52224
000791430 57920
000791431 48688
000791432 56480
000791433 61760
000791434 47680
000791435 46560
000791436 53920
000791437 45296
000791438 74240
000791439 93600
000791440 39136
000791441 57600
000791442 92832
000791443 55680
000791445 60160
000791446 65760
000791447 47040
000791448 59840
000791449 54736
000791450 51520
000791451 64480
000791452 60944
000791453 58240
000791454 31088
000791455 59264
000791456 65760
000791457 70944
000791458 75840
000791459 40624
000791460 60496
000791461 66400
000791463 76640
000791464 72800
000791465 45440
000791466 49648
000791467 43200
000791468 65920
000791469 53360
000791470 56480
000791471 44832
000791472 49664
000791473 40160
000791474 48160
000791475 63024
000791476 65120
000791477 53760
000791478 41440
000791479 59040
000791480 82240
000791482 50880
000791483 44720
000791484 42240
000791485 59664
000791487 76000
000791488 50176
000791489 77552
000791490 44384
000791491 54720
000791492 58720
000791493 39728
000791494 47040
000791495 54880
000791496 57120
000791497 51200
000791498 49104
000791499 45056
000791500 54080
000791501 105440
000791502 72320
000791503 77280
000791504 155680
000791505 83680
000791507 60272
000791508 116976
000791510 70080
000791511 120320
000791512 67040
000791513 97280
000791514 64000
000791516 116800
000791517 77760
000791518 133840
000791519 131344
000791520 130448
000791521 135680
000791522 72960
000791523 57760
000791524 80480
000791525 78560
000791526 58080
000791527 60800
000791528 68160
000791529 84960
000791530 142672
000791532 59040
000791533 69120
000791534 45728
000791535 56480
000791536 45600
000791537 44320
000791538 131360
000791539 53136
000791540 96960
000791541 61312
000791542 69760
000791543 98592
000791544 57056
000791545 56864
000791546 130880
000791547 64800
000791548 32208
000791549 35776
000791550 97888
000791551 92640
000791552 34560
000791553 80960
000791554 127680
000791555 122128
000791556 58560
000791557 41120
000791559 94064
000791560 151680
000791561 43200
000791562 67840
000791563 121120
000791564 109088
000791565 84320
000791566 50880
000791567 73488
000791568 96800
000791569 113600
000791570 77440
000791571 36528
000791572 91520
000791573 97232
000791574 62496
000791575 77568
000791576 42272
000791577 96480
000791578 65087
000791579 78880
000791580 62720
000791581 113120
000791582 31840
000791583 52480
000791584 85280
000791585 123840
000791586 92320
000791587 116320
000791589 45760
000791590 68000
000791591 75360
000791592 84160
000791593 131024
000791594 90560
000791595 78704
000791597 94880
000791598 48480
000791599 66496
000791600 47488
000791601 94720
000791602 87680
000791603 91520
000791604 73280
000791605 105440
000791606 58560
000791607 122240
000791608 55520
000791609 76800
000791610 89600
000791612 133760
000791613 54560
000791614 106400
000791615 81760
000791616 40000
000791617 79040
000791618 79200
000791619 81712
000791620 46720
000791621 62560
000791622 101120
000791623 65120
000791624 75792
000791625 112480
000791626 74720
000791627 69760
000791628 101776
000791629 98880
000791631 118880
000791632 88160
000791633 67360
000791634 89440
000791635 89664
000791636 78560
000791637 59520
000791638 82560
000791639 52512
000791640 80800
000791641 98720
000791642 57344
000791643 64319
000791644 41264
000791645 86240
000791646 53120
000791647 99680
000791648 131840
000791649 72480
000791650 148960
000791651 64896
000791652 95696
000791653 67520
000791654 41040
000791655 38464
000791656 102720
000791657 45280
000791658 74080
000791659 41120
000791660 40144
000791661 57440
000791662 46080
000791663 64352
000791664 53440
000791665 90400
000791666 43520
000791667 74720
000791668 35824
000791669 83520
000791670 55760
000791671 53312
000791672 54336
000791673 54720
000791674 41120
000791675 34816
000791676 42560
000791677 76800
000791678 44128
000791679 78720
000791680 49568
000791682 67040
000791683 66720
000791684 92832
000791685 68640
000791687 76480
000791688 95520
000791689 29680
000791690 61120
000791691 73920
000791692 46976
000791693 98560
000791694 50432
000791695 95040
000791696 79680
000791697 112960
000791698 53120
000791699 60640
000791700 80640
000791701 118720
000791702 119840
000791703 86080
000791704 57120
000791705 62880
000791706 101280
000791707 38080
000791708 104480
000791709 66016
000791710 87040
000791711 97680
000791712 42240
000791713 79360
000791714 107520
000791715 55680
000791716 62608
000791717 118080
000791718 60640
000791719 78880
000791720 88480
000791721 43344
000791722 87040
000791723 58528
000791724 39808
000791725 98720
000791726 82720
000791727 40480
000791728 116320
000791729 30176
000791730 104800
000791731 62240
000791732 79200
000791733 106880
000791734 59840
000791735 49280
000791736 56160
000791737 32928
000791738 37440
000791739 77920
000791740 114560
000791741 38720
000791742 131664
000791743 99424
000791744 54080
000791746 108752
000791747 94400
000791748 80320
000791749 66384
000791750 57600
000791751 54880
000791753 104144
000791754 108960
000791755 109920
000791756 41120
000791757 90896
000791758 84480
000791759 114416
000791760 79360
000791761 47680
000791762 48000
000791763 106880
000791764 64319
000791765 36512
000791766 71680
000791767 57760
000791768 37824
000791769 82336
000791770 35520
000791771 79680
000791772 71520
000791774 61760
000791775 89440
000791776 41232
000791777 76496
000791778 63360
000791779 85680
000791780 76064
000791781 74240
000791782 102720
000791784 60640
000791785 59776
000791786 122304
000791787 55040
000791788 60640
000791789 174080
000791790 58016
000791791 106400
000791792 58720
000791793 62720
000791794 101600
000791795 34112
000791796 70080
000791797 72320
000791798 97760
000791799 129264
000791800 95104
000800002 162240
000800003 94080
000800004 127200
000800005 156800
000800006 92000
000800007 102080
000800008 97120
000800009 74400
000800010 104640
000800011 74720
000800012 136480
000800013 100800
000800014 146080
000800015 117440
000800016 162560
000800017 86720
000800018 100480
000800019 162080
000800020 84960
000800021 48160
000800022 64959
000800023 71280
000800024 61248
000800025 95360
000800026 58880
000800027 56960
000800028 52320
000800029 66160
000800030 91840
000800031 91200
000800032 70560
000800033 93600
000800034 102720
000800035 45264
000800036 66080
000800037 84320
000800038 59360
000800039 58080
000800040 71184
000800041 33200
000800042 41920
000800043 59840
000800044 44160
000800045 46080
000800046 46512
000800047 44720
000800048 87040
000800049 53760
000800050 54880
000800051 40640
000800052 74560
000800053 44048
000800054 40160
000800055 55936
000800056 70528
000800057 79520
000800058 60208
000800059 60288
000800060 64592
000800061 64319
000800062 56112
000800063 82720
000800064 63680
000800065 68800
000800066 52320
000800067 55328
000800068 79200
000800069 70400
000800070 60864
000800071 51680
000800072 68160
000800073 76640
000800074 80480
000800075 61120
000800076 100480
000800077 54080
000800078 90720
000800079 62720
000800080 49120
000800081 59520
000800082 91040
000800083 65600
000800084 78080
000800085 73280
000800086 73280
000800087 72320
000800088 70960
000800089 111680
000800090 80960
000800091 82912
000800092 113616
000800093 74240
000800094 66064
000800095 77440
000800096 71200
000800097 69440
000800098 96000
000800099 66896
000800100 73328
000800101 92160
000800102 156480
000800103 79776
000800104 111360
000800105 88560
000800106 117760
000800107 49248
000800108 51840
000800109 94384
000800110 83200
000800111 83680
000800112 104640
000800113 94080
000800114 84144
000800115 104960
000800116 114560
000800117 101600
000800118 102480
000800119 58080
000800120 86560
000800121 118720
000800122 85440
000800123 116896
000800124 45424
000800125 53152
000800126 101152
000800127 69008
000800128 94560
000800129 83920
000800131 59840
000800132 111680
000800133 134400
000800134 136304
000800135 72160
000800138 69840
000800139 83680
000800140 91728
000800141 85232
000800142 122048
000800143 113728
000800144 60640
000800145 84960
000800146 73440
000800147 70688
000800148 101280
000800149 61552
000800150 84704
000800151 159680
000800152 62368
000800153 125872
000800154 152320
000800155 43200
000800156 96144
000800157 91840
000800158 87504
000800159 108784
000800160 67520
000800161 80000
000800162 88976
000800163 143296
000800165 134560
000800166 112272
000800167 51840
000800168 113280
000800169 107200
000800170 83200
000800171 72816
000800172 80480
000800173 100480
000800174 53136
000800175 104800
000800176 38512
000800177 58752
000800178 67360
000800179 67408
000800180 129440
000800181 85280
000800182 48000
000800183 71696
000800184 85600
000800185 113440
000800186 61440
000800187 121136
000800188 94880
000800189 79520
000800190 97600
000800191 79104
000800192 56320
000800193 134880
000800194 91200
000800195 156160
000800196 102608
000800197 56640
000800198 67680
000800199 147152
000800200 124080
000800201 105440
000800202 114560
000800203 78080
000800204 65712
000800205 118400
000800206 108800
000800207 86720
000800208 104800
000800209 98400
000800210 150880
000800211 135040
000800212 72480
000800213 111360
000800214 110752
000800215 69328
000800216 105920
000800217 58240
000800218 92592
000800219 76320
000800220 99680
000800221 113120
000800223 72208
000800224 102240
000800226 98576
000800227 97440
000800228 101552
000800229 116320
000800230 80832
000800231 92608
000800232 128320
000800233 76320
000800234 176304
000800236 72112
000800238 108800
000800239 115680
000800240 58848
000800241 49088
000800242 88640
000800243 109120
000800244 80800
000800245 89760
000800246 46720
000800247 62912
000800249 103520
000800250 87840
000800251 93280
000800252 145760
000800253 112800
000800255 73904
000800256 74560
000800257 69376
000800259 94720
000800261 112960
000800262 104640
000800264 108000
000800265 111520
000800267 77760
000800268 82240
000800269 99040
000800271 67520
000800272 98400
000800273 172800
000800274 74480
000800276 98400
000800277 74880
000800278 72064
000800279 83680
000800280 110624
000800281 92960
000800282 113600
000800283 57184
000800284 70448
000800285 113904
000800286 82544
000800287 47552
000800288 88320
000800289 103328
000800290 62080
000800291 115200
000800292 80640
000800293 134880
000800294 93312
000800295 97120
000800296 64160
000800297 117760
000800298 116800
000800299 41600
000800300 102240
000800301 65280
000800302 59392
000800303 64480
000800304 102720
000800305 69920
000800306 146080
000800307 66192
000800308 67344
000800309 121600
000800310 127680
000800311 83680
000800312 70336
000800313 91072
000800314 38288
000800315 91680
000800316 110720
000800317 93920
000800318 118400
000800319 166880
000800320 82080
000800321 91040
000800323 68672
000800324 96320
000800325 82192
000800326 113120
000800327 70064
000800328 51952
000800329 78960
000800330 95360
000800331 65920
000800332 73680
000800333 108000
000800334 178240
000800335 91296
000800336 52528
000800337 138880
000800338 89920
000800339 86400
000800340 89952
000800341 170944
000800342 141120
000800343 112960
000800344 93200
000800345 82544
000800346 54464
000800347 53792
000800348 125920
000800349 82560
000800350 88160
000800351 102720
000800352 73760
000800353 123344
000800354 177760
000800355 94880
000800356 100320
000800357 86720
000800358 94640
000800359 97040
000800360 123200
000800361 126560
000800362 49728
000800363 76240
000800364 87520
000800365 86400
000800366 94144
000800367 68016
000800368 51664
000800369 123520
000800370 82368
000800371 50288
000800373 112160
000800375 118240
000800376 45072
000800377 90144
000800378 46624
000800380 73952
000800381 87456
000800382 68736
000800383 86800
000800384 92976
000800385 60320
000800386 72800
000800387 112576
000800388 45920
000800389 109920
000800390 111840
000800391 74880
000800392 120640
000800393 91408
000800394 129600
000800395 75008
000800396 81440
000800397 135200
000800398 85600
000800399 74880
000800400 108816
000801401 61264
000801402 85920
000801403 70400
000801404 101904
000801405 72480
000801406 62288
000801407 71680
000801408 83840
000801409 48304
000801411 82880
000801412 79040
000801413 37600
000801414 93440
000801415 66240
000801416 74240
000801417 108864
000801418 63360
000801419 58656
000801422 52640
000801423 50528
000801424 64000
000801425 57120
000801426 61024
000801427 76848
000801428 48480
000801429 48176
000801430 73600
000801431 40480
000801432 81920
000801433 85120
000801434 60640
000801435 56640
000801436 66400
000801438 65600
000801439 86144
000801440 41808
000801441 70240
000801443 66080
000801444 83520
000801445 53872
000801447 64256
000801448 57760
000801449 61760
000801450 67040
000801451 82448
000801452 83344
000801453 80000
000801454 44000
000801456 74528
000801457 78576
000801458 96800
000801459 59824
000801460 64464
000801461 70992
000801462 51344
000801463 79488
000801464 72160
000801465 58240
000801466 68256
000801467 59200
000801468 68064
000801469 70768
000801470 67376
000801471 59568
000801473 46512
000801474 61920
000801475 82176
000801476 86912
000801477 64464
000801478 52640
000801479 77760
000801480 92320
000801481 70832
000801482 70720
000801485 65440
000801487 82560
000801488 54304
000801489 97120
000801490 50528
000801491 57280
000801492 68384
000801493 54336
000801494 58560
000801495 57600
000801496 66832
000801497 52960
000801498 67680
000801499 70880
000801500 66560
000801501 126880
000801502 139280
000801503 98240
000801504 61392
000801505 142240
000801506 53920
000801507 92640
000801508 72368
000801509 117872
000801510 59840
000801511 80000
000801512 97760
000801513 104960
000801514 155040
000801515 121760
000801516 47200
000801517 72320
000801518 130560
000801520 98400
000801521 49280
000801522 72480
000801524 84496
000801525 76608
000801526 86400
000801527 123840
000801528 72240
000801529 63520
000801530 117920
000801531 64319
000801532 120800
000801533 142880
000801534 108160
000801536 121728
000801537 108960
000801538 53920
000801539 107200
000801540 82880
000801541 93920
000801542 127360
000801543 132960
000801545 109104
000801546 92944
000801547 112544
000801548 96640
000801549 96736
000801550 126416
000801551 74560
000801552 48160
000801553 160320
000801554 88320
000801555 70992
000801556 109600
000801557 112496
000801559 86880
000801560 65120
000801561 97280
000801562 120480
000801563 38400
000801564 100000
000801565 46304
000801566 97600
000801567 60528
000801570 90672
000801571 51840
000801572 154400
000801574 74080
000801575 111632
000801576 40320
000801577 74400
000801578 71840
000801579 51504
000801580 46480
000801581 80064
000801582 92640
000801583 105392
000801584 114080
000801585 176480
000801586 120160
000801587 70880
000801588 100640
000801589 128479
000801590 117888
000801591 54816
000801592 175552
000801593 55232
000801594 121552
000801595 113088
000801596 104160
000801597 54960
000801598 100000
000801599 43840
000801600 97440
000801601 103360
000801603 152752
000801604 124640
000801605 63776
000801607 137440
000801608 132928
000801609 114560
000801610 66144
000801611 128656
000801612 87680
000801613 93760
000801614 69120
000801615 86272
000801616 121120
000801617 66560
000801618 77520
000801619 96320
000801620 85472
000801621 93440
000801622 70720
000801623 41840
000801624 72000
000801625 121280
000801626 40256
000801627 63840
000801629 131840
000801630 113280
000801631 174880
000801632 53360
000801633 94880
000801634 63520
000801635 82624
000801636 64480
000801637 85264
000801638 80896
000801639 87360
000801641 104640
000801642 53664
000801643 55040
000801644 94560
000801645 135840
000801646 67568
000801647 141120
000801649 161760
000801651 121600
000801652 97984
000801653 93344
000801654 161280
000801655 64480
000801656 144080
000801657 144160
000801658 137280
000801659 124032
000801660 46656
000801661 140320
000801662 92000
000801663 79248
000801664 67264
000801665 93280
000801666 115200
000801667 151040
000801668 97760
000801669 172960
000801670 106064
000801671 88544
000801672 149280
000801673 85600
000801674 78720
000801676 47840
000801677 146560
000801678 96960
000801679 84960
000801680 110080
000801681 149920
000801682 74880
000801683 46656
000801684 92880
000801685 125760
000801686 106352
000801687 114400
000801688 112000
000801689 50512
000801690 114080
000801691 67152
000801692 68000
000801693 85808
000801694 125440
000801695 73440
000801696 76624
000801697 65600
000801698 96320
000801699 166080
000801700 156640
000801701 97760
000801702 53408
000801703 126720
000801704 91200
000801705 108000
000801706 103360
000801708 109120
000801709 136160
000801710 130720
000801711 55520
000801712 135680
000801713 60704
000801714 91040
000801715 98208
000801716 109600
000801717 75936
000801718 84960
000801719 90560
000801720 43952
000801721 66224
000801722 113200
000801723 102880
000801724 52800
000801725 176160
000801727 100464
000801728 94720
000801729 172960
000801730 105008
000801731 80960
000801732 145760
000801733 124320
000801734 74960
000801735 128479
000801736 68320
000801737 67040
000801738 155680
000801739 126880
000801740 169280
000801741 129280
000801742 61680
000801743 53440
000801744 80000
000801745 76640
000801746 118720
000801747 59408
000801749 45600
000801750 109440
000801751 137440
000801752 90400
000801753 137920
000801754 66208
000801755 74560
000801756 114880
000801757 87680
000801758 62112
000801759 129120
000801760 76000
000801761 147200
000801762 72976
000801763 112640
000801764 97280
000801765 70320
000801767 109120
000801768 124144
000801769 60640
000801770 140480
000801771 152800
000801772 143568
000801773 106400
000801774 109392
000801776 105120
000801777 93760
000801778 72960
000801779 75616
000801780 121920
000801781 83040
000801782 107840
000801783 85472
000801784 125600
000801785 153440
000801786 136640
000801787 141280
000801788 60784
000801789 77280
000801791 120640
000801792 99040
000801794 116800
000801795 155520
000801796 52336
000801797 101120
000801798 83040
000801799 114560
000801800 84848
000810001 59200
000810002 143680
000810003 83360
000810004 101920
000810005 129759
000810006 78080
000810007 86400
000810008 85296
000810009 68960
000810010 84000
000810011 52800
000810012 103840
000810014 112640
000810015 85120
000810016 124800
000810017 68960
000810018 75680
000810019 101600
000810020 68480
000810021 48160
000810022 60000
000810023 67040
000810024 56320
000810025 78880
000810026 55680
000810027 54560
000810028 46320
000810029 62240
000810030 61776
000810031 68800
000810032 60480
000810033 71520
000810034 78880
000810036 58672
000810037 72800
000810038 52160
000810039 58080
000810040 63824
000810041 30384
000810042 34080
000810043 57920
000810044 42320
000810045 41600
000810046 43568
000810047 38704
000810048 80000
000810049 50240
000810050 51040
000810051 38496
000810052 68160
000810053 36480
000810054 38544
000810055 52240
000810056 62912
000810057 70560
000810058 55840
000810059 51040
000810060 59120
000810061 51360
000810062 56256
000810063 77600
000810064 60480
000810065 55840
000810066 49920
000810067 50640
000810068 65760
000810069 59648
000810070 55600
000810071 46560
000810072 61728
000810073 65120
000810074 70080
000810075 56480
000810076 88480
000810077 61056
000810078 79040
000810079 59520
000810080 42240
000810081 56000
000810082 77920
000810083 57120
000810084 62240
000810085 56464
000810086 57280
000810087 63040
000810088 64160
000810089 89120
000810090 69920
000810091 70880
000810092 94720
000810093 75360
000810094 58080
000810095 63840
000810096 56160
000810097 53920
000810098 76320
000810099 63968
000810100 67040
000810101 57760
000810102 77440
000810103 89440
000810104 60480
000810105 119040
000810106 43248
000810107 94560
000810108 64640
000810109 81760
000810110 108800
000810111 54768
000810112 59040
000810113 83536
000810114 86400
000810115 112000
000810116 95200
000810117 76480
000810118 45600
000810119 64959
000810120 64288
000810121 77440
000810122 76800
000810123 44000
000810124 83200
000810125 93280
000810126 69760
000810127 69280
000810128 83840
000810129 81600
000810130 112960
000810131 73760
000810132 94336
000810133 78816
000810134 84160
000810135 86080
000810136 73600
000810137 71040
000810138 61280
000810139 92960
000810140 81744
000810141 64640
000810143 96640
000810144 43840
000810145 96480
000810146 55200
000810147 99360
000810148 78944
000810149 77120
000810150 76320
000810151 37120
000810152 82880
000810153 81440
000810154 75200
000810155 91200
000810156 69920
000810157 76000
000810158 57136
000810159 89120
000810160 73120
000810161 68480
000810162 144320
000810163 103520
000810164 59360
000810165 86400
000810166 98400
000810167 51200
000810168 77440
000810169 55088
000810171 51520
000810172 115520
000810173 77760
000810174 58080
000810175 88640
000810176 67360
000810177 64959
000810178 43840
000810179 42560
000810180 84160
000810181 72800
000810182 53536
000810183 40640
000810185 96960
000810186 104000
000810188 85600
000810192 69440
000810193 77440
000810195 93760
000810197 76320
000810202 84160
000810203 69440
000810206 51680
000810208 75040
000810209 95360
000810216 99360
000810218 64640
000810220 71520
000810221 69920
000810222 82080
000810223 88320
000810224 91360
000810225 124160
000810226 62880
000810227 91520
000810228 109280
000810229 115360
000810230 95840
000810231 96320
000810232 94240
000810233 88000
000810234 103520
000810235 121440
000810236 66880
000810237 86560
000810238 57280
000810239 62880
000810240 92640
000810241 100480
000810242 67520
000810243 87200
000810244 96480
000810245 87520
000810246 87360
000810247 104480
000810248 43072
000810249 114560
000810250 49600
000810251 56048
000810252 88640
000810253 39712
000810254 74080
000810255 30704
000810256 132800
000810257 87040
000810258 95520
000810259 35680
000810260 70240
000810261 78240
000810262 57568
000810263 106880
000810264 62560
000810265 118400
000810266 80320
000810267 55200
000810268 45760
000810269 43520
000810270 97440
000810271 60160
000810272 65920
000810273 112160
000810274 56320
000810275 88800
000810276 56000
000810277 46880
000810278 53440
000810279 142080
000810280 64640
000810281 109600
000810282 78240
000810283 45920
000810284 101120
000810285 39456
000810286 88960
000810287 82560
000810288 83680
000810289 82720
000810290 104960
000810291 50480
000810292 101760
000810293 51200
000810294 40800
000810295 44640
000810296 66080
000810297 93920
000810298 115200
000810299 40736
000810300 125120
000810301 116960
000810303 90080
000810304 66544
000810305 59680
000810306 87200
000810307 47440
000810308 88000
000810309 62720
000810310 93600
000810311 45520
000810312 55680
000810313 80704
000810314 120320
000810315 75360
000810316 93600
000810317 95200
000810318 77760
000810319 48768
000810320 104944
000810321 80640
000810322 66720
000810323 89760
000810324 60480
000810325 41920
000810326 96960
000810327 66720
000810328 92960
000810329 51680
000810330 77600
000810331 73440
000810332 57440
000810333 114720
000810334 40352
000810335 63200
000810336 95680
000810337 61600
000810338 111248
000810339 59680
000810340 74656
000810341 62720
000810342 64160
000810343 40320
000810344 42080
000810345 69280
000810346 112000
000810347 111200
000810348 82400
000810349 77760
000810350 63360
000810351 88320
000810352 100640
000810353 59360
000810354 88160
000810355 92480
000810356 74400
000810357 54960
000810358 64480
000810359 77680
000810360 76304
000810361 64480
000810362 74080
000810363 117120
000810364 96320
000810365 51568
000810366 69440
000810367 81600
000810368 92160
000810369 84320
000810370 49440
000810371 115040
000810372 66400
000810373 95040
000810374 97280
000810375 41520
000810376 46560
000810377 54080
000810378 69760
000810379 48960
000810380 110720
000810381 95360
000810382 62528
000810384 78080
000810385 95520
000810386 88160
000810387 81920
000810388 103520
000810389 92320
000810390 51648
000810391 107520
000810392 128320
000810393 44000
000810394 37600
000810395 77120
000810396 75840
000810397 111840
000810398 52752
000810399 63536
000810400 71840
000811401 52800
000811402 68640
000811403 61600
000811404 74560
000811405 59040
000811406 48384
000811407 55040
000811408 58560
000811409 40944
000811410 49248
000811411 72320
000811412 66880
000811413 37440
000811414 78880
000811415 52480
000811416 57760
000811417 77056
000811418 52480
000811419 47040
000811420 40640
000811422 46880
000811423 41792
000811424 51840
000811425 44800
000811426 50368
000811427 59360
000811428 46240
000811429 43040
000811430 60160
000811431 39136
000811432 68000
000811433 68800
000811434 52960
000811435 47040
000811436 56000
000811438 51520
000811439 69760
000811440 37280
000811441 54560
000811442 61440
000811443 65280
000811444 74080
000811445 47680
000811446 64480
000811447 52640
000811448 49280
000811449 48640
000811450 54560
000811451 72320
000811452 77776
000811453 67040
000811454 38208
000811456 63840
000811457 67360
000811458 92000
000811459 41760
000811460 50880
000811461 54144
000811462 39968
000811463 64063
000811464 60800
000811465 46880
000811466 58720
000811467 48800
000811468 58080
000811469 55104
000811470 53920
000811471 46880
000811472 59200
000811473 42880
000811474 43520
000811475 60160
000811476 52480
000811477 57280
000811478 46240
000811479 57440
000811480 73760
000811481 62080
000811482 57440
000811483 49680
000811484 44320
000811485 52160
000811486 47696
000811487 63360
000811488 52320
000811489 71680
000811490 45440
000811491 47744
000811492 52720
000811493 42304
000811494 52176
000811495 46880
000811496 57120
000811497 46880
000811498 52640
000811499 55840
000811500 51360
000811501 87840
000811502 84160
000811503 89440
000811504 94080
000811505 83360
000811507 57040
000811508 66720
000811509 116800
000811510 58240
000811511 61600
000811512 56480
000811513 47840
000811514 85600
000811515 81472
000811516 88000
000811517 68368
000811518 93120
000811519 47136
000811520 67200
000811521 52960
000811522 69760
000811523 62880
000811524 63360
000811525 65280
000811526 105120
000811527 49120
000811528 49440
000811529 115360
000811530 40000
000811531 45760
000811532 81280
000811533 50416
000811534 73120
000811535 89440
000811536 64160
000811537 74400
000811538 77440
000811540 56672
000811541 35040
000811542 85440
000811543 123840
000811544 135200
000811545 65440
000811546 56800
000811547 65280
000811548 69280
000811549 119680
000811550 91088
000811551 61600
000811552 88960
000811553 75680
000811554 46656
000811555 58928
000811556 40192
000811557 60784
000811558 54512
000811559 47952
000811560 53376
000811561 80160
000811562 56000
000811563 56368
000811564 159680
000811565 60160
000811566 85120
000811567 79904
000811568 52960
000811569 67680
000811570 39840
000811571 84480
000811572 57808
000811573 37488
000811574 61232
000811575 46560
000811576 90080
000811577 38160
000811578 43584
000811579 87360
000811580 83040
000811581 79040
000811582 104640
000811583 77440
000811584 68800
000811585 51520
000811586 58800
000811588 109280
000811589 105632
000811590 50448
000811591 110080
000811592 83040
000811593 55600
000811594 95840
000811595 83888
000811596 51328
000811597 79520
000811598 62400
000811599 116592
000811600 59632
000811601 54496
000811602 77552
000811603 40880
000811604 80960
000811605 52480
000811606 62080
000811607 41600
000811608 49280
000811609 41360
000811610 74880
000811611 63776
000811612 65920
000811613 42096
000811614 67840
000811615 116496
000811616 82720
000811617 73872
000811618 41760
000811619 63200
000811620 72480
000811621 58720
000811622 50416
000811623 72480
000811624 68320
000811625 77120
000811626 93120
000811627 112800
000811628 93760
000811629 109120
000811630 76480
000811631 127520
000811632 84800
000811633 72480
000811634 96640
000811635 110720
000811636 60480
000811637 88832
000811638 85600
000811639 56000
000811640 91824
000811641 69920
000811642 87168
000811643 66384
000811644 57760
000811645 48624
000811646 79040
000811647 86400
000811648 69600
000811649 67680
000811650 60528
000811652 83520
000811653 80320
000811654 48944
000811655 73120
000811656 76320
000811657 73760
000811658 74080
000811659 41760
000811660 75520
000811661 89920
000811662 50016
000811663 66240
000811664 53600
000811665 95200
000811666 70560
000811667 40288
000811668 57152
000811669 106400
000811670 59680
000811671 109120
000811672 75552
000811673 78880
000811674 90560
000811675 64319
000811676 38272
000811677 75360
000811678 54880
000811679 59184
000811680 81168
000811681 35760
000811682 54880
000811683 65552
000811684 61280
000811685 101600
000811686 71968
000811687 53920
000811688 59680
000811689 65600
000811692 42720
000811693 75520
000811694 95072
000811695 50240
000811696 48000
000811697 62880
000811698 100800
000811699 86400
000811700 87200
000811701 58560
000811702 47360
000811703 93120
000811704 68480
000811705 108960
000811706 75360
000811707 42448
000811708 56640
000811709 56800
000811710 102720
000811711 118720
000811712 68800
000811713 49280
000811714 89760
000811715 105440
000811716 49120
000811717 102720
000811718 59520
000811719 69600
000811720 64959
000811721 47520
000811722 68320
000811723 82560
000811724 95360
000811725 99840
000811726 88480
000811727 65600
000811728 90080
000811729 41920
000811730 104160
000811731 53920
000811732 64480
000811733 61280
000811734 65440
000811735 108000
000811736 40960
000811737 117280
000811738 79040
000811739 77760
000811740 87920
000811741 37440
000811742 47680
000811743 70240
000811744 38000
000811745 75840
000811747 38640
000811748 38560
000811749 85600
000811750 82720
000811751 114496
000811752 100160
000811753 57440
000811754 42560
000811755 71520
000811756 61280
000811757 46560
000811758 95296
000811759 52320
000811760 77600
000811761 56320
000811762 62720
000811763 82720
000811764 72160
000811765 101120
000811766 68960
000811767 87840
000811768 84480
000811769 111888
000811770 91840
000811771 84000
000811772 41760
000811773 95520
000811774 55840
000811775 51200
000811776 51584
000811777 72160
000811778 68000
000811779 91360
000811780 81760
000811781 106080
000811782 88480
000811783 77120
000811784 108160
000811786 88960
000811787 79040
000811788 54400
000811789 71360
000811790 93600
000811791 73440
000811792 79840
000811793 50048
000811794 68560
000811795 61120
000811796 45568
000811797 73920
000811798 101120
000811799 72448
000811800 37824
000820001 67200
000820003 108320
000820004 126400
000820005 177120
000820006 90560
000820007 115104
000820008 116960
000820009 99840
000820010 119840
000820011 80608
000820012 145280
000820014 145440
000820015 115360
000820016 186720
000820017 88656
000820018 93120
000820019 152768
000820020 88320
000820021 43920
000820022 60320
000820023 70016
000820024 66832
000820025 101120
000820026 56000
000820027 59840
000820028 52768
000820029 76160
000820030 71584
000820031 85920
000820032 79680
000820033 99840
000820034 95664
000820036 60320
000820037 93120
000820038 61600
000820039 64304
000820040 79712
000820041 32528
000820042 37632
000820043 74880
000820045 44640
000820046 53920
000820047 51040
000820048 79120
000820049 52800
000820050 67200
000820052 76960
000820054 37760
000820056 92688
000820057 76800
000820058 65920
000820059 58976
000820060 66240
000820061 59360
000820062 59680
000820063 82640
000820064 78080
000820065 66880
000820066 52656
000820067 63680
000820068 82720
000820069 64959
000820070 59360
000820072 65632
000820073 73120
000820074 80640
000820075 56640
000820076 109920
000820077 52240
000820078 84960
000820079 74560
000820080 43936
000820081 61760
000820082 104000
000820083 64000
000820084 77600
000820085 66400
000820086 69120
000820087 83360
000820088 83712
000820089 107200
000820090 86880
000820091 84512
000820092 123360
000820093 78400
000820094 72800
000820095 78880
000820096 75904
000820097 70880
000820098 98240
000820099 68480
000820100 86080
000820101 99776
000820103 134368
000820104 77440
000820105 55840
000820106 95600
000820107 120480
000820108 127520
000820110 56480
000820111 75680
000820112 88000
000820113 102880
000820114 137440
000820115 106640
000820116 142400
000820117 140000
000820118 84960
000820119 77776
000820120 50832
000820121 79104
000820122 49136
000820123 154560
000820124 49600
000820125 124160
000820126 116480
000820127 121440
000820129 140064
000820130 118880
000820131 128639
000820132 84000
000820133 85760
000820134 135360
000820135 121120
000820136 74288
000820137 132960
000820139 106880
000820140 84000
000820141 135840
000820142 40000
000820143 133280
000820144 98256
000820145 150720
000820146 73920
000820147 84000
000820148 90240
000820149 92480
000820151 120000
000820152 111520
000820153 136640
000820154 64480
000820155 133280
000820156 94976
000820157 80800
000820158 158560
000820159 132960
000820160 99520
000820161 150400
000820163 133760
000820164 85440
000820167 134080
000820168 58560
000820169 69280
000820170 60944
000820172 102768
000820173 157488
000820174 92480
000820175 89600
000820176 64000
000820177 138560
000820178 93536
000820179 103680
000820180 58080
000820181 90720
000820182 56272
000820183 85920
000820184 76160
000820185 125440
000820186 118720
000820187 75360
000820188 53856
000820189 62976
000820191 106080
000820192 104480
000820193 81600
000820194 78720
000820195 80480
000820196 180960
000820197 64688
000820198 158400
000820199 65072
000820200 140352
000820201 119200
000820202 184000
000820203 115520
000820204 100480
000820205 168960
000820207 89120
000820208 54208
000820209 84000
000820210 92320
000820211 129696
000820212 176960
000820214 69920
000820215 132160
000820216 75040
000820217 101440
000820218 113280
000820219 66720
000820220 176320
000820221 52352
000820222 109120
000820223 90080
000820224 82032
000820225 114400
000820226 119520
000820227 95952
000820228 72480
000820229 104960
000820230 148640
000820231 210400
000820232 180160
000820233 137600
000820234 54256
000820235 100800
000820236 108480
000820237 99520
000820238 86880
000820239 95520
000820240 89120
000820241 79408
000820242 98560
000820243 96432
000820244 59568
000820245 99360
000820246 99040
000820247 63232
000820248 119360
000820249 107408
000820250 49376
000820251 97760
000820252 57440
000820253 146240
000820254 146240
000820255 80160
000820256 154240
000820258 73120
000820259 115200
000820260 67200
000820261 83840
000820262 113264
000820263 112768
000820264 96800
000820265 94080
000820266 93440
000820267 38848
000820268 79376
000820270 100480
000820271 53120
000820272 46880
000820273 119040
000820274 139040
000820275 87408
000820276 89600
000820279 70240
000820281 89600
000820282 139200
000820283 136160
000820284 108480
000820285 47360
000820286 104736
000820287 59360
000820288 57600
000820289 186240
000820290 73536
000820291 143584
000820292 73280
000820293 107680
000820294 125920
000820295 110720
000820296 76288
000820297 105760
000820298 72928
000820300 114400
000820301 80736
000820302 55696
000820303 110880
000820304 80640
000820305 50880
000820307 55040
000820308 83824
000820309 66400
000820310 45440
000820311 39680
000820312 136800
000820313 59584
000820314 43680
000820315 114720
000820316 68896
000820317 113456
000820318 90240
000820319 100640
000820320 98144
000820322 87040
000820323 136640
000820325 86400
000820326 95584
000820327 67136
000820328 100976
000820329 159520
000820330 124160
000820331 97600
000820332 98240
000820333 113920
000820334 77760
000820336 104640
000820337 69600
000820338 123040
000820339 105280
000820340 60480
000820341 54992
000820342 61520
000820343 50560
000820344 126880
000820345 80160
000820346 102272
000820347 61792
000820348 120480
000820349 145872
000820350 164480
000820351 89280
000820352 63680
000820353 56480
000820354 135840
000820355 170080
000820356 51680
000820357 101120
000820358 58272
000820359 106160
000820360 112000
000820361 57120
000820362 112208
000820363 116640
000820365 88480
000820366 66560
000820367 66544
000820368 72944
000820369 107040
000820371 108640
000820372 110400
000820373 120304
000820375 46160
000820376 44800
000820377 54880
000820378 117120
000820379 43200
000820380 151680
000820381 96000
000820382 114400
000820383 38080
000820384 66880
000820385 121920
000820386 117760
000820387 78720
000820388 96800
000820390 61680
000820391 101280
000820392 101440
000820393 51840
000820394 92240
000820395 109600
000820396 40960
000820398 65776
000820399 113600
000820400 90816
000821402 73888
000821403 78400
000821404 81760
000821405 80960
000821406 60640
000821407 63680
000821408 71200
000821409 47360
000821411 90880
000821412 94880
000821413 38160
000821414 82880
000821415 55840
000821416 73760
000821418 66032
000821419 54400
000821420 45280
000821422 53440
000821423 46976
000821424 67312
000821425 64800
000821426 56912
000821428 48320
000821429 45440
000821430 68960
000821431 40944
000821432 76160
000821433 91520
000821434 58080
000821435 65280
000821436 71040
000821438 69920
000821439 91520
000821440 47024
000821441 65391
000821442 90832
000821443 79520
000821444 91040
000821445 56672
000821447 61104
000821448 63824
000821449 56800
000821451 95216
000821452 80288
000821453 78400
000821454 41744
000821456 77920
000821457 70336
000821458 93600
000821459 49536
000821460 68320
000821463 78240
000821464 83360
000821465 62080
000821466 71360
000821467 58528
000821470 66720
000821471 57856
000821473 43120
000821474 53072
000821475 68464
000821476 76320
000821477 66720
000821478 62928
000821479 71840
000821480 96000
000821481 59296
000821482 65072
000821483 60896
000821484 59472
000821485 58400
000821487 77440
000821488 57840
000821489 95328
000821490 52000
000821491 52800
000821492 69520
000821494 55904
000821495 64480
000821496 67040
000821497 53920
000821498 57920
000821499 72640
000821500 83840
000821501 103680
000821502 66656
000821503 63104
000821504 63520
000821505 82032
000821506 120960
000821507 100320
000821508 176320
000821509 108208
000821510 141600
000821512 180000
000821513 109280
000821514 53168
000821516 104800
000821518 165632
000821520 55840
000821521 108160
000821522 108960
000821523 68320
000821525 127200
000821526 52816
000821527 171520
000821528 49072
000821529 92160
000821530 120320
000821531 56544
000821532 113600
000821533 98400
000821534 102720
000821535 98304
000821536 80944
000821537 71520
000821538 86400
000821539 64976
000821540 105760
000821541 50608
000821544 117440
000821545 124640
000821546 83520
000821547 80960
000821548 118400
000821549 145920
000821550 72320
000821551 94720
000821552 107040
000821553 65616
000821554 50080
000821556 107360
000821557 86400
000821558 108480
000821559 76160
000821561 70240
000821562 76640
000821563 90240
000821564 76800
000821565 154400
000821566 106240
000821567 126240
000821568 104480
000821569 153760
000821570 71040
000821571 156480
000821572 67328
000821573 43520
000821574 69104
000821575 62560
000821576 70240
000821577 97216
000821579 81440
000821580 114080
000821581 70544
000821582 98240
000821583 162240
000821584 55040
000821585 50160
000821586 90560
000821587 170880
000821588 141760
000821591 90240
000821592 36000
000821593 91360
000821594 44032
000821596 49760
000821597 138224
000821598 130080
000821599 149760
000821600 122240
000821602 45440
000821603 78400
000821604 100800
000821605 58720
000821606 134880
000821607 115152
000821608 57376
000821609 66400
000821610 72560
000821611 106240
000821612 117920
000821613 65104
000821614 115680
000821615 89600
000821616 72480
000821617 53584
000821618 110720
000821619 73760
000821620 58880
000821621 77440
000821622 105792
000821623 78992
000821624 145280
000821625 81120
000821626 47360
000821627 92192
000821628 94880
000821630 126880
000821631 78720
000821632 90560
000821633 126080
000821635 80160
000821636 60560
000821637 50560
000821638 139520
000821639 106240
000821640 78352
000821641 143200
000821642 63840
000821644 45136
000821645 63520
000821646 160640
000821647 108000
000821648 95840
000821649 90240
000821650 126880
000821651 80480
000821652 83200
000821653 80432
000821654 119840
000821656 55392
000821657 136320
000821658 90880
000821659 112640
000821660 162400
000821661 83200
000821662 63808
000821663 142688
000821664 44176
000821665 140320
000821666 61440
000821667 86560
000821668 70880
000821669 91680
000821671 157920
000821673 142592
000821674 44080
000821675 74352
000821676 45440
000821677 117120
000821678 49600
000821679 120640
000821680 137760
000821681 82880
000821682 62320
000821683 67344
000821684 46880
000821685 114400
000821686 74336
000821687 122400
000821688 69760
000821689 67568
000821690 124160
000821691 101120
000821692 46560
000821693 46736
000821694 72352
000821695 94240
000821696 71328
000821697 88480
000821698 113120
000821699 96992
000821700 104320
000821701 50880
000821702 75312
000821703 54496
000821704 156160
000821705 50432
000821706 62832
000821707 86400
000821709 46368
000821710 44480
000821711 135840
000821713 81760
000821714 44480
000821715 56496
000821716 86080
000821717 83504
000821719 68624
000821720 60960
000821721 58080
000821722 95680
000821723 100320
000821724 60480
000821725 96800
000821726 107520
000821727 113360
000821728 126240
000821729 44000
000821730 130880
000821731 139840
000821732 39600
000821733 105600
000821734 53920
000821735 102720
000821736 82720
000821737 94080
000821738 142880
000821739 116640
000821740 100480
000821741 144800
000821742 66560
000821743 68880
000821744 138560
000821745 94240
000821746 114400
000821747 63408
000821748 51600
000821749 92000
000821750 76640
000821751 65440
000821752 124320
000821753 75040
000821754 117200
000821755 110880
000821756 138768
000821757 64000
000821758 141920
000821759 108000
000821760 63504
000821761 84320
000821762 67504
000821763 99088
000821764 98240
000821765 72000
000821766 150080
000821767 37072
000821768 104032
000821769 105056
000821770 79360
000821771 136768
000821772 52016
000821773 138240
000821774 136320
000821775 119520
000821776 81120
000821777 109920
000821778 134240
000821779 100240
000821780 73280
000821781 123520
000821782 153760
000821783 88192
000821784 142880
000821785 77600
000821786 84640
000821787 124960
000821788 100320
000821789 109920
000821790 127664
000821792 124800
000821793 101280
000821794 132480
000821795 98240
000821796 76000
000821797 90720
000821799 118768
000830001 58000
000830002 135040
000830003 84496
000830004 97120
000830005 149584
000830006 80960
000830008 108480
000830009 69600
000830010 98720
000830011 64959
000830012 126720
000830013 87472
000830014 134400
000830015 104160
000830016 171360
000830017 81440
000830018 96000
000830019 144640
000830020 82240
000830021 43360
000830022 58080
000830023 63920
000830024 63360
000830025 105088
000830026 54560
000830027 54400
000830028 47808
000830029 61616
000830030 60960
000830031 69440
000830032 68160
000830033 95280
000830034 100016
000830035 49536
000830036 54400
000830037 84960
000830038 53088
000830039 56960
000830040 70800
000830042 35264
000830043 63520
000830044 55680
000830045 40416
000830046 50528
000830047 43696
000830049 49600
000830050 50400
000830052 75536
000830053 39312
000830054 39312
000830055 57904
000830056 64160
000830057 69776
000830058 58240
000830059 53008
000830060 55328
000830061 52944
000830062 50048
000830063 77760
000830064 59520
000830065 57120
000830066 43024
000830067 46048
000830068 72480
000830069 62432
000830070 68128
000830071 45600
000830072 60096
000830073 75696
000830074 84800
000830075 51184
000830076 102560
000830077 63840
000830078 78240
000830079 62080
000830080 43072
000830081 51680
000830082 83792
000830083 60688
000830084 60432
000830085 67072
000830086 59840
000830087 82880
000830088 73248
000830089 100352
000830090 71248
000830091 73824
000830092 99520
000830093 75808
000830094 57120
000830095 58560
000830096 69120
000830097 77920
000830098 72000
000830099 57600
000830100 79520
000830101 75520
000830102 123520
000830103 123040
000830104 100480
000830105 79920
000830106 71840
000830107 92944
000830108 87040
000830109 54112
000830110 89120
000830111 120000
000830112 113760
000830113 124960
000830114 120800
000830115 57920
000830116 110400
000830117 77760
000830118 78880
000830119 95200
000830120 141600
000830121 140480
000830122 125280
000830123 83520
000830124 114720
000830125 51536
000830126 62976
000830127 50560
000830128 56144
000830129 84480
000830130 54480
000830131 140000
000830132 95856
000830133 125440
000830134 103680
000830135 137440
000830136 41920
000830137 127040
000830138 116160
000830139 60000
000830140 100320
000830141 45904
000830142 80320
000830143 129919
000830144 137872
000830145 85456
000830146 136160
000830147 116160
000830148 87856
000830149 114720
000830150 45584
000830151 155072
000830152 63568
000830153 77440
000830154 59952
000830155 55312
000830156 140144
000830157 93680
000830158 73120
000830159 88496
000830160 50528
000830161 118080
000830162 135680
000830163 65760
000830164 62704
000830165 134720
000830166 97936
000830167 85440
000830168 93184
000830169 53360
000830170 50288
000830171 81280
000830172 151360
000830173 88640
000830174 94832
000830175 99280
000830176 97600
000830177 81920
000830178 42400
000830179 101760
000830180 108960
000830181 111040
000830182 54400
000830183 50880
000830184 99360
000830185 81600
000830186 107728
000830187 46016
000830188 48320
000830189 45936
000830190 89920
000830191 93120
000830192 85440
000830193 118720
000830194 45456
000830195 174480
000830196 107184
000830197 137120
000830198 93344
000830199 54112
000830200 76640
000830201 59488
000830202 41920
000830203 90880
000830204 80480
000830205 76160
000830206 119360
000830207 98880
000830208 80240
000830209 48528
000830210 97120
000830211 70880
000830212 105280
000830213 101120
000830215 111680
000830216 110400
000830217 62080
000830218 107168
000830219 39824
000830220 60064
000830221 49824
000830222 63040
000830223 89328
000830224 60800
000830225 71024
000830226 108800
000830227 61120
000830228 64640
000830230 117920
000830232 83520
000830233 52320
000830234 88416
000830235 118400
000830236 154080
000830237 59376
000830238 60544
000830239 43840
000830240 99040
000830241 46992
000830242 111520
000830243 58256
000830244 87200
000830245 40512
000830246 149920
000830247 57920
000830248 60560
000830249 53440
000830250 159360
000830251 64480
000830252 108320
000830253 41744
000830254 99360
000830255 70672
000830256 42080
000830257 48800
000830258 47360
000830259 105120
000830261 44000
000830262 63840
000830263 85232
000830264 63040
000830265 76336
000830266 131840
000830267 76800
000830268 55680
000830269 41600
000830270 70960
000830271 127840
000830272 110080
000830273 42400
000830274 68048
000830275 71840
000830276 54720
000830277 82080
000830278 137440
000830279 48800
000830280 61680
000830281 56480
000830282 134624
000830283 37408
000830284 53920
000830285 85120
000830286 76800
000830287 134832
000830288 102240
000830289 100960
000830290 57920
000830291 81840
000830292 95760
000830293 80944
000830295 53280
000830296 96640
000830297 95232
000830298 97600
000830299 85600
000830300 68480
000830301 57600
000830302 49120
000830303 74720
000830304 86880
000830305 139200
000830306 96960
000830307 126720
000830308 92000
000830309 103680
000830310 70400
000830311 66224
000830312 100000
000830313 54880
000830314 98080
000830315 126400
000830316 112960
000830317 81760
000830318 79360
000830319 88640
000830320 85760
000830321 55520
000830322 66384
000830323 82880
000830324 135680
000830325 92320
000830326 55264
000830327 78880
000830328 71632
000830329 73280
000830330 66400
000830331 78880
000830333 84960
000830334 62400
000830335 80160
000830336 93120
000830337 87520
000830338 81120
000830339 90096
000830340 59200
000830341 139040
000830342 56640
000830343 56160
000830344 69424
000830345 61760
000830346 70896
000830347 54688
000830349 87360
000830350 105280
000830351 43200
000830352 78432
000830353 151200
000830354 84000
000830355 58240
000830356 130544
000830357 111232
000830358 106880
000830359 55856
000830360 82400
000830361 73920
000830362 105440
000830363 90816
000830364 93120
000830365 96640
000830366 121600
000830367 51856
000830368 159840
000830369 126160
000830370 107040
000830371 100752
000830372 72384
000830373 72960
000830374 97440
000830375 52320
000830376 112320
000830377 70080
000830378 134880
000830379 62496
000830380 46720
000830381 61680
000830382 64672
000830383 52320
000830384 51360
000830385 81440
000830386 73760
000830387 78128
000830388 43920
000830389 59632
000830390 120960
000830391 122080
000830392 137120
000830393 92400
000830394 42320
000830395 54064
000830396 92320
000830397 134240
000830398 81600
000830399 133936
000830400 85280
000831401 61120
000831402 75520
000831403 64256
000831404 74880
000831405 60480
000831406 58560
000831407 60160
000831408 77696
000831409 43568
000831410 70000
000831411 81440
000831412 70176
000831414 81552
000831415 50240
