000741696 16
000741699 28
000741700 35
000741701 32
000741702 18
000741703 9
000741704 9
000741705 19
000741706 9
000741707 18
000741708 11
000741709 14
000741710 29
000741711 25
000741712 12
000741713 18
000741714 11
000741715 15
000741716 27
000741717 26
000741718 22
000741720 10
000741721 26
000741722 31
000741723 17
000741724 24
000741725 23
000741726 18
000741727 31
000741730 12
000741731 24
000741732 8
000741733 20
000741734 14
000741735 14
000741737 23
000741738 15
000741739 17
000741741 37
000741742 6
000741743 29
000741744 12
000741745 15
000741747 18
000741748 8
000741749 30
000741750 36
000741751 14
000741752 15
000741753 30
000741754 38
000741755 22
000741756 23
000741757 25
000741758 25
000741759 13
000741760 9
000741762 16
000741763 8
000741764 25
000741765 22
000741766 22
000741767 27
000741768 38
000741769 29
000741770 17
000741771 7
000741772 14
000741773 17
000741774 6
000741775 18
000741776 13
000741777 9
000741778 29
000741779 34
000741780 18
000741781 11
000741782 42
000741783 23
000741786 18
000741790 9
000741791 7
000741792 22
000741793 16
000741794 13
000741795 21
000741796 18
000741797 21
000741798 18
000741799 27
000750001 10
000750002 43
000750005 36
000750006 21
000750007 30
000750008 24
000750009 20
000750010 27
000750011 20
000750013 22
000750014 39
000750015 27
000750016 45
000750017 18
000750018 25
000750019 42
000750020 23
000750021 7
000750025 20
000750026 8
000750027 12
000750028 8
000750029 11
000750030 14
000750031 15
000750032 19
000750033 21
000750034 21
000750036 8
000750037 17
000750038 11
000750039 11
000750040 14
000750041 4
000750042 10
000750043 14
000750044 10
000750045 6
000750046 9
000750047 10
000750048 15
000750049 7
000750050 22
000750051 11
000750052 23
000750054 8
000750055 12
000750056 13
000750057 16
000750058 15
000750059 9
000750060 14
000750062 11
000750063 20
000750064 19
000750065 18
000750068 13
000750069 20
000750070 19
000750071 19
000750073 21
000750077 8
000750078 20
000750079 14
000750081 13
000750082 17
000750083 14
000750084 13
000750087 15
000750088 15
000750089 21
000750090 23
000750091 15
000750092 35
000750093 15
000750094 13
000750095 14
000750096 14
000750097 19
000750098 25
000750100 17
000750101 21
000750102 7
000750103 26
000750104 18
000750106 17
000750107 13
000750108 36
000750109 22
000750110 26
000750111 12
000750113 19
000750114 8
000750115 18
000750116 15
000750117 14
000750118 30
000750120 14
000750122 19
000750123 14
000750124 19
000750126 25
000750127 25
000750128 23
000750129 14
000750130 13
000750131 7
000750132 17
000750133 30
000750134 34
000750135 7
000750136 15
000750137 31
000750139 22
000750141 31
000750143 23
000750146 17
000750147 17
000750148 38
000750150 19
000750151 11
000750153 24
000750154 30
000750155 21
000750157 17
000750158 14
000750159 20
000750160 37
000750161 14
000750162 22
000750163 28
000750164 10
000750165 8
000750166 29
000750167 22
000750168 32
000750169 27
000750171 8
000750172 15
000750173 20
000750174 18
000750175 25
000750176 19
000750178 15
000750180 31
000750181 8
000750182 26
000750183 5
000750186 18
000750187 17
000750188 24
000750189 41
000750190 18
000750191 42
000750192 35
000750193 23
000750194 13
000750195 13
000750196 24
000750197 15
000750198 11
000750199 27
000750201 20
000750202 25
000750203 12
000750204 13
000750205 13
000750206 21
000750207 23
000750208 25
000750209 21
000750210 23
000750211 28
000750213 13
000750214 15
000750215 19
000750216 24
000750217 16
000750218 33
000750219 25
000750220 13
000750221 10
000750222 14
000750223 18
000750224 43
000750225 12
000750226 6
000750229 21
000750230 17
000750231 14
000750232 21
000750233 14
000750234 17
000750235 22
000750236 23
000750237 18
000750238 30
000750239 13
000750240 12
000750242 36
000750243 18
000750246 24
000750247 20
000750248 18
000750249 24
000750250 31
000750251 31
000750252 24
000750253 23
000750255 8
000750256 27
000750257 9
000750258 29
000750259 13
000750260 17
000750261 34
000750262 12
000750263 13
000750264 15
000750265 16
000750266 24
000750267 15
000750268 16
000750269 14
000750270 18
000750271 26
000750272 38
000750273 18
000750275 29
000750276 41
000750277 30
000750278 8
000750280 29
000750281 24
000750282 14
000750283 13
000750284 12
000750285 11
000750286 11
000750287 13
000750288 21
000750289 18
000750290 12
000750291 21
000750292 16
000750293 24
000750294 20
000750295 24
000750296 16
000750297 22
000750298 20
000750299 23
000750300 28
000750301 27
000750302 25
000750303 27
000750304 20
000750305 13
000750306 16
000750307 11
000750308 21
000750309 14
000750310 21
000750311 22
000750312 24
000750313 21
000750314 17
000750315 23
000750316 23
000750317 23
000750318 16
000750319 37
000750320 13
000750321 17
000750322 32
000750323 8
000750324 18
000750327 7
000750328 9
000750329 14
000750330 17
000750331 14
000750332 18
000750333 32
000750334 16
000750335 32
000750336 24
000750337 29
000750338 10
000750339 18
000750340 31
000750341 8
000750342 13
000750343 22
000750344 19
000750345 25
000750346 10
000750347 24
000750349 22
000750350 7
000750351 12
000750352 26
000750353 15
000750354 20
000750355 10
000750357 11
000750358 27
000750359 8
000750360 24
000750361 9
000750362 37
000750363 11
000750364 18
000750365 17
000750366 44
000750367 19
000750368 38
000750369 17
000750370 20
000750371 6
000750373 16
000750374 22
000750375 16
000750376 20
000750377 15
000750378 22
000750379 23
000750380 15
000750381 21
000750382 21
000750384 21
000750385 16
000750386 29
000750387 30
000750388 14
000750389 18
000750390 20
000750391 9
000750392 22
000750394 25
000750395 26
000750396 23
000750397 6
000750398 26
000750399 25
000750400 21
000751401 12
000751402 19
000751403 16
000751404 21
000751405 13
000751406 15
000751407 17
000751408 16
000751411 20
000751412 21
000751413 6
000751414 19
000751415 11
000751416 13
000751418 12
000751419 16
000751420 14
000751421 8
000751422 13
000751423 10
000751424 15
000751425 10
000751426 12
000751427 24
000751428 10
000751429 15
000751430 17
000751432 20
000751433 19
000751434 14
000751435 16
000751436 12
000751437 12
000751438 16
000751439 20
000751440 8
000751441 17
000751442 25
000751443 17
000751444 19
000751445 17
000751446 21
000751447 11
000751448 17
000751449 12
000751450 13
000751451 22
000751453 15
000751454 6
000751455 22
000751456 19
000751457 13
000751458 23
000751459 15
000751460 15
000751461 16
000751462 21
000751463 21
000751464 16
000751465 13
000751466 19
000751467 9
000751468 15
000751469 24
000751470 18
000751471 14
000751474 14
000751475 20
000751476 13
000751477 13
000751478 14
000751479 17
000751480 32
000751482 10
000751483 18
000751484 15
000751485 10
000751487 18
000751488 15
000751489 25
000751490 13
000751491 15
000751493 11
000751494 13
000751495 12
000751496 21
000751497 15
000751498 15
000751499 14
000751500 18
000751501 15
000751502 27
000751503 18
000751504 23
000751505 30
000751506 14
000751507 21
000751508 6
000751509 32
000751510 27
000751511 33
000751512 9
000751513 20
000751514 22
000751515 22
000751516 15
000751517 16
000751518 15
000751519 15
000751520 15
000751521 28
000751522 15
000751523 22
000751524 27
000751525 13
000751526 21
000751527 34
000751528 33
000751529 19
000751530 14
000751531 9
000751532 16
000751533 16
000751534 9
000751535 10
000751536 23
000751537 30
000751538 33
000751539 28
000751540 8
000751541 30
000751543 35
000751544 21
000751545 20
000751546 33
000751547 13
000751548 15
000751549 7
000751550 18
000751551 26
000751552 25
000751553 24
000751554 26
000751555 26
000751556 23
000751558 17
000751559 22
000751560 18
000751561 28
000751562 47
000751563 9
000751564 34
000751565 17
000751566 29
000751567 26
000751568 36
000751569 17
000751570 12
000751572 27
000751573 33
000751575 12
000751576 19
000751577 27
000751578 10
000751579 9
000751580 16
000751581 22
000751582 10
000751583 15
000751584 13
000751585 20
000751587 19
000751588 10
000751589 17
000751590 15
000751591 16
000751593 15
000751594 29
000751595 19
000751596 22
000751597 8
000751598 22
000751599 13
000751600 17
000751601 17
000751602 24
000751603 19
000751604 20
000751606 20
000751607 27
000751608 23
000751609 12
000751610 20
000751611 22
000751612 16
000751614 10
000751615 12
000751616 22
000751617 7
000751618 17
000751619 25
000751620 9
000751621 9
000751622 9
000751623 27
000751625 24
000751626 17
000751627 13
000751628 23
000751629 11
000751630 15
000751631 14
000751632 14
000751633 21
000751634 16
000751635 29
000751636 22
000751637 20
000751638 22
000751639 22
000751640 38
000751641 21
000751642 22
000751643 30
000751644 33
000751645 24
000751646 20
000751647 7
000751648 14
000751649 13
000751650 31
000751652 23
000751653 38
000751654 11
000751655 35
000751656 22
000751659 10
000751660 18
000751661 23
000751662 14
000751663 22
000751664 7
000751665 25
000751666 14
000751667 15
000751668 39
000751670 15
000751671 18
000751672 11
000751673 32
000751675 24
000751676 10
000751677 12
000751678 21
000751680 8
000751683 20
000751684 22
000751687 9
000751688 24
000751689 6
000751690 32
000751691 11
000751692 16
000751693 37
000751695 10
000751696 20
000751698 15
000751699 44
000751701 25
000751702 13
000751703 31
000751704 26
000751705 11
000751706 21
000751707 23
000751708 10
000751709 19
000751710 19
000751711 11
000751712 11
000751713 16
000751714 16
000751715 22
000751716 21
000751717 17
000751718 28
000751719 31
000751720 20
000751721 22
000751722 11
000751723 15
000751724 26
000751726 13
000751727 23
000751728 18
000751730 15
000751731 18
000751732 17
000751733 20
000751734 34
000751736 30
000751737 15
000751738 23
000751740 25
000751741 18
000751742 5
000751743 21
000751744 11
000751745 14
000751746 26
000751747 7
000751748 22
000751749 19
000751751 16
000751753 11
000751754 21
000751755 18
000751756 19
000751757 11
000751758 17
000751759 23
000751760 15
000751761 13
000751762 23
000751764 38
000751766 13
000751767 26
000751768 14
000751769 18
000751770 20
000751771 25
000751772 13
000751773 19
000751774 31
000751775 10
000751776 17
000751777 10
000751779 29
000751780 26
000751781 36
000751782 23
000751784 15
000751785 15
000751786 10
000751788 24
000751789 18
000751790 25
000751791 22
000751793 22
000751794 7
000751795 34
000751796 29
000751797 21
000751799 21
000751800 27
000760001 10
000760002 41
000760003 16
000760004 33
000760005 35
000760006 21
000760007 30
000760008 24
000760009 20
000760010 27
000760011 20
000760012 34
000760013 20
000760014 37
000760015 27
000760016 46
000760017 18
000760018 25
000760019 42
000760020 23
000760021 7
000760022 11
000760024 12
000760025 20
000760026 8
000760027 12
000760028 8
000760029 11
000760030 15
000760031 15
000760032 19
000760033 20
000760034 20
000760035 7
000760036 8
000760037 17
000760038 10
000760039 11
000760040 14
000760042 4
000760043 14
000760044 10
000760045 6
000760046 9
000760047 10
000760048 15
000760049 7
000760050 14
000760052 17
000760053 8
000760054 7
000760055 12
000760056 13
000760057 16
000760058 14
000760059 9
000760060 14
000760061 17
000760062 11
000760063 20
000760064 13
000760065 18
000760066 8
000760068 13
000760069 20
000760070 19
000760071 14
000760072 12
000760073 15
000760074 14
000760075 13
000760076 18
000760077 7
000760079 14
000760081 13
000760082 17
000760083 14
000760084 13
000760085 11
000760086 14
000760087 15
000760088 15
000760089 21
000760090 22
000760091 15
000760093 16
000760094 13
000760095 14
000760096 14
000760097 13
000760098 19
000760099 17
000760101 29
000760102 25
000760103 32
000760104 23
000760105 16
000760106 22
000760107 9
000760108 11
000760109 32
000760110 23
000760111 19
000760112 33
000760113 11
000760114 28
000760115 24
000760116 18
000760117 17
000760118 7
000760120 22
000760121 11
000760122 19
000760123 20
000760124 19
000760125 8
000760126 9
000760127 23
000760128 24
000760129 11
000760130 16
000760131 16
000760132 9
000760133 18
000760134 34
000760135 13
000760136 21
000760137 6
000760138 21
000760140 26
000760141 24
000760142 20
000760143 15
000760144 10
000760145 38
000760146 17
000760149 5
000760151 28
000760152 17
000760153 10
000760154 20
000760156 29
000760157 27
000760159 14
000760160 23
000760161 17
000760162 10
000760163 33
000760165 20
000760166 12
000760168 22
000760169 19
000760170 13
000760171 19
000760172 28
000760175 31
000760177 7
000760178 14
000760179 11
000760181 24
000760182 8
000760183 14
000760184 19
000760187 15
000760189 19
000760190 21
000760191 25
000760193 24
000760194 20
000760195 28
000760197 6
000760198 7
000760199 12
000760200 12
000760201 21
000760202 16
000760203 10
000760204 13
000760205 26
000760206 8
000760207 19
000760208 12
000760210 12
000760211 18
000760212 32
000760214 25
000760216 30
000760217 21
000760218 12
000760219 11
000760221 25
000760222 19
000760223 35
000760224 27
000760225 29
000760226 28
000760227 23
000760228 25
000760229 27
000760230 18
000760231 25
000760232 12
000760234 8
000760236 36
000760238 12
000760239 23
000760240 12
000760241 30
000760242 19
000760243 17
000760244 23
000760245 11
000760246 25
000760248 16
000760249 27
000760250 23
000760251 26
000760252 12
000760253 12
000760255 19
000760256 32
000760257 22
000760258 15
000760259 16
000760260 25
000760262 19
000760263 14
000760265 23
000760266 18
000760269 21
000760270 31
000760271 19
000760272 8
000760273 16
000760274 22
000760275 16
000760276 10
000760277 36
000760278 9
000760279 18
000760283 18
000760284 12
000760285 18
000760286 15
000760287 24
000760288 24
000760291 24
000760292 20
000760293 19
000760294 16
000760295 16
000760296 30
000760297 19
000760298 11
000760300 11
000760301 27
000760302 19
000760304 16
000760307 16
000760308 23
000760310 15
000760311 17
000760314 17
000760315 18
000760317 20
000760318 25
000760319 28
000760321 9
000760322 38
000760323 34
000760325 18
000760326 22
000760328 31
000760330 16
000760332 33
000760333 11
000760334 27
000760335 24
000760336 25
000760337 14
000760339 9
000760340 28
000760341 20
000760343 9
000760344 21
000760346 27
000760347 16
000760350 25
000760351 19
000760352 14
000760353 28
000760354 33
000760355 18
000760356 14
000760357 19
000760358 8
000760361 20
000760362 38
000760364 9
000760365 8
000760366 23
000760367 15
000760369 21
000760370 15
000760371 10
000760372 17
000760374 23
000760375 22
000760376 8
000760377 14
000760378 11
000760379 14
000760380 14
000760381 12
000760382 34
000760383 16
000760385 14
000760386 10
000760387 26
000760389 10
000760390 14
000760391 17
000760393 16
000760394 21
000760395 19
000760396 20
000760397 11
000760398 11
000760399 21
000760400 25
000761401 12
000761402 18
000761403 13
000761405 13
000761406 15
000761407 17
000761408 16
000761409 10
000761410 19
000761411 19
000761412 21
000761413 6
000761414 19
000761415 11
000761416 13
000761417 27
000761418 12
000761419 16
000761420 14
000761421 8
000761422 13
000761423 10
000761424 15
000761425 10
000761428 10
000761429 15
000761430 17
000761432 20
000761433 19
000761434 14
000761435 10
000761437 12
000761438 16
000761439 19
000761440 8
000761441 17
000761443 18
000761444 19
000761445 15
000761447 11
000761448 16
000761449 12
000761450 16
000761451 21
000761453 15
000761454 6
000761455 20
000761457 13
000761458 23
000761460 15
000761461 16
000761463 21
000761464 16
000761465 13
000761466 19
000761467 9
000761468 15
000761469 19
000761470 18
000761471 14
000761474 8
000761475 20
000761476 13
000761477 13
000761478 14
000761479 17
000761480 33
000761481 12
000761482 14
000761483 17
000761484 15
000761485 10
000761487 18
000761488 15
000761489 25
000761491 15
000761492 16
000761494 13
000761495 12
000761496 21
000761498 15
000761499 14
000761500 18
000761501 15
000761502 32
000761503 32
000761504 16
000761505 13
000761507 17
000761509 31
000761510 17
000761511 18
000761512 24
000761513 23
000761514 24
000761515 28
000761516 17
000761517 23
000761518 19
000761520 13
000761521 25
000761522 6
000761523 18
000761526 10
000761527 23
000761528 15
000761529 5
000761530 16
000761531 19
000761534 27
000761535 23
000761536 21
000761538 18
000761539 12
000761541 14
000761542 21
000761543 19
000761544 27
000761545 13
000761546 35
000761548 15
000761549 17
000761550 26
000761551 15
000761552 20
000761553 16
000761554 34
000761555 7
000761556 20
000761557 12
000761558 19
000761559 10
000761560 22
000761561 26
000761562 16
000761563 23
000761564 16
000761565 24
000761566 5
000761567 14
000761568 27
000761569 7
000761570 11
000761571 11
000761572 17
000761575 26
000761576 19
000761578 4
000761579 12
000761580 29
000761581 9
000761582 32
000761583 29
000761585 19
000761587 13
000761588 25
000761589 22
000761590 29
000761591 15
000761594 15
000761595 26
000761597 22
000761598 24
000761599 36
000761601 26
000761602 22
000761603 24
000761604 32
000761605 23
000761606 11
000761608 11
000761609 34
000761610 17
000761612 16
000761613 12
000761614 23
000761615 21
000761616 14
000761617 22
000761619 33
000761621 12
000761622 10
000761623 25
000761624 25
000761625 8
000761626 25
000761627 10
000761628 19
000761629 21
000761630 23
000761631 18
000761632 30
000761635 15
000761636 16
000761637 7
000761638 43
000761639 33
000761640 29
000761641 9
000761642 11
000761643 30
000761644 27
000761645 27
000761646 16
000761647 12
000761648 23
000761649 18
000761650 17
000761651 23
000761652 25
000761653 12
000761654 23
000761655 32
000761656 17
000761657 10
000761658 18
000761659 6
000761660 16
000761661 16
000761662 11
000761663 30
000761664 15
000761665 24
000761666 18
000761667 12
000761668 20
000761670 8
000761671 20
000761672 21
000761673 22
000761675 31
000761676 25
000761678 15
000761679 23
000761680 19
000761682 18
000761684 12
000761685 19
000761686 12
000761687 21
000761688 13
000761689 9
000761691 21
000761692 31
000761693 6
000761694 18
000761695 27
000761696 36
000761697 28
000761698 26
000761700 23
000761701 20
000761702 15
000761703 24
000761704 9
000761705 28
000761706 19
000761707 16
000761708 23
000761709 29
000761710 17
000761711 36
000761712 21
000761713 15
000761714 24
000761715 11
000761716 21
000761717 26
000761718 19
000761719 20
000761720 8
000761721 18
000761722 17
000761723 23
000761724 21
000761725 25
000761726 24
000761727 11
000761728 10
000761730 11
000761731 15
000761732 10
000761733 20
000761734 17
000761735 41
000761736 31
000761738 26
000761739 20
000761740 22
000761741 9
000761742 12
000761744 17
000761745 21
000761746 22
000761747 22
000761748 24
000761750 21
000761751 11
000761753 23
000761754 17
000761755 23
000761756 27
000761757 8
000761759 16
000761760 23
000761762 30
000761763 24
000761764 20
000761765 7
000761766 16
000761767 11
000761768 18
000761770 14
000761771 33
000761772 23
000761773 26
000761774 7
000761775 14
000761776 31
000761777 24
000761779 11
000761780 21
000761782 36
000761783 15
000761784 11
000761786 18
000761787 26
000761788 14
000761789 38
000761790 28
000761791 15
000761792 17
000761793 23
000761794 12
000761795 37
000761797 29
000761799 11
000761800 21
000770001 10
000770002 43
000770003 16
000770004 33
000770005 35
000770006 21
000770007 30
000770008 24
000770009 20
000770010 27
000770011 18
000770012 34
000770013 20
000770014 40
000770015 27
000770016 46
000770017 18
000770019 42
000770020 23
000770021 7
000770022 11
000770023 14
000770024 12
000770025 20
000770026 8
000770027 12
000770028 8
000770029 11
000770030 14
000770031 15
000770032 19
000770033 20
000770034 20
000770035 7
000770036 8
000770037 17
000770038 10
000770039 11
000770040 14
000770041 4
000770042 4
000770043 14
000770044 10
000770045 6
000770046 7
000770048 15
000770049 7
000770050 14
000770052 17
000770054 7
000770056 12
000770057 16
000770058 14
000770059 9
000770060 14
000770061 17
000770062 11
000770063 20
000770064 13
000770065 18
000770067 11
000770068 13
000770069 19
000770070 19
000770071 14
000770072 12
000770073 15
000770074 13
000770075 12
000770076 18
000770077 7
000770078 20
000770079 12
000770080 10
000770081 13
000770082 17
000770083 14
000770084 13
000770085 11
000770086 14
000770087 15
000770088 15
000770089 21
000770090 22
000770091 15
000770092 35
000770093 16
000770094 13
000770095 14
000770096 14
000770097 13
000770098 19
000770101 15
000770102 26
000770103 5
000770104 14
000770105 10
000770106 28
000770107 7
000770108 17
000770109 14
000770111 14
000770112 19
000770113 16
000770114 23
000770115 30
000770116 29
000770117 17
000770118 9
000770119 17
000770120 21
000770121 14
000770122 21
000770123 19
000770125 20
000770126 15
000770127 19
000770128 7
000770129 17
000770130 23
000770131 16
000770132 14
000770133 8
000770134 18
000770135 22
000770136 36
000770137 11
000770138 19
000770140 6
000770141 22
000770142 5
000770143 38
000770144 14
000770145 31
000770146 40
000770147 23
000770148 24
000770149 27
000770150 22
000770152 20
000770153 5
000770154 35
000770155 24
000770156 32
000770157 16
000770158 26
000770159 12
000770160 16
000770161 23
000770162 16
000770163 12
000770165 25
000770166 18
000770167 21
000770168 23
000770169 23
000770170 18
000770171 20
000770172 30
000770173 6
000770174 18
000770176 14
000770177 11
000770178 27
000770179 15
000770180 24
000770181 5
000770182 17
000770183 17
000770184 22
000770185 12
000770186 18
000770187 25
000770188 30
000770189 32
000770190 9
000770191 21
000770192 19
000770193 6
000770194 17
000770195 22
000770196 17
000770197 22
000770198 7
000770199 19
000770200 21
000770201 21
000770202 7
000770204 20
000770205 17
000770206 13
000770207 10
000770209 16
000770210 25
000770211 26
000770212 14
000770213 20
000770214 12
000770215 16
000770216 24
000770217 21
000770218 19
000770219 33
000770220 14
000770221 10
000770222 5
000770223 26
000770224 37
000770225 10
000770226 26
000770227 18
000770229 22
000770230 15
000770231 32
000770232 25
000770233 24
000770234 23
000770235 4
000770236 19
000770237 16
000770238 11
000770240 27
000770241 23
000770242 15
000770243 32
000770244 9
000770245 16
000770246 19
000770247 10
000770248 25
000770249 23
000770251 26
000770252 22
000770254 23
000770255 17
000770256 19
000770257 24
000770258 30
000770259 18
000770261 22
000770262 9
000770263 16
000770264 20
000770265 26
000770266 8
000770267 28
000770268 18
000770271 18
000770272 14
000770273 25
000770274 29
000770276 18
000770277 8
000770278 20
000770279 6
000770281 22
000770282 6
000770283 22
000770284 14
000770286 17
000770287 14
000770288 12
000770290 21
000770291 20
000770292 14
000770293 15
000770294 20
000770295 14
000770296 15
000770297 8
000770298 27
000770299 12
000770300 22
000770301 22
000770302 8
000770303 21
000770304 17
000770305 17
000770306 14
000770307 25
000770308 11
000770309 29
000770310 18
000770311 13
000770312 7
000770313 7
000770314 11
000770315 28
000770316 42
000770317 25
000770318 29
000770319 19
000770320 19
000770321 17
000770323 17
000770324 24
000770325 9
000770326 30
000770327 26
000770328 16
000770329 12
000770330 14
000770331 41
000770332 28
000770333 8
000770334 10
000770335 25
000770336 30
000770337 24
000770338 14
000770340 25
000770341 15
000770342 15
000770343 23
000770344 13
000770345 17
000770346 19
000770347 34
000770348 24
000770349 27
000770350 22
000770351 23
000770352 13
000770354 11
000770355 9
000770356 8
000770357 18
000770358 20
000770359 7
000770360 15
000770361 24
000770362 21
000770363 15
000770364 10
000770365 14
000770366 22
000770367 15
000770368 14
000770369 6
000770370 28
000770371 17
000770372 11
000770373 8
000770374 18
000770376 34
000770377 10
000770378 8
000770379 8
000770380 15
000770382 24
000770383 9
000770384 37
000770385 16
000770386 7
000770387 41
000770388 10
000770390 17
000770391 17
000770393 21
000770394 13
000770396 25
000770397 25
000770398 5
000770399 13
000770400 5
000771401 13
000771402 18
000771403 12
000771404 21
000771405 13
000771406 15
000771407 17
000771408 16
000771409 10
000771410 19
000771411 19
000771412 21
000771413 5
000771414 18
000771415 11
000771416 13
000771417 24
000771418 12
000771419 13
000771420 12
000771421 8
000771422 13
000771423 11
000771424 14
000771425 9
000771426 12
000771427 22
000771428 10
000771429 15
000771430 17
000771431 14
000771432 19
000771433 19
000771434 14
000771435 10
000771436 12
000771437 12
000771438 16
000771439 19
000771440 8
000771442 19
000771443 18
000771444 20
000771445 16
000771446 18
000771447 11
000771448 16
000771449 12
000771450 16
000771451 21
000771452 22
000771453 15
000771454 6
000771455 20
000771456 13
000771457 13
000771458 24
000771459 15
000771460 15
000771461 14
000771462 14
000771463 23
000771464 16
000771465 14
000771466 19
000771467 9
000771468 15
000771469 16
000771470 18
000771471 14
000771472 20
000771473 12
000771474 8
000771475 20
000771476 14
000771477 14
000771478 14
000771479 17
000771480 33
000771481 12
000771482 14
000771483 13
000771484 15
000771485 10
000771486 8
000771487 18
000771488 12
000771489 25
000771490 13
000771491 15
000771492 16
000771493 12
000771494 13
000771495 13
000771496 21
000771497 15
000771498 15
000771499 14
000771500 18
000771501 7
000771502 15
000771503 9
000771504 20
000771505 29
000771506 26
000771507 24
000771508 11
000771509 18
000771510 14
000771511 22
000771512 35
000771513 23
000771514 20
000771515 12
000771516 24
000771517 33
000771518 12
000771519 8
000771520 11
000771522 8
000771523 14
000771524 19
000771525 17
000771526 36
000771527 17
000771528 23
000771529 29
000771530 12
000771531 35
000771532 12
000771533 12
000771534 22
000771535 11
000771536 8
000771537 13
000771538 20
000771539 18
000771540 14
000771541 26
000771542 39
000771543 27
000771544 36
000771545 18
000771546 25
000771547 31
000771548 22
000771549 12
000771550 20
000771551 28
000771552 10
000771553 22
000771554 22
000771555 25
000771556 5
000771557 10
000771558 7
000771559 15
000771560 16
000771561 15
000771562 27
000771563 26
000771564 10
000771565 22
000771566 14
000771567 26
000771568 15
000771569 14
000771570 23
000771571 11
000771572 16
000771573 28
000771574 14
000771575 24
000771576 31
000771577 22
000771578 23
000771579 14
000771580 16
000771581 20
000771582 28
000771583 17
000771584 12
000780001 10
000780002 41
000780003 16
000780004 33
000780005 35
000780006 21
000780007 26
000780008 24
000780010 27
000780011 20
000780012 41
000780014 37
000780016 46
000780017 18
000780018 25
000780019 41
000780020 23
000780021 7
000780022 11
000780023 14
000780024 12
000780025 20
000780026 8
000780027 12
000780028 8
000780029 11
000780030 15
000780031 15
000780032 19
000780033 20
000780034 19
000780035 7
000780036 8
000780037 19
000780038 10
000780039 11
000780040 14
000780043 14
000780044 10
000780045 6
000780046 9
000780047 10
000780048 15
000780049 7
000780050 14
000780051 17
000780052 17
000780054 7
000780055 12
000780056 13
000780057 16
000780058 14
000780059 9
000780060 14
000780061 17
000780062 11
000780063 20
000780064 13
000780065 18
000780066 14
000780067 11
000780068 13
000780069 26
000780070 19
000780071 14
000780072 12
000780073 15
000780074 14
000780075 13
000780076 17
000780077 7
000780078 20
000780079 14
000780081 13
000780082 17
000780083 14
000780084 13
000780085 10
000780087 15
000780088 15
000780089 21
000780090 22
000780091 14
000780092 35
000780093 16
000780095 14
000780096 15
000780099 17
000780100 14
000780102 14
000780103 25
000780104 24
000780105 14
000780106 28
000780107 33
000780108 14
000780109 14
000780110 28
000780111 18
000780112 13
000780113 20
000780114 18
000780115 21
000780116 6
000780117 14
000780118 10
000780119 15
000780120 26
000780121 12
000780122 9
000780123 14
000780124 25
000780125 23
000780126 20
000780127 31
000780128 8
000780129 21
000780130 21
000780131 25
000780132 19
000780133 12
000780134 16
000780135 23
000780136 13
000780137 12
000780138 18
000780139 41
000780140 17
000780141 13
000780142 6
000780143 29
000780144 28
000780145 9
000780146 21
000780147 22
000780148 24
000780149 37
000780150 27
000780151 22
000780152 14
000780153 21
000780154 23
000780155 7
000780156 31
000780157 17
000780158 14
000780159 36
000780160 15
000780162 23
000780163 14
000780164 26
000780165 13
000780166 20
000780167 19
000780168 18
000780169 41
000780170 37
000780171 23
000780172 26
000780173 23
000780174 30
000780175 22
000780176 16
000780177 37
000780178 28
000780179 23
000780181 8
000780182 24
000780183 24
000780184 20
000780185 12
000780186 5
000780187 7
000780188 20
000780189 35
000780190 30
000780192 20
000780193 23
000780194 21
000780195 13
000780196 26
000780197 7
000780198 13
000780199 19
000780200 29
000780201 23
000780202 10
000780203 21
000780204 34
000780205 14
000780206 12
000780207 35
000780208 12
000780209 12
000780210 7
000780211 24
000780212 14
000780213 25
000780214 30
000780215 36
000780216 10
000780217 7
000780219 14
000780221 10
000780222 26
000780224 31
000780225 8
000780227 25
000780229 15
000780230 37
000780231 15
000780232 6
000780233 27
000780234 22
000780236 22
000780237 11
000780239 16
000780240 28
000780241 13
000780242 20
000780243 18
000780244 22
000780245 12
000780246 29
000780247 20
000780248 11
000780249 18
000780250 26
000780251 18
000780252 8
000780254 12
000780255 19
000780256 24
000780257 21
000780258 14
000780259 10
000780260 21
000780261 9
000780262 17
000780263 19
000780264 36
000780265 24
000780266 9
000780268 13
000780269 21
000780270 27
000780271 9
000780272 11
000780273 27
000780274 14
000780275 24
000780276 25
000780277 12
000780278 20
000780279 12
000780280 26
000780281 16
000780282 28
000780283 17
000780284 29
000780285 13
000780286 38
000780287 13
000780288 29
000780289 24
000780290 13
000780291 11
000780292 20
000780293 14
000780294 16
000780295 23
000780296 15
000780298 24
000780299 38
000780300 17
000780301 27
000780303 37
000780305 17
000780306 31
000780307 22
000780308 25
000780309 31
000780310 23
000780311 25
000780312 29
000780313 13
000780314 29
000780315 17
000780316 21
000780317 13
000780318 33
000780319 19
000780320 24
000780321 28
000780322 35
000780324 21
000780325 19
000780326 14
000780327 9
000780328 30
000780329 10
000780330 16
000780331 17
000780332 7
000780333 28
000780334 12
000780335 10
000780336 12
000780337 15
000780338 16
000780339 29
000780340 17
000780341 19
000780342 17
000780343 16
000780344 28
000780345 21
000780347 26
000780349 12
000780350 29
000780351 13
000780352 24
000780353 25
000780355 33
000780356 37
000780357 26
000780359 18
000780360 22
000780361 18
000780362 23
000780363 11
000780364 9
000780365 15
000780366 25
000780367 6
000780368 12
000780369 15
000780370 8
000780371 26
000780372 16
000780373 13
000780374 23
000780375 15
000780378 13
000780379 9
000780380 16
000780381 8
000780382 22
000780383 14
000780384 11
000780385 23
000780386 21
000780387 17
000780388 28
000780389 21
000780390 29
000780391 25
000780392 18
000780393 20
000780394 12
000780395 17
000780398 17
000780399 13
000780400 18
000781401 11
000781402 17
000781403 13
000781404 16
000781405 12
000781406 14
000781407 16
000781408 16
000781409 10
000781410 16
000781411 18
000781412 20
000781413 6
000781414 18
000781415 11
000781416 13
000781417 22
000781418 12
000781419 16
000781421 8
000781422 13
000781423 10
000781424 15
000781425 9
000781426 11
000781427 22
000781428 10
000781429 15
000781430 17
000781432 20
000781433 20
000781434 14
000781435 10
000781436 12
000781437 11
000781438 16
000781440 8
000781441 16
000781442 25
000781443 16
000781444 19
000781445 14
000781446 22
000781447 11
000781448 16
000781449 12
000781450 16
000781451 21
000781453 13
000781454 6
000781456 20
000781457 13
000781458 20
000781459 15
000781460 15
000781461 16
000781463 19
000781464 11
000781465 13
000781466 15
000781467 9
000781468 15
000781469 18
000781470 15
000781471 15
000781472 20
000781473 12
000781474 8
000781475 19
000781476 13
000781477 14
000781479 15
000781480 31
000781482 14
000781483 16
000781484 15
000781485 9
000781486 8
000781487 17
000781488 15
000781489 25
000781490 13
000781491 14
000781493 11
000781494 13
000781495 12
000781496 21
000781497 15
000781498 15
000781499 14
000781500 17
000781501 14
000781502 20
000781503 10
000781504 20
000781505 20
000781507 5
000781508 20
000781509 33
000781510 14
000781511 14
000781512 19
000781513 19
000781514 9
000781515 14
000781516 21
000781517 16
000781518 21
000781520 15
000781521 35
000781522 15
000781523 18
000781524 12
000781525 12
000781526 14
000781527 20
000781528 20
000781530 34
000781531 22
000781532 6
000781533 18
000781534 16
000781535 28
000781536 27
000781537 29
000781538 25
000781539 17
000781540 33
000781541 45
000781542 21
000781543 24
000781544 17
000781545 17
000781546 19
000781547 24
000781548 14
000781549 23
000781550 13
000781551 10
000781552 29
000781553 36
000781554 44
000781555 14
000781556 26
000781557 31
000781558 18
000781559 18
000781560 12
000781561 22
000781562 9
000781564 17
000781566 19
000781567 23
000781568 31
000781569 20
000781570 11
000781571 10
000781572 4
000781573 37
000781574 26
000781575 26
000781576 25
000781577 19
000781578 37
000781579 11
000781580 33
000781581 28
000781584 33
000781585 18
000781586 17
000781587 21
000781588 29
000781589 10
000781590 14
000781591 21
000781593 9
000781594 16
000781595 25
000781596 22
000781597 17
000781598 32
000781599 10
000781600 30
000781601 7
000781602 14
000781603 34
000781604 17
000781605 22
000781606 18
000781607 29
000781608 16
000781609 20
000781610 15
000781611 9
000781612 25
000781613 29
000781614 12
000781615 20
000781616 12
000781617 11
000781619 10
000781620 27
000781621 21
000781622 14
000781623 22
000781625 27
000781626 22
000781627 37
000781628 25
000781629 15
000781630 18
000781632 20
000781634 35
000781635 28
000781636 14
000781637 15
000781638 20
000781639 19
000781640 21
000781641 44
000781642 17
000781644 28
000781646 29
000781647 27
000781648 14
000781649 13
000781650 37
000781651 26
000781652 19
000781653 22
000781654 21
000781655 11
000781656 15
000781657 14
000781658 18
000781659 25
000781660 7
000781661 27
000781662 15
000781663 30
000781664 22
000781665 26
000781666 17
000781667 27
000781668 12
000781670 24
000781671 12
000781672 20
000781673 23
000781675 19
000781676 20
000781677 24
000781678 10
000781679 10
000781680 26
000781681 11
000781682 15
000781683 14
000781684 22
000781685 25
000781686 14
000781687 10
000781688 20
000781690 11
000781691 24
000781692 24
000781693 22
000781694 17
000781695 23
000781696 33
000781697 34
000781699 21
000781700 22
000781701 21
000781702 15
000781704 10
000781705 14
000781706 32
000781707 13
000781708 23
000781709 15
000781710 23
000781711 20
000781712 6
000781713 22
000781714 27
000781715 44
000781716 15
000781717 22
000781718 26
000781719 24
000781720 26
000781721 11
000781723 18
000781724 17
000781725 24
000781726 21
000781727 14
000781728 10
000781730 10
000781731 19
000781732 26
000781733 27
000781734 10
000781735 15
000781736 24
000781737 31
000781738 17
000781739 23
000781740 17
000781741 24
000781742 11
000781743 31
000781744 13
000781745 30
000781746 16
000781747 17
000781748 45
000781750 28
000781751 28
000781752 11
000781754 29
000781755 11
000781756 18
000781757 37
000781758 20
000781759 31
000781760 21
000781761 21
000781762 22
000781763 14
000781764 21
000781765 13
000781766 14
000781767 26
000781768 11
000781769 12
000781770 19
000781771 21
000781772 26
000781773 20
000781774 6
000781775 12
000781776 20
000781777 8
000781778 12
000781779 10
000781780 21
000781781 14
000781782 22
000781783 16
000781785 7
000781787 24
000781788 10
000781789 16
000781790 22
000781791 20
000781792 18
000781793 20
000781794 14
000781796 26
000781797 11
000781798 19
000781799 14
000781800 14
000790001 10
000790002 41
000790003 17
000790004 33
000790005 35
000790006 21
000790007 31
000790008 24
000790009 14
000790010 27
000790011 20
000790012 34
000790013 20
000790014 37
000790015 27
000790016 46
000790017 18
000790018 25
000790019 42
000790020 24
000790021 7
000790022 11
000790023 14
000790024 12
000790025 20
000790026 8
000790027 12
000790028 9
000790029 11
000790030 14
000790031 14
000790032 19
000790033 20
000790034 23
000790036 8
000790037 17
000790038 9
000790039 11
000790040 16
000790041 4
000790042 4
000790043 14
000790044 10
000790045 8
000790046 11
000790047 9
000790048 15
000790049 9
000790050 14
000790052 17
000790053 8
000790054 7
000790055 12
000790056 12
000790057 16
000790058 14
000790059 9
000790060 14
000790061 17
000790062 11
000790063 21
000790064 13
000790067 11
000790068 14
000790069 20
000790070 19
000790071 14
000790072 12
000790073 15
000790074 14
000790075 13
000790076 17
000790078 20
000790079 14
000790080 10
000790081 13
000790082 18
000790083 14
000790084 13
000790085 11
000790086 14
000790087 15
000790088 18
000790089 21
000790090 22
000790091 14
000790092 35
000790093 16
000790094 13
000790095 14
000790096 14
000790097 13
000790098 23
000790099 17
000790100 17
000790101 13
000790102 9
000790103 35
000790104 7
000790105 12
000790106 22
000790107 21
000790108 15
000790109 36
000790110 19
000790112 5
000790113 9
000790114 15
000790115 6
000790116 10
000790119 28
000790120 14
000790121 15
000790122 27
000790123 12
000790124 8
000790125 21
000790126 21
000790127 25
000790128 21
000790129 10
000790130 29
000790131 7
000790132 18
000790133 22
000790134 42
000790137 15
000790138 12
000790139 16
000790140 7
000790141 14
000790142 9
000790143 25
000790145 22
000790146 9
000790147 24
000790148 26
000790149 8
000790150 29
000790151 15
000790152 21
000790153 13
000790155 17
000790156 20
000790157 16
000790158 13
000790159 12
000790160 28
000790161 19
000790162 35
000790163 22
000790164 21
000790165 22
000790166 21
000790167 20
000790168 26
000790169 19
000790170 33
000790171 26
000790172 20
000790173 25
000790174 15
000790176 19
000790177 18
000790178 18
000790179 24
000790180 16
000790181 8
000790182 10
000790183 24
000790184 29
000790185 33
000790186 27
000790187 10
000790188 21
000790189 7
000790190 20
000790191 26
000790192 26
000790193 22
000790194 29
000790195 5
000790196 22
000790197 26
000790198 5
000790199 19
000790200 9
000790201 16
000790202 20
000790204 27
000790205 28
000790206 12
000790207 16
000790208 34
000790209 12
000790210 17
000790211 25
000790212 26
000790213 21
000790214 34
000790215 10
000790216 20
000790217 12
000790218 17
000790219 10
000790220 14
000790221 11
000790222 34
000790223 27
000790224 24
000790225 24
000790226 27
000790227 15
000790228 10
000790229 12
000790230 10
000790231 24
000790232 26
000790233 17
000790234 18
000790235 12
000790236 16
000790237 19
000790238 21
000790241 21
000790242 29
000790243 20
000790245 13
000790246 18
000790247 20
000790248 35
000790249 11
000790250 10
000790251 30
000790252 11
000790253 23
000790254 8
000790255 24
000790256 32
000790257 23
000790258 19
000790259 13
000790260 23
000790261 6
000790263 14
000790264 18
000790265 11
000790266 12
000790267 18
000790268 26
000790270 21
000790271 5
000790272 8
000790273 8
000790274 24
000790275 9
000790276 17
000790277 5
000790278 15
000790279 14
000790280 32
000790282 22
000790283 19
000790285 20
000790286 33
000790288 37
000790289 11
000790290 13
000790291 32
000790293 21
000790294 9
000790295 30
000790296 12
000790297 33
000790298 24
000790299 30
000790300 16
000790301 16
000790302 22
000790303 17
000790304 21
000790306 34
000790307 31
000790308 27
000790309 9
000790310 31
000790311 7
000790312 29
000790313 24
000790314 14
000790315 17
000790316 36
000790317 22
000790318 16
000790319 19
000790320 26
000790321 5
000790322 19
000790323 30
000790324 39
000790325 16
000790326 26
000790327 13
000790328 14
000790329 31
000790330 48
000790331 8
000790332 11
000790333 6
000790334 19
000790335 17
000790336 12
000790337 5
000790338 23
000790339 31
000790340 26
000790341 20
000790342 27
000790343 9
000790344 19
000790345 31
000790346 5
000790347 20
000790348 10
000790349 33
000790350 15
000790351 9
000790352 29
000790353 16
000790354 23
000790355 36
000790356 33
000790357 18
000790358 16
000790359 13
000790360 11
000790361 20
000790362 5
000790363 18
000790364 24
000790365 18
000790366 17
000790367 15
000790368 14
000790369 12
000790370 22
000790371 8
000790372 8
000790373 29
000790374 18
000790375 21
000790376 21
000790377 21
000790378 15
000790379 29
000790380 24
000790381 33
000790382 12
000790383 25
000790384 16
000790385 29
000790386 22
000790387 22
000790388 21
000790389 13
000790390 13
000790391 30
000790392 5
000790393 36
000790394 23
000790395 6
000790396 36
000790397 14
000790398 15
000790399 30
000790400 9
000791401 12
000791402 18
000791403 13
000791404 21
000791405 13
000791406 15
000791407 17
000791408 16
000791409 10
000791410 19
000791411 19
000791412 21
000791413 6
000791414 19
000791415 13
000791416 14
000791418 12
000791419 16
000791420 14
000791421 8
000791422 13
000791423 10
000791424 15
000791425 9
000791426 10
000791427 24
000791428 10
000791429 15
000791430 17
000791431 14
000791432 23
000791433 19
000791434 14
000791435 10
000791436 12
000791437 12
000791438 17
000791439 19
000791440 8
000791441 16
000791442 20
000791443 17
000791445 15
000791446 21
000791447 11
000791448 16
000791449 12
000791450 15
000791451 21
000791452 25
000791453 15
000791454 6
000791455 20
000791456 20
000791457 12
000791458 22
000791459 15
000791460 17
000791461 16
000791463 23
000791464 17
000791465 13
000791466 19
000791467 9
000791468 20
000791469 19
000791470 18
000791471 14
000791472 20
000791473 12
000791474 8
000791475 20
000791476 13
000791477 13
000791478 14
000791479 17
000791480 33
000791482 14
000791483 17
000791484 15
000791485 12
000791487 18
000791488 18
000791489 18
000791490 13
000791491 15
000791492 16
000791493 11
000791494 13
000791495 19
000791496 21
000791497 15
000791498 14
000791499 14
000791500 18
000791501 18
000791502 18
000791503 20
000791504 31
000791505 19
000791507 15
000791508 26
000791510 17
000791511 33
000791512 15
000791513 33
000791514 17
000791516 22
000791517 20
000791518 18
000791519 27
000791520 24
000791521 24
000791522 19
000791523 18
000791524 23
000791525 21
000791526 12
000791527 14
000791528 14
000791529 25
000791530 27
000791532 16
000791533 17
000791534 10
000791535 8
000791536 11
000791537 15
000791538 36
000791539 13
000791540 24
000791541 10
000791542 17
000791543 21
000791544 8
000791545 18
000791546 34
000791547 16
000791548 6
000791549 7
000791550 21
000791551 33
000791552 5
000791553 17
000791554 26
000791555 37
000791556 8
000791557 10
000791559 18
000791560 39
000791561 11
000791562 14
000791563 25
000791564 26
000791565 20
000791566 7
000791567 24
000791568 27
000791569 26
000791570 19
000791571 12
000791572 21
000791573 23
000791574 24
000791575 25
000791576 19
000791577 29
000791578 21
000791579 17
000791580 20
000791581 22
000791582 6
000791583 10
000791584 15
000791585 29
000791586 21
000791587 21
000791589 8
000791590 20
000791591 27
000791592 34
000791593 28
000791594 21
000791595 21
000791597 19
000791598 9
000791599 11
000791600 8
000791601 23
000791602 24
000791603 22
000791604 25
000791605 29
000791606 23
000791607 38
000791608 14
000791609 22
000791610 25
000791612 32
000791613 10
000791614 22
000791615 17
000791616 11
000791617 21
000791618 13
000791619 35
000791620 12
000791621 13
000791622 37
000791623 16
000791624 15
000791625 27
000791626 24
000791627 25
000791628 25
000791629 44
000791631 23
000791632 18
000791633 17
000791634 28
000791635 18
000791636 20
000791637 15
000791638 20
000791639 15
000791640 13
000791641 21
000791642 17
000791643 17
000791644 8
000791645 27
000791646 16
000791647 29
000791648 24
000791649 26
000791650 48
000791651 16
000791652 27
000791653 18
000791654 11
000791655 9
000791656 22
000791657 10
000791658 22
000791659 9
000791660 7
000791661 12
000791662 10
000791663 18
000791664 12
000791665 28
000791666 7
000791667 26
000791668 6
000791669 18
000791670 20
000791671 17
000791672 14
000791673 11
000791674 9
000791675 6
000791676 10
000791677 18
000791678 8
000791679 17
000791680 15
000791682 24
000791683 20
000791684 28
000791685 18
000791687 33
000791688 24
000791689 6
000791690 11
000791691 19
000791692 9
000791693 33
000791694 14
000791695 28
000791696 27
000791697 33
000791698 17
000791699 27
000791700 21
000791701 32
000791702 37
000791703 20
000791704 12
000791705 15
000791706 31
000791707 7
000791708 26
000791709 17
000791710 23
000791711 19
000791712 8
000791713 24
000791714 35
000791715 23
000791716 13
000791717 28
000791718 16
000791719 23
000791720 24
000791721 11
000791722 20
000791723 13
000791724 12
000791725 27
000791726 21
000791727 12
000791728 28
000791729 6
000791730 31
000791731 16
000791732 21
000791733 30
000791734 15
000791735 14
000791736 18
000791737 8
000791738 12
000791739 25
000791740 29
000791741 10
000791742 32
000791743 25
000791744 14
000791746 31
000791747 29
000791748 21
000791749 18
000791750 9
000791751 16
000791753 25
000791754 23
000791755 25
000791756 9
000791757 20
000791758 30
000791759 39
000791760 19
000791761 11
000791762 12
000791763 31
000791764 16
000791765 8
000791766 19
000791767 14
000791768 6
000791769 24
000791770 11
000791771 20
000791772 14
000791774 18
000791775 21
000791776 14
000791777 22
000791778 18
000791779 22
000791780 19
000791781 21
000791782 21
000791784 23
000791785 16
000791786 26
000791787 10
000791788 13
000791789 40
000791790 10
000791791 33
000791792 20
000791793 14
000791794 38
000791795 5
000791796 17
000791797 20
000791798 33
000791799 33
000791800 23
000800002 41
000800003 16
000800004 33
000800005 35
000800006 21
000800007 30
000800008 24
000800009 14
000800010 27
000800011 20
000800012 34
000800013 20
000800014 37
000800015 28
000800016 46
000800017 18
000800018 25
000800019 41
000800020 23
000800021 7
000800022 11
000800023 14
000800024 12
000800025 20
000800026 8
000800027 9
000800028 8
000800029 11
000800030 14
000800031 15
000800032 19
000800033 21
000800034 20
000800035 7
000800036 8
000800037 17
000800038 10
000800039 11
000800040 14
000800041 5
000800042 4
000800043 14
000800044 10
000800045 6
000800046 9
000800047 10
000800048 15
000800049 7
000800050 14
000800051 11
000800052 15
000800053 8
000800054 7
000800055 12
000800056 13
000800057 16
000800058 14
000800059 9
000800060 14
000800061 17
000800062 11
000800063 20
000800064 13
000800065 18
000800066 8
000800067 11
000800068 13
000800069 20
000800070 19
000800071 14
000800072 12
000800073 14
000800074 14
000800075 13
000800076 19
000800077 7
000800078 20
000800079 14
000800080 10
000800081 13
000800082 17
000800083 14
000800084 13
000800085 11
000800086 14
000800087 15
000800088 15
000800089 21
000800090 22
000800091 15
000800092 35
000800093 16
000800094 13
000800095 14
000800096 14
000800097 13
000800098 19
000800099 17
000800100 16
000800101 24
000800102 32
000800103 16
000800104 22
000800105 15
000800106 21
000800107 7
000800108 9
000800109 12
000800110 15
000800111 17
000800112 21
000800113 19
000800114 14
000800115 26
000800116 28
000800117 23
000800118 25
000800119 8
000800120 15
000800121 23
000800122 17
000800123 29
000800124 7
000800125 9
000800126 23
000800127 16
000800128 19
000800129 14
000800131 19
000800132 22
000800133 24
000800134 26
000800135 16
000800138 13
000800139 12
000800140 12
000800141 17
000800142 31
000800143 23
000800144 9
000800145 15
000800146 12
000800147 15
000800148 23
000800149 15
000800150 12
000800151 31
000800152 10
000800153 30
000800154 34
000800155 7
000800156 13
000800157 18
000800158 15
000800159 27
000800160 12
000800161 15
000800162 15
000800163 26
000800165 27
000800166 26
000800167 8
000800168 26
000800169 20
000800170 14
000800171 18
000800172 17
000800173 19
000800174 8
000800175 24
000800176 5
000800177 10
000800178 14
000800179 11
000800180 23
000800181 20
000800182 6
000800183 13
000800184 19
000800185 30
000800186 11
000800187 28
000800188 19
000800189 14
000800190 23
000800191 14
000800192 8
000800193 38
000800194 17
000800195 43
000800196 17
000800197 9
000800198 11
000800199 33
000800200 24
000800201 30
000800202 28
000800203 25
000800204 9
000800205 33
000800206 25
000800207 16
000800208 25
000800209 22
000800210 29
000800211 18
000800212 19
000800213 25
000800214 25
000800215 10
000800216 31
000800217 10
000800218 16
000800219 19
000800220 17
000800221 21
000800223 13
000800224 18
000800226 18
000800227 18
000800228 20
000800229 24
000800230 20
000800231 22
000800232 28
000800233 16
000800234 39
000800236 17
000800238 24
000800239 28
000800240 15
000800241 9
000800242 26
000800243 22
000800244 18
000800245 15
000800246 7
000800247 16
000800249 30
000800250 24
000800251 27
000800252 30
000800253 28
000800255 17
000800256 12
000800257 17
000800259 17
000800261 22
000800262 20
000800264 17
000800265 25
000800267 17
000800268 16
000800269 23
000800271 9
000800272 20
000800273 28
000800274 16
000800276 19
000800277 17
000800278 17
000800279 14
000800280 27
000800281 22
000800282 28
000800283 10
000800284 14
000800285 20
000800286 15
000800287 9
000800288 18
000800289 21
000800290 7
000800291 24
000800292 20
000800293 35
000800294 26
000800295 25
000800296 11
000800297 26
000800298 28
000800299 5
000800300 21
000800301 13
000800302 14
000800303 11
000800304 24
000800305 17
000800306 29
000800307 17
000800308 11
000800309 22
000800310 40
000800311 15
000800312 9
000800313 17
000800314 7
000800315 16
000800316 19
000800317 20
000800318 19
000800319 36
000800320 19
000800321 13
000800323 14
000800324 21
000800325 16
000800326 28
000800327 17
000800328 10
000800329 13
000800330 16
000800331 13
000800332 14
000800333 24
000800334 33
000800335 19
000800336 12
000800337 29
000800338 24
000800339 24
000800340 16
000800341 37
000800342 39
000800343 20
000800344 24
000800345 16
000800346 9
000800347 9
000800348 33
000800349 19
000800350 16
000800351 24
000800352 17
000800353 37
000800354 48
000800355 23
000800356 26
000800357 19
000800358 23
000800359 23
000800360 30
000800361 28
000800362 10
000800363 20
000800364 24
000800365 20
000800366 17
000800367 15
000800368 8
000800369 30
000800370 14
000800371 9
000800373 24
000800375 26
000800376 12
000800377 21
000800378 10
000800380 18
000800381 24
000800382 12
000800383 27
000800384 16
000800385 15
000800386 16
000800387 23
000800388 9
000800389 29
000800390 24
000800391 17
000800392 27
000800393 17
000800394 30
000800395 15
000800396 18
000800397 34
000800398 17
000800399 17
000800400 34
000801401 12
000801402 18
000801403 13
000801404 21
000801405 13
000801406 14
000801407 17
000801408 16
000801409 10
000801411 19
000801412 21
000801413 6
000801414 19
000801415 15
000801416 13
000801417 27
000801418 12
000801419 16
000801422 13
000801423 10
000801424 15
000801425 16
000801426 12
000801427 22
000801428 10
000801429 15
000801430 17
000801431 14
000801432 20
000801433 19
000801434 14
000801435 10
000801436 12
000801438 16
000801439 19
000801440 8
000801441 17
000801443 17
000801444 19
000801445 15
000801447 11
000801448 16
000801449 12
000801450 16
000801451 21
000801452 25
000801453 15
000801454 6
000801456 20
000801457 13
000801458 23
000801459 15
000801460 15
000801461 16
000801462 14
000801463 21
000801464 15
000801465 13
000801466 19
000801467 9
000801468 15
000801469 19
000801470 18
000801471 14
000801473 12
000801474 8
000801475 20
000801476 13
000801477 13
000801478 14
000801479 17
000801480 33
000801481 12
000801482 14
000801485 11
000801487 18
000801488 15
000801489 25
000801490 13
000801491 15
000801492 16
000801493 11
000801494 13
000801495 12
000801496 21
000801497 15
000801498 15
000801499 14
000801500 18
000801501 31
000801502 23
000801503 18
000801504 10
000801505 35
000801506 11
000801507 18
000801508 13
000801509 19
000801510 15
000801511 17
000801512 24
000801513 24
000801514 49
000801515 26
000801516 12
000801517 11
000801518 25
000801520 27
000801521 6
000801522 16
000801524 19
000801525 11
000801526 17
000801527 25
000801528 15
000801529 11
000801530 21
000801531 11
000801532 22
000801533 28
000801534 25
000801536 28
000801537 22
000801538 7
000801539 27
000801540 14
000801541 22
000801542 24
000801543 27
000801545 25
000801546 15
000801547 20
000801548 18
000801549 23
000801550 36
000801551 16
000801552 9
000801553 36
000801554 14
000801555 16
000801556 21
000801557 24
000801559 18
000801560 13
000801561 23
000801562 26
000801563 5
000801564 21
000801565 5
000801566 20
000801567 13
000801570 23
000801571 14
000801572 36
000801574 14
000801575 27
000801576 6
000801577 9
000801578 17
000801579 9
000801580 8
000801581 15
000801582 18
000801583 22
000801584 15
000801585 36
000801586 21
000801587 9
000801588 16
000801589 24
000801590 22
000801591 9
000801592 43
000801593 9
000801594 29
000801595 17
000801596 26
000801597 9
000801598 23
000801599 5
000801600 19
000801601 18
000801603 39
000801604 31
000801605 8
000801607 40
000801608 27
000801609 26
000801610 9
000801611 26
000801612 13
000801613 18
000801614 18
000801615 18
000801616 27
000801617 13
000801618 11
000801619 17
000801620 14
000801621 16
000801622 17
000801623 5
000801624 12
000801625 20
000801626 10
000801627 11
000801629 33
000801630 24
000801631 36
000801632 12
000801633 15
000801634 8
000801635 11
000801636 12
000801637 15
000801638 16
000801639 23
000801641 25
000801642 8
000801643 7
000801644 17
000801645 26
000801646 10
000801647 39
000801649 34
000801651 28
000801652 15
000801653 15
000801654 35
000801655 8
000801656 28
000801657 36
000801658 32
000801659 21
000801660 6
000801661 21
000801662 23
000801663 17
000801664 13
000801665 20
000801666 29
000801667 27
000801668 23
000801669 41
000801670 19
000801671 23
000801672 29
000801673 18
000801674 14
000801676 11
000801677 33
000801678 17
000801679 12
000801680 20
000801681 32
000801682 11
000801683 9
000801684 13
000801685 25
000801686 19
000801687 34
000801688 23
000801689 13
000801690 19
000801691 7
000801692 16
000801693 20
000801694 22
000801695 13
000801696 21
000801697 9
000801698 15
000801699 31
000801700 27
000801701 17
000801702 13
000801703 20
000801704 18
000801705 19
000801706 25
000801708 29
000801709 27
000801710 26
000801711 10
000801712 23
000801713 14
000801714 20
000801715 18
000801716 22
000801717 10
000801718 13
000801719 18
000801720 6
000801721 9
000801722 20
000801723 22
000801724 7
000801725 33
000801727 17
000801728 20
000801729 28
000801730 18
000801731 15
000801732 27
000801733 25
000801734 12
000801735 23
000801736 11
000801737 14
000801738 29
000801739 29
000801740 30
000801741 23
000801742 11
000801743 8
000801744 15
000801745 15
000801746 25
000801747 8
000801749 7
000801750 21
000801751 29
000801752 19
000801753 25
000801754 15
000801755 14
000801756 16
000801757 18
000801758 11
000801759 32
000801760 9
000801761 28
000801762 15
000801763 18
000801764 23
000801765 14
000801767 19
000801768 21
000801769 7
000801770 26
000801771 36
000801772 35
000801773 15
000801774 28
000801776 17
000801777 17
000801778 14
000801779 18
000801780 28
000801781 22
000801782 23
000801783 22
000801784 25
000801785 36
000801786 24
000801787 29
000801788 9
000801789 17
000801791 26
000801792 18
000801794 18
000801795 36
000801796 7
000801797 18
000801798 11
000801799 27
000801800 18
000810001 10
000810002 43
000810003 17
000810004 33
000810005 34
000810006 20
000810007 31
000810008 25
000810009 14
000810010 27
000810011 20
000810012 31
000810014 37
000810015 27
000810016 47
000810017 17
000810018 24
000810019 42
000810020 23
000810021 7
000810022 11
000810023 14
000810024 12
000810025 20
000810026 8
000810027 12
000810028 8
000810029 11
000810030 14
000810031 15
000810032 19
000810033 20
000810034 19
000810036 8
000810037 17
000810038 10
000810039 11
000810040 14
000810041 4
000810042 4
000810043 14
000810044 10
000810045 6
000810046 9
000810047 9
000810048 15
000810049 7
000810050 14
000810051 11
000810052 16
000810053 8
000810054 7
000810055 12
000810056 13
000810057 16
000810058 14
000810059 9
000810060 14
000810061 17
000810062 11
000810063 20
000810064 12
000810065 18
000810066 8
000810067 11
000810068 13
000810069 20
000810070 18
000810071 14
000810072 12
000810073 15
000810074 14
000810075 13
000810076 18
000810077 7
000810078 20
000810079 14
000810080 10
000810081 13
000810082 17
000810083 12
000810084 13
000810085 10
000810086 14
000810087 15
000810088 15
000810089 21
000810090 22
000810091 15
000810092 35
000810093 16
000810094 13
000810095 13
000810096 14
000810097 13
000810098 19
000810099 17
000810100 17
000810101 13
000810102 25
000810103 33
000810104 23
000810105 25
000810106 10
000810107 22
000810108 13
000810109 21
000810110 20
000810111 9
000810112 13
000810113 19
000810114 25
000810115 34
000810116 22
000810117 17
000810118 10
000810119 9
000810120 10
000810121 18
000810122 18
000810123 10
000810124 23
000810125 25
000810126 17
000810127 15
000810128 26
000810129 19
000810130 26
000810131 19
000810132 24
000810133 21
000810134 16
000810135 17
000810136 14
000810137 13
000810138 13
000810139 26
000810140 28
000810141 16
000810143 23
000810144 6
000810145 22
000810146 9
000810147 31
000810148 20
000810149 17
000810150 26
000810151 9
000810152 18
000810153 17
000810154 16
000810155 25
000810156 17
000810157 16
000810158 10
000810159 23
000810160 17
000810161 21
000810162 39
000810163 34
000810164 12
000810165 25
000810166 31
000810167 14
000810168 18
000810169 10
000810171 8
000810172 42
000810173 26
000810174 15
000810175 27
000810176 18
000810177 16
000810178 9
000810179 5
000810180 22
000810181 19
000810182 11
000810183 9
000810185 26
000810186 29
000810188 23
000810192 22
000810193 20
000810195 32
000810197 23
000810202 25
000810203 16
000810206 10
000810208 21
000810209 23
000810216 34
000810218 14
000810220 18
000810221 15
000810222 18
000810223 27
000810224 21
000810225 27
000810226 14
000810227 31
000810228 24
000810229 23
000810230 28
000810231 26
000810232 25
000810233 21
000810234 36
000810235 42
000810236 17
000810237 21
000810238 13
000810239 11
000810240 24
000810241 22
000810242 12
000810243 23
000810244 26
000810245 21
000810246 27
000810247 31
000810248 11
000810249 34
000810250 7
000810251 13
000810252 23
000810253 7
000810254 17
000810255 4
000810256 35
000810257 18
000810258 26
000810259 9
000810260 17
000810261 21
000810262 11
000810263 21
000810264 19
000810265 33
000810266 22
000810267 14
000810268 9
000810269 7
000810270 19
000810271 12
000810272 16
000810273 34
000810274 10
000810275 20
000810276 15
000810277 9
000810278 16
000810279 33
000810280 16
000810281 30
000810282 20
000810283 10
000810284 33
000810285 6
000810286 22
000810287 24
000810288 30
000810289 17
000810290 33
000810291 12
000810292 25
000810293 13
000810294 7
000810295 9
000810296 22
000810297 19
000810298 30
000810299 9
000810300 33
000810301 33
000810303 22
000810304 16
000810305 17
000810306 24
000810307 11
000810308 26
000810309 15
000810310 37
000810311 12
000810312 10
000810313 21
000810314 31
000810315 24
000810316 25
000810317 24
000810318 21
000810319 10
000810320 31
000810321 26
000810322 17
000810323 23
000810324 18
000810325 6
000810326 27
000810327 14
000810328 21
000810329 15
000810330 20
000810331 24
000810332 11
000810333 20
000810334 10
000810335 16
000810336 21
000810337 15
000810338 31
000810339 10
000810340 24
000810341 14
000810342 18
000810343 10
000810344 12
000810345 23
000810346 27
000810347 22
000810348 21
000810349 18
000810350 12
000810351 23
000810352 27
000810353 17
000810354 21
000810355 27
000810356 17
000810357 8
000810358 17
000810359 20
000810360 23
000810361 11
000810362 22
000810363 20
000810364 22
000810365 12
000810366 15
000810367 24
000810368 32
000810369 13
000810370 11
000810371 22
000810372 15
000810373 26
000810374 29
000810375 9
000810376 9
000810377 10
000810378 17
000810379 8
000810380 34
000810381 28
000810382 12
000810384 17
000810385 18
000810386 17
000810387 26
000810388 29
000810389 19
000810390 13
000810391 25
000810392 28
000810393 8
000810394 7
000810395 16
000810396 15
000810397 27
000810398 9
000810399 18
000810400 24
000811401 12
000811402 18
000811403 13
000811404 21
000811405 13
000811406 15
000811407 17
000811408 16
000811409 10
000811410 18
000811411 21
000811412 21
000811413 6
000811414 19
000811415 11
000811416 13
000811417 27
000811418 12
000811419 16
000811420 14
000811422 13
000811423 10
000811424 15
000811425 10
000811426 12
000811427 22
000811428 10
000811429 15
000811430 17
000811431 14
000811432 20
000811433 19
000811434 14
000811435 10
000811436 12
000811438 15
000811439 18
000811440 8
000811441 17
000811442 20
000811443 17
000811444 19
000811445 15
000811446 21
000811447 11
000811448 16
000811449 12
000811450 16
000811451 23
000811452 25
000811453 14
000811454 6
000811456 20
000811457 14
000811458 23
000811459 15
000811460 15
000811461 16
000811462 14
000811463 21
000811464 16
000811465 13
000811466 19
000811467 9
000811468 15
000811469 19
000811470 18
000811471 14
000811472 20
000811473 12
000811474 8
000811475 20
000811476 13
000811477 13
000811478 14
000811479 17
000811480 33
000811481 12
000811482 14
000811483 17
000811484 15
000811485 10
000811486 8
000811487 18
000811488 15
000811489 25
000811490 13
000811491 15
000811492 15
000811493 11
000811494 13
000811495 12
000811496 21
000811497 15
000811498 15
000811499 14
000811500 18
000811501 28
000811502 20
000811503 22
000811504 24
000811505 20
000811507 16
000811508 15
000811509 33
000811510 14
000811511 16
000811512 10
000811513 13
000811514 23
000811515 28
000811516 24
000811517 14
000811518 23
000811519 6
000811520 16
000811521 13
000811522 26
000811523 11
000811524 22
000811525 17
000811526 35
000811527 9
000811528 7
000811529 42
000811530 5
000811531 13
000811532 30
000811533 12
000811534 21
000811535 24
000811536 12
000811537 21
000811538 18
000811540 10
000811541 5
000811542 25
000811543 32
000811544 36
000811545 16
000811546 11
000811547 12
000811548 12
000811549 28
000811550 26
000811551 16
000811552 27
000811553 16
000811554 10
000811555 20
000811556 7
000811557 16
000811558 13
000811559 9
000811560 14
000811561 16
000811562 12
000811563 15
000811564 60
000811565 10
000811566 20
000811567 25
000811568 13
000811569 15
000811570 6
000811571 21
000811572 11
000811573 5
000811574 11
000811575 10
000811576 30
000811577 6
000811578 8
000811579 26
000811580 19
000811581 17
000811582 21
000811583 19
000811584 19
000811585 19
000811586 10
000811588 30
000811589 33
000811590 9
000811591 37
000811592 18
000811593 10
000811594 35
000811595 23
000811596 9
000811597 20
000811598 16
000811599 38
000811600 13
000811601 16
000811602 33
000811603 9
000811604 25
000811605 13
000811606 15
000811607 9
000811608 15
000811609 6
000811610 19
000811611 16
000811612 15
000811613 6
000811614 19
000811615 33
000811616 23
000811617 17
000811618 9
000811619 15
000811620 20
000811621 16
000811622 10
000811623 16
000811624 18
000811625 25
000811626 22
000811627 46
000811628 20
000811629 31
000811630 22
000811631 32
000811632 23
000811633 16
000811634 21
000811635 25
000811636 18
000811637 17
000811638 21
000811639 10
000811640 19
000811641 18
000811642 26
000811643 17
000811644 11
000811645 15
000811646 19
000811647 23
000811648 14
000811649 11
000811650 16
000811652 19
000811653 22
000811654 12
000811655 21
000811656 21
000811657 17
000811658 26
000811659 7
000811660 16
000811661 26
000811662 9
000811663 13
000811664 18
000811665 31
000811666 19
000811667 6
000811668 16
000811669 32
000811670 13
000811671 23
000811672 21
000811673 20
000811674 24
000811675 16
000811676 10
000811677 23
000811678 12
000811679 10
000811680 17
000811681 6
000811682 10
000811683 19
000811684 23
000811685 31
000811686 19
000811687 14
000811688 9
000811689 18
000811692 14
000811693 19
000811694 31
000811695 14
000811696 10
000811697 16
000811698 26
000811699 28
000811700 23
000811701 10
000811702 8
000811703 25
000811704 24
000811705 29
000811706 15
000811707 9
000811708 16
000811709 13
000811710 34
000811711 36
000811712 22
000811713 10
000811714 23
000811715 35
000811716 14
000811717 22
000811718 12
000811719 19
000811720 12
000811721 10
000811722 12
000811723 18
000811724 37
000811725 32
000811726 24
000811727 17
000811728 26
000811729 12
000811730 29
000811731 13
000811732 22
000811733 17
000811734 25
000811735 35
000811736 9
000811737 37
000811738 19
000811739 19
000811740 28
000811741 10
000811742 9
000811743 23
000811744 9
000811745 20
000811747 11
000811748 9
000811749 20
000811750 24
000811751 38
000811752 35
000811753 16
000811754 8
000811755 19
000811756 17
000811757 7
000811758 24
000811759 9
000811760 19
000811761 15
000811762 19
000811763 21
000811764 20
000811765 36
000811766 17
000811767 20
000811768 26
000811769 34
000811770 24
000811771 30
000811772 8
000811773 27
000811774 14
000811775 17
000811776 11
000811777 17
000811778 15
000811779 35
000811780 27
000811781 31
000811782 18
000811783 17
000811784 33
000811786 18
000811787 19
000811788 9
000811789 19
000811790 20
000811791 17
000811792 16
000811793 11
000811794 25
000811795 12
000811796 10
000811797 16
000811798 24
000811799 30
000811800 5
000820001 10
000820003 17
000820004 33
000820005 37
000820006 21
000820007 30
000820008 21
000820009 15
000820010 32
000820011 23
000820012 34
000820014 36
000820015 27
000820016 45
000820017 17
000820018 25
000820019 42
000820020 23
000820021 7
000820022 11
000820023 14
000820024 12
000820025 20
000820026 8
000820027 12
000820028 8
000820029 11
000820030 14
000820031 15
000820032 18
000820033 20
000820034 20
000820036 8
000820037 15
000820038 10
000820039 11
000820040 14
000820041 4
000820042 4
000820043 14
000820045 6
000820046 9
000820047 10
000820048 16
000820049 7
000820050 14
000820052 16
000820054 7
000820056 16
000820057 16
000820058 14
000820059 9
000820060 14
000820061 17
000820062 11
000820063 20
000820064 17
000820065 18
000820066 8
000820067 11
000820068 13
000820069 19
000820070 18
000820072 12
000820073 15
000820074 14
000820075 13
000820076 18
000820077 7
000820078 17
000820079 14
000820080 10
000820081 13
000820082 17
000820083 14
000820084 13
000820085 11
000820086 11
000820087 15
000820088 15
000820089 21
000820090 22
000820091 15
000820092 35
000820093 16
000820094 13
000820095 14
000820096 14
000820097 13
000820098 18
000820099 17
000820100 16
000820101 18
000820103 25
000820104 13
000820105 8
000820106 20
000820107 24
000820108 26
000820110 7
000820111 16
000820112 25
000820113 24
000820114 32
000820115 16
000820116 37
000820117 23
000820118 21
000820119 14
000820120 8
000820121 12
000820122 7
000820123 42
000820124 10
000820125 25
000820126 31
000820127 30
000820129 37
000820130 20
000820131 28
000820132 19
000820133 15
000820134 38
000820135 27
000820136 15
000820137 22
000820139 26
000820140 16
000820141 25
000820142 6
000820143 30
000820144 21
000820145 24
000820146 9
000820147 14
000820148 22
000820149 20
000820151 18
000820152 23
000820153 27
000820154 13
000820155 31
000820156 17
000820157 8
000820158 36
000820159 33
000820160 25
000820161 22
000820163 22
000820164 16
000820167 29
000820168 11
000820169 11
000820170 10
000820172 21
000820173 29
000820174 12
000820175 16
000820176 11
000820177 22
000820178 17
000820179 17
000820180 12
000820181 13
000820182 13
000820183 15
000820184 11
000820185 25
000820186 23
000820187 17
000820188 9
000820189 10
000820191 22
000820192 21
000820193 15
000820194 14
000820195 17
000820196 44
000820197 17
000820198 35
000820199 9
000820200 27
000820201 23
000820202 38
000820203 22
000820204 20
000820205 31
000820207 17
000820208 9
000820209 16
000820210 21
000820211 27
000820212 28
000820214 17
000820215 23
000820216 14
000820217 22
000820218 22
000820219 11
000820220 48
000820221 7
000820222 26
000820223 18
000820224 16
000820225 16
000820226 33
000820227 22
000820228 16
000820229 20
000820230 29
000820231 27
000820232 27
000820233 28
000820234 8
000820235 22
000820236 16
000820237 17
000820238 11
000820239 23
000820240 16
000820241 12
000820242 12
000820243 17
000820244 14
000820245 20
000820246 17
000820247 9
000820248 20
000820249 18
000820250 7
000820251 19
000820252 11
000820253 22
000820254 25
000820255 20
000820256 24
000820258 17
000820259 23
000820260 10
000820261 11
000820262 24
000820263 23
000820264 18
000820265 18
000820266 16
000820267 7
000820268 16
000820270 16
000820271 12
000820272 10
000820273 28
000820274 19
000820275 22
000820276 24
000820279 11
000820281 16
000820282 25
000820283 25
000820284 20
000820285 6
000820286 32
000820287 9
000820288 10
000820289 45
000820290 19
000820291 32
000820292 12
000820293 24
000820294 24
000820295 22
000820296 14
000820297 24
000820298 15
000820300 23
000820301 12
000820302 9
000820303 25
000820304 15
000820305 8
000820307 12
000820308 23
000820309 12
000820310 11
000820311 5
000820312 24
000820313 13
000820314 6
000820315 23
000820316 10
000820317 21
000820318 18
000820319 18
000820320 18
000820322 21
000820323 25
000820325 16
000820326 16
000820327 10
000820328 22
000820329 41
000820330 17
000820331 18
000820332 22
000820333 27
000820334 11
000820336 22
000820337 11
000820338 22
000820339 15
000820340 8
000820341 10
000820342 15
000820343 7
000820344 36
000820345 15
000820346 21
000820347 6
000820348 18
000820349 32
000820350 33
000820351 16
000820352 13
000820353 7
000820354 34
000820355 31
000820356 11
000820357 19
000820358 10
000820359 14
000820360 26
000820361 10
000820362 20
000820363 30
000820365 15
000820366 8
000820367 19
000820368 12
000820369 25
000820371 27
000820372 34
000820373 29
000820375 9
000820376 7
000820377 9
000820378 31
000820379 6
000820380 29
000820381 20
000820382 30
000820383 5
000820384 11
000820385 29
000820386 26
000820387 13
000820388 15
000820390 16
000820391 20
000820392 17
000820393 12
000820394 18
000820395 24
000820396 5
000820398 18
000820399 27
000820400 22
000821402 19
000821403 13
000821404 21
000821405 13
000821406 15
000821407 17
000821408 16
000821409 10
000821411 19
000821412 21
000821413 6
000821414 19
000821415 11
000821416 13
000821418 12
000821419 16
000821420 14
000821422 13
000821423 10
000821424 15
000821425 10
000821426 12
000821428 10
000821429 14
000821430 17
000821431 14
000821432 20
000821433 21
000821434 14
000821435 16
000821436 12
000821438 16
000821439 19
000821440 8
000821441 17
000821442 20
000821443 17
000821444 26
000821445 15
000821447 11
000821448 16
000821449 12
000821451 21
000821452 27
000821453 15
000821454 6
000821456 20
000821457 13
000821458 23
000821459 15
000821460 15
000821463 21
000821464 16
000821465 13
000821466 19
000821467 9
000821470 18
000821471 14
000821473 12
000821474 8
000821475 20
000821476 13
000821477 14
000821478 14
000821479 17
000821480 33
000821481 12
000821482 14
000821483 17
000821484 15
000821485 12
000821487 18
000821488 15
000821489 25
000821490 13
000821491 15
000821492 16
000821494 13
000821495 13
000821496 21
000821497 15
000821498 15
000821499 17
000821500 18
000821501 24
000821502 10
000821503 12
000821504 13
000821505 15
000821506 28
000821507 16
000821508 29
000821509 24
000821510 30
000821512 27
000821513 30
000821514 6
000821516 22
000821518 34
000821520 11
000821521 21
000821522 22
000821523 18
000821525 26
000821526 13
000821527 45
000821528 11
000821529 19
000821530 24
000821531 7
000821532 23
000821533 19
000821534 23
000821535 21
000821536 11
000821537 17
000821538 15
000821539 14
000821540 26
000821541 11
000821544 22
000821545 21
000821546 19
000821547 17
000821548 30
000821549 29
000821550 16
000821551 27
000821552 18
000821553 16
000821554 9
000821556 23
000821557 15
000821558 23
000821559 10
000821561 17
000821562 14
000821563 17
000821564 17
000821565 32
000821566 22
000821567 27
000821568 22
000821569 33
000821570 16
000821571 29
000821572 10
000821573 6
000821574 14
000821575 11
000821576 16
000821577 19
000821579 17
000821580 29
000821581 12
000821582 19
000821583 36
000821584 11
000821585 12
000821586 21
000821587 33
000821588 30
000821591 18
000821592 6
000821593 22
000821594 8
000821596 11
000821597 30
000821598 25
000821599 31
000821600 23
000821602 7
000821603 15
000821604 28
000821605 10
000821606 29
000821607 22
000821608 13
000821609 14
000821610 14
000821611 17
000821612 25
000821613 16
000821614 25
000821615 21
000821616 15
000821617 7
000821618 26
000821619 14
000821620 14
000821621 13
000821622 31
000821623 12
000821624 26
000821625 12
000821626 7
000821627 15
000821628 25
000821630 27
000821631 20
000821632 18
000821633 33
000821635 13
000821636 10
000821637 12
000821638 36
000821639 21
000821640 12
000821641 32
000821642 14
000821644 7
000821645 11
000821646 30
000821647 27
000821648 19
000821649 19
000821650 20
000821651 15
000821652 13
000821653 16
000821654 19
000821656 10
000821657 28
000821658 21
000821659 21
000821660 33
000821661 16
000821662 12
000821663 41
000821664 7
000821665 34
000821666 12
000821667 16
000821668 18
000821669 19
000821671 31
000821673 37
000821674 9
000821675 17
000821676 6
000821677 19
000821678 7
000821679 20
000821680 20
000821681 14
000821682 9
000821683 17
000821684 10
000821685 21
000821686 12
000821687 30
000821688 17
000821689 13
000821690 27
000821691 19
000821692 7
000821693 7
000821694 13
000821695 20
000821696 14
000821697 17
000821698 26
000821699 23
000821700 20
000821701 12
000821702 16
000821703 9
000821704 38
000821705 8
000821706 14
000821707 17
000821709 11
000821710 10
000821711 22
000821713 17
000821714 10
000821715 12
000821716 19
000821717 19
000821719 16
000821720 9
000821721 10
000821722 25
000821723 15
000821724 10
000821725 21
000821726 21
000821727 26
000821728 23
000821729 6
000821730 24
000821731 42
000821732 6
000821733 24
000821734 10
000821735 18
000821736 19
000821737 33
000821738 40
000821739 33
000821740 16
000821741 30
000821742 15
000821743 12
000821744 32
000821745 21
000821746 30
000821747 17
000821748 7
000821749 24
000821750 14
000821751 12
000821752 34
000821753 20
000821754 26
000821755 20
000821756 30
000821757 15
000821758 23
000821759 23
000821760 15
000821761 17
000821762 11
000821763 23
000821764 23
000821765 13
000821766 34
000821767 7
000821768 22
000821769 28
000821770 17
000821771 35
000821772 7
000821773 30
000821774 29
000821775 25
000821776 17
000821777 25
000821778 29
000821779 23
000821780 10
000821781 19
000821782 30
000821783 26
000821784 27
000821785 13
000821786 16
000821787 24
000821788 22
000821789 20
000821790 34
000821792 27
000821793 19
000821794 33
000821795 20
000821796 15
000821797 21
000821799 18
000830001 10
000830002 41
000830003 22
000830004 33
000830005 35
000830006 21
000830008 24
000830009 14
000830010 27
000830011 20
000830012 34
000830013 20
000830014 37
000830015 28
000830016 46
000830017 18
000830018 27
000830019 43
000830020 24
000830021 7
000830022 11
000830023 14
000830024 12
000830025 20
000830026 8
000830027 13
000830028 8
000830029 11
000830030 14
000830031 15
000830032 19
000830033 20
000830034 20
000830035 10
000830036 8
000830037 15
000830038 10
000830039 12
000830040 14
000830042 4
000830043 14
000830044 10
000830045 6
000830046 12
000830047 10
000830049 7
000830050 14
000830052 17
000830053 9
000830054 7
000830055 12
000830056 13
000830057 16
000830058 14
000830059 9
000830060 14
000830061 18
000830062 11
000830063 23
000830064 13
000830065 18
000830066 8
000830067 11
000830068 13
000830069 24
000830070 19
000830071 14
000830072 12
000830073 16
000830074 14
000830075 13
000830076 23
000830077 7
000830078 17
000830079 14
000830080 10
000830081 13
000830082 17
000830083 14
000830084 14
000830085 10
000830086 14
000830087 16
000830088 15
000830089 22
000830090 23
000830091 15
000830092 35
000830093 16
000830094 13
000830095 14
000830096 15
000830097 13
000830098 18
000830099 17
000830100 20
000830101 21
000830102 49
000830103 29
000830104 23
000830105 16
000830106 12
000830107 28
000830108 20
000830109 11
000830110 23
000830111 22
000830112 29
000830113 24
000830114 30
000830115 8
000830116 21
000830117 16
000830118 14
000830119 29
000830120 34
000830121 25
000830122 27
000830123 21
000830124 31
000830125 10
000830126 14
000830127 15
000830128 10
000830129 19
000830130 14
000830131 34
000830132 20
000830133 31
000830134 20
000830135 25
000830136 6
000830137 23
000830138 18
000830139 15
000830140 33
000830141 6
000830142 22
000830143 35
000830144 40
000830145 24
000830146 31
000830147 33
000830148 17
000830149 28
000830150 7
000830151 31
000830152 10
000830153 24
000830154 14
000830155 9
000830156 33
000830157 22
000830158 10
000830159 16
000830160 9
000830161 27
000830162 34
000830163 13
000830164 11
000830165 43
000830166 28
000830167 20
000830168 25
000830169 13
000830170 8
000830171 19
000830172 32
000830173 15
000830174 27
000830175 23
000830176 20
000830177 21
000830178 9
000830179 19
000830180 23
000830181 20
000830182 15
000830183 9
000830184 19
000830185 18
000830186 26
000830187 12
000830188 9
000830189 13
000830190 22
000830191 23
000830192 21
000830193 24
000830194 10
000830195 29
000830196 34
000830197 42
000830198 21
000830199 10
000830200 15
000830201 16
000830202 7
000830203 21
000830204 24
000830205 11
000830206 28
000830207 23
000830208 12
000830209 13
000830210 28
000830211 18
000830212 27
000830213 21
000830215 32
000830216 27
000830217 12
000830218 29
000830219 8
000830220 10
000830221 12
000830222 12
000830223 12
000830224 8
000830225 17
000830226 22
000830227 19
000830228 14
000830230 31
000830232 22
000830233 9
000830234 25
000830235 32
000830236 44
000830237 13
000830238 9
000830239 10
000830240 17
000830241 10
000830242 26
000830243 24
000830244 15
000830245 9
000830246 40
000830247 16
000830248 14
000830249 9
000830250 29
000830251 15
000830252 24
000830253 5
000830254 27
000830255 15
000830256 6
000830257 8
000830258 11
000830259 26
000830261 7
000830262 17
000830263 13
000830264 12
000830265 18
000830266 32
000830267 25
000830268 11
000830269 8
000830270 26
000830271 32
000830272 31
000830273 9
000830274 17
000830275 13
000830276 8
000830277 17
000830278 34
000830279 8
000830280 10
000830281 8
000830282 34
000830283 5
000830284 10
000830285 20
000830286 22
000830287 34
000830288 25
000830289 36
000830290 11
000830291 23
000830292 27
000830293 18
000830295 12
000830296 18
000830297 20
000830298 21
000830299 14
000830300 11
000830301 14
000830302 9
000830303 18
000830304 18
000830305 25
000830306 15
000830307 25
000830308 13
000830309 26
000830310 19
000830311 11
000830312 26
000830313 8
000830314 28
000830315 23
000830316 28
000830317 19
000830318 20
000830319 21
000830320 26
000830321 8
000830322 13
000830323 28
000830324 29
000830325 21
000830326 18
000830327 29
000830328 15
000830329 17
000830330 17
000830331 20
000830333 17
000830334 14
000830335 11
000830336 15
000830337 18
000830338 15
000830339 18
000830340 11
000830341 30
000830342 9
000830343 19
000830344 18
000830345 14
000830346 16
000830347 12
000830349 19
000830350 27
000830351 6
000830352 18
000830353 25
000830354 13
000830355 10
000830356 32
000830357 22
000830358 19
000830359 15
000830360 18
000830361 16
000830362 26
000830363 16
000830364 16
000830365 18
000830366 33
000830367 17
000830368 30
000830369 25
000830370 21
000830371 17
000830372 14
000830373 18
000830374 23
000830375 11
000830376 26
000830377 13
000830378 33
000830379 11
000830380 9
000830381 11
000830382 15
000830383 11
000830384 9
000830385 20
000830386 26
000830387 17
000830388 13
000830389 11
000830390 28
000830391 21
000830392 25
000830393 24
000830394 7
000830395 9
000830396 16
000830397 31
000830398 18
000830399 34
000830400 24
000831401 12
000831402 18
000831403 13
000831404 21
000831405 14
000831406 15
000831407 14
000831408 16
000831409 10
000831410 19
000831411 25
000831412 21
000831414 21
000831415 11
