001190274 50080
001190275 56320
001190276 92640
001190277 79680
001190278 110080
001190279 84288
001190280 85600
001190281 96640
001190282 120160
001190284 78880
001190285 69600
001190286 63200
001190287 106560
001190288 92000
001190289 71680
001190290 102720
001190291 84000
001190292 109120
001190293 78720
001190294 72480
001190295 128639
001190296 86720
001190297 103680
001190298 60320
001190300 106400
001190301 109760
001190302 137760
001190303 86720
001190304 72800
001190305 82400
001190306 76000
001190307 115040
001190308 120000
001190309 147680
001190310 116640
001190311 66720
001190312 65600
001190313 73920
001190314 79840
001190315 71040
001190316 151040
001190317 132640
001190318 52800
001190319 99520
001190321 54080
001190322 99520
001190323 71520
001190324 82400
001190325 157280
001190326 99680
001190327 94720
001190328 93120
001190329 81120
001190330 129280
001190331 77920
001190332 93440
001190333 51040
001190334 79200
001190335 48000
001190336 90880
001190337 140832
001190338 110560
001190339 66400
001190340 63200
001190341 79040
001190342 92960
001190343 137760
001190345 112640
001190346 159680
001190347 46560
001190348 107520
001190349 100800
001190350 93920
001190351 52160
001190352 79520
001190354 40960
001190355 102240
001190356 116800
001190357 71200
001190358 102240
001190359 81600
001190360 48640
001190361 54080
001190362 43200
001190363 70560
001190364 51040
001190366 92480
001190367 76640
001190369 66560
001190370 57760
001190371 49280
001190372 104000
001190373 94400
001190374 63520
001190375 107520
001190376 68800
001190377 146720
001190378 70240
001190379 118720
001190381 56160
001190382 77920
001190383 110080
001190384 82880
001190385 74240
001190386 77920
001190387 89280
001190388 111200
001190389 130240
001190390 46720
001190391 117440
001190392 61760
001190393 60960
001190394 103520
001190395 110400
001190396 83680
001190397 60960
001190399 72320
001190400 51680
001191401 63840
001191402 84000
001191403 64160
001191404 88000
001191405 69760
001191407 64000
001191408 72960
001191409 52480
001191411 78720
001191412 79680
001191413 40000
001191414 86720
001191415 59520
001191416 69760
001191418 62080
001191422 61760
001191423 57120
001191424 78560
001191425 64480
001191428 52320
001191429 51840
001191430 70240
001191431 41760
001191432 75840
001191433 81600
001191434 61920
001191435 61760
001191436 60960
001191438 60320
001191439 87200
001191440 42240
001191441 66560
001191442 65440
001191443 74400
001191444 83680
001191445 61600
001191447 64000
001191448 56640
001191449 57184
001191450 74880
001191451 88800
001191453 78240
001191454 45280
001191456 64959
001191457 81600
001191458 91840
001191460 64000
001191462 52320
001191463 75680
001191464 72320
001191465 58080
001191466 66720
001191467 57760
001191470 67040
001191471 56320
001191473 47680
001191474 52480
001191475 74880
001191476 64959
001191477 68800
001191478 53280
001191479 66880
001191480 98400
001191481 62880
001191482 66880
001191483 59280
001191485 60960
001191487 71200
001191488 61440
001191489 82880
001191490 58880
001191491 55680
001191492 60000
001191493 49120
001191494 55360
001191495 55200
001191496 71520
001191497 51040
001191498 68480
001191499 63360
001191500 68640
001191502 65584
001191503 86240
001191504 93920
001191505 89600
001191506 55360
001191507 94880
001191508 84320
001191511 59040
001191512 119680
001191513 76000
001191514 102720
001191515 88160
001191516 94560
001191517 102720
001191518 107680
001191519 87040
001191521 141920
001191522 61920
001191523 71840
001191524 78240
001191525 104800
001191526 88320
001191527 61280
001191528 84000
001191529 86880
001191530 99200
001191531 136480
001191533 111840
001191534 89760
001191536 85120
001191538 107680
001191539 52800
001191540 77920
001191541 126720
001191542 97120
001191543 72640
001191544 104960
001191545 87680
001191546 116640
001191547 92320
001191548 65760
001191549 86080
001191550 82880
001191551 59840
001191553 118880
001191554 80000
001191555 50400
001191556 110560
001191557 63040
001191558 73440
001191559 72960
001191560 57760
001191561 51680
001191562 61440
001191563 57920
001191564 90880
001191565 63520
001191566 50560
001191568 74080
001191569 95520
001191570 72160
001191571 77600
001191572 112960
001191573 103200
001191574 139520
001191575 65600
001191576 83520
001191578 64959
001191579 68960
001191582 90240
001191583 78400
001191584 60640
001191585 71840
001191587 54880
001191588 88480
001191589 65920
001191590 68000
001191591 88160
001191592 83680
001191593 125920
001191594 89760
001191595 64959
001191596 100960
001191597 103840
001191598 52000
001191599 124640
001191600 69280
001191601 75200
001191602 148843
001191603 103520
001191604 87360
001191605 112000
001191606 95680
001191607 68480
001191608 45120
001191609 98080
001191610 95040
001191612 54080
001191613 108160
001191614 120640
001191615 62560
001191616 118880
001191617 65600
001191618 84000
001191619 121440
001191620 117760
001191621 118080
001191622 49120
001191623 47520
001191624 44000
001191625 60800
001191626 59520
001191627 86720
001191628 84160
001191630 61120
001191631 104480
001191632 78400
001191633 77600
001191635 105440
001191636 155040
001191637 84640
001191638 85440
001191639 170720
001191640 105760
001191641 144320
001191643 78720
001191645 139680
001191646 51840
001191647 85760
001191648 76960
001191649 94560
001191650 48000
001191651 111200
001191652 105760
001191653 112320
001191654 110144
001191656 97280
001191658 77280
001191659 55520
001191660 78400
001191661 86080
001191662 42720
001191663 107200
001191664 67680
001191665 39840
001191666 77120
001191667 95200
001191668 96640
001191669 51520
001191670 115200
001191672 64160
001191673 83520
001191674 40960
001191675 68960
001191676 132160
001191677 103520
001191678 76960
001191679 69120
001191680 49280
001191681 69120
001191682 78400
001191683 106240
001191684 110720
001191685 112960
001191687 53120
001191688 62400
001191689 94560
001191690 129440
001191691 87040
001191692 140000
001191693 123200
001191694 54400
001191695 92480
001191698 101280
001191699 46400
001191700 113120
001191701 117120
001191702 75360
001191703 109600
001191704 65760
001191705 59840
001191707 77920
001191708 101760
001191709 55840
001191710 53600
001191711 85120
001191712 114080
001191713 85120
001191714 106400
001191715 125760
001191716 65920
001191718 50880
001191719 92000
001191720 82880
001191721 106560
001191722 69600
001191723 91200
001191724 88960
001191725 56960
001191726 74560
001191727 88480
001191728 102880
001191729 85920
001191730 132160
001191731 69760
001191732 88640
001191734 50720
001191735 93440
001191736 78560
001191737 67520
001191738 109440
001191739 65600
001191740 92640
001191741 42240
001191742 81440
001191743 91200
001191744 77280
001191745 96320
001191746 104800
001191747 86880
001191748 47840
001191749 99360
001191750 108000
001191751 68464
001191752 101440
001191753 42880
001191754 96640
001191756 80000
001191757 109920
001191758 54400
001191759 72000
001191760 51040
001191761 40160
001191762 97600
001191764 61600
001191766 65280
001191767 104800
001191768 79840
001191769 71520
001191770 73760
001191771 113120
001191772 71360
001191773 67840
001191774 98560
001191775 36640
001191776 132480
001191777 85280
001191778 83840
001191779 70720
001191780 110880
001191781 72000
001191782 60800
001191783 117920
001191784 49280
001191785 68000
001191786 71680
001191787 78240
001191788 40800
001191789 64959
001191790 80000
001191791 89600
001191792 96640
001191794 84000
001191795 41440
001191796 84000
001191799 40800
001191800 67360
001200001 63344
001200002 149120
001200003 84304
001200004 121424
001200005 135840
001200008 84288
001200009 74000
001200011 65135
001200015 104448
001200017 88400
001200018 98880
001200022 59888
001200024 63088
001200025 82560
001200026 51568
001200033 78080
001200036 60656
001200037 87648
001200038 59024
001200039 57008
001200043 53584
001200045 42784
001200049 49520
001200050 55344
001200052 76368
001200055 55600
001200058 62400
001200059 50512
001200065 61120
001200069 55424
001200074 72800
001200075 52224
001200076 92000
001200080 49024
001200081 52000
001200083 55360
001200085 60624
001200092 114256
001200096 61840
001200101 128768
001200102 60320
001200104 94080
001200105 52800
001200106 97184
001200107 89104
001200109 77040
001200111 69600
001200112 101440
001200113 73600
001200114 93232
001200115 60272
001200116 82512
001200117 110432
001200118 116320
001200119 95824
001200122 63296
001200124 117120
001200125 116944
001200126 60512
001200127 72944
001200129 63296
001200131 56384
001200132 107520
001200133 114080
001200134 121120
001200136 117440
001200137 59328
001200138 103056
001200139 63904
001200140 105600
001200141 104592
001200142 150272
001200143 72880
001200145 54992
001200146 129840
001200147 123120
001200148 60640
001200149 115840
001200150 68000
001200151 57120
001200152 76384
001200158 90496
001200159 68656
001200160 93392
001200161 147088
001200163 48176
001200164 108128
001200165 95360
001200167 111296
001200168 44512
001200169 102560
001200170 95792
001200171 63312
001200172 58544
001200175 122080
001200177 70080
001200179 74720
001200180 150672
001200181 45520
001200182 64944
001200183 50128
001200184 129759
001200185 114800
001200186 105584
001200188 79040
001200189 117600
001200190 109392
001200191 116416
001200192 161451
001200194 86880
001200195 69152
001200196 90592
001200197 161088
001200198 152144
001200199 80496
001200201 81584
001200202 84032
001200203 123216
001200204 82448
001200205 112928
001200206 117808
001200207 92048
001200208 53760
001200209 79952
001200210 76480
001200211 57424
001200212 127888
001200213 76016
001200214 70976
001200215 123184
001200217 80528
001200218 112640
001200219 47024
001200222 90240
001200223 56640
001200224 136160
001200227 85920
001200229 133904
001200230 130895
001200231 110720
001200232 118208
001200233 70000
001200234 96096
001200235 100368
001200236 115008
001200237 80960
001200238 120176
001200239 115040
001200240 157120
001200241 152128
001200242 111776
001200243 49168
001200244 133808
001200245 138944
001200246 63104
001200247 107040
001200248 158240
001200249 110720
001200250 142944
001200251 100960
001200255 73200
001200256 88864
001200257 120416
001200258 62080
001200259 160960
001200260 69120
001200262 106400
001200265 81232
001200266 100832
001200267 118240
001200268 134832
001200269 132640
001200270 111952
001200271 123760
001200272 154240
001200273 143520
001200274 110304
001200275 96000
001200276 116768
001200277 133760
001200278 77760
001200279 66688
001200280 112128
001200281 119360
001200282 77664
001200283 114016
001200284 161280
001200285 68912
001200286 67200
001200287 48848
001200289 96144
001200290 54272
001200291 131856
001200292 113200
001200295 81920
001200296 47968
001200297 111360
001200298 148144
001200299 89280
001200300 94624
001200301 141856
001200302 108800
001200303 98528
001200305 66256
001200306 121440
001200308 124960
001200309 105440
001200310 67840
001200312 96544
001200313 70672
001200314 52256
001200316 71984
001200318 113888
001200319 54560
001200320 126912
001200321 152960
001200322 48320
001200324 99520
001200325 107248
001200326 62304
001200327 128639
001200329 108160
001200330 129216
001200331 85696
001200332 101792
001200333 125024
001200334 75136
001200335 134667
001200336 50368
001200337 77440
001200339 57632
001200340 112752
001200341 81920
001200342 66400
001200343 102816
001200344 146560
001200345 125984
001200346 180480
001200347 49280
001200348 99040
001200349 109664
001200350 53216
001200351 141424
001200352 83808
001200353 61920
001200354 63952
001200356 84752
001200358 115040
001200359 91040
001200360 108480
001200361 46832
001200362 46896
001200365 144544
001200367 103968
001200368 107008
001200369 205408
001200370 102608
001200371 55776
001200372 75136
001200373 76960
001200374 77568
001200375 109760
001200376 93696
001200377 75424
001200378 85584
001200379 64319
001200380 84800
001200381 44960
001200383 98400
001200384 108320
001200387 97696
001200389 77488
001200390 97584
001200391 60192
001200393 60320
001200395 148640
001200396 118560
001200397 129199
001200399 81056
001201402 88000
001201403 68896
001201404 85920
001201405 69280
001201406 59584
001201407 62144
001201409 45536
001201410 69120
001201411 83680
001201413 45280
001201414 99360
001201416 66288
001201417 94560
001201420 52800
001201422 50560
001201425 61760
001201426 63808
001201427 87680
001201428 55040
001201429 47024
001201430 61920
001201432 67328
001201433 84000
001201434 60928
001201435 61424
001201436 61808
001201437 54736
001201441 69440
001201443 79680
001201444 90720
001201445 49968
001201446 75380
001201447 54304
001201448 54080
001201449 56000
001201450 72160
001201451 84352
001201452 89552
001201453 74256
001201454 43360
001201455 81120
001201457 78048
001201458 113920
001201460 57904
001201461 71200
001201463 77280
001201466 76640
001201467 54976
001201468 69440
001201469 67360
001201470 63296
001201472 76320
001201473 58720
001201474 59040
001201475 80640
001201476 66336
001201477 82576
001201479 71008
001201481 74560
001201482 63664
001201484 62704
001201486 61280
001201487 77744
001201488 59248
001201489 91984
001201490 63344
001201491 48816
001201492 68000
001201493 54240
001201494 59840
001201495 54016
001201496 65600
001201497 56160
001201498 70080
001201499 67360
001201500 65600
001201502 162560
001201503 78736
001201504 118000
001201506 61040
001201509 52112
001201510 70368
001201511 52816
001201512 99520
001201513 152000
001201514 82912
001201515 96352
001201516 49776
001201517 64319
001201518 107680
001201519 50880
001201522 106752
001201523 58288
001201524 111040
001201525 54960
001201528 94048
001201529 127680
001201531 84480
001201532 124960
001201533 86080
001201536 114128
001201540 67552
001201541 177072
001201542 83600
001201546 78560
001201548 120112
001201549 69920
001201550 79520
001201551 81536
001201552 123360
001201553 86400
001201554 91936
001201555 65040
001201556 119936
001201557 133568
001201558 147200
001201560 69621
001201562 58880
001201563 97952
001201564 64959
001201565 100800
001201566 112960
001201567 145440
001201568 84304
001201569 53408
001201570 55840
001201574 54768
001201575 77616
001201576 64016
001201577 60800
001201578 162720
001201579 133920
001201580 94464
001201581 90432
001201582 138848
001201584 73728
001201585 120096
001201587 131039
001201588 47840
001201589 89696
001201590 149760
001201591 93520
001201594 67248
001201595 112832
001201596 94832
001201597 135440
001201598 127200
001201599 161632
001201601 104576
001201602 182592
001201603 112960
001201604 118304
001201606 80416
001201608 118496
001201609 70560
001201610 118800
001201612 72320
001201614 62976
001201615 97968
001201616 177024
001201617 95184
001201618 133664
001201619 125664
001201620 43792
001201621 99488
001201622 54896
001201623 85600
001201625 92256
001201626 85600
001201627 120960
001201628 51520
001201629 102736
001201630 122720
001201631 138400
001201632 109824
001201633 61200
001201634 122720
001201635 143200
001201636 89888
001201637 102432
001201638 154944
001201639 86784
001201640 151248
001201641 102112
001201642 76432
001201643 96160
001201644 147456
001201645 52240
001201646 68720
001201648 123888
001201650 42880
001201651 60912
001201652 82048
001201653 64000
001201655 98256
001201656 94256
001201657 122752
001201658 99344
001201659 110880
001201660 106416
001201661 143024
001201662 81552
001201664 47040
001201665 62080
001201666 60960
001201667 53760
001201668 81920
001201669 72416
001201670 110944
001201672 118352
001201673 74768
001201674 120224
001201675 55376
001201676 94928
001201677 128144
001201678 72960
001201679 153792
001201680 89424
001201682 120480
001201683 51104
001201685 56320
001201686 51456
001201687 65471
001201688 146784
001201689 139392
001201690 135168
001201691 56672
001201692 143360
001201694 66512
001201695 68960
001201697 144096
001201698 111760
001201699 148896
001201700 84848
001201701 116224
001201702 50944
001201705 75536
001201707 101152
001201708 114000
001201710 79424
001201711 84320
001201712 75856
001201714 96112
001201715 42384
001201716 73936
001201717 127696
001201718 133952
001201719 101840
001201722 84928
001201723 116944
001201725 97360
001201726 125696
001201730 56960
001201731 153936
001201732 122656
001201733 174059
001201734 87168
001201736 158848
001201739 59200
001201740 40208
001201741 163120
001201742 87984
001201744 128943
001201745 106320
001201746 99360
001201747 54480
001201748 126640
001201749 137328
001201751 66832
001201752 151840
001201753 90080
001201755 91520
001201757 137424
001201759 98240
001201760 57136
001201761 113120
001201762 83056
001201764 159664
001201767 84864
001201768 102704
001201769 102720
001201770 116832
001201771 63328
001201773 135360
001201774 107504
001201775 55088
001201776 61120
001201777 85968
001201778 110288
001201779 86000
001201780 79984
001201781 72896
001201782 79056
001201783 103664
001201784 90928
001201785 106448
001201786 68400
001201787 63296
001201788 114080
001201790 60112
001201791 103184
001201792 171712
001201795 48784
001201796 72592
001201797 71200
001201798 144320
001201799 147200
001210001 66256
001210002 162576
001210003 87952
001210004 112784
001210005 142416
001210006 78752
001210007 111632
001210008 91744
001210009 74720
001210010 114736
001210011 70144
001210012 137808
001210014 153872
001210015 109008
001210016 170336
001210017 87728
001210019 139904
001210020 83488
001210021 46864
001210024 61856
001210025 88512
001210026 57984
001210027 58864
001210029 65408
001210030 69392
001210031 80800
001210032 69264
001210033 85312
001210034 102048
001210036 61200
001210037 87792
001210038 60672
001210039 60544
001210040 68032
001210041 33104
001210042 38000
001210043 60768
001210044 46496
001210045 42448
001210046 48288
001210047 45536
001210048 82944
001210049 58192
001210050 55232
001210052 75712
001210053 41712
001210054 39504
001210057 75536
001210058 62624
001210059 58960
001210060 78112
001210061 60432
001210063 82848
001210064 69008
001210065 60496
001210067 56880
001210068 80464
001210070 61920
001210071 53184
001210072 66400
001210073 62816
001210074 68960
001210075 58688
001210077 58384
001210078 81536
001210079 67504
001210081 54720
001210082 88416
001210083 61456
001210084 66832
001210085 71600
001210086 67136
001210087 70224
001210088 67920
001210089 97184
001210090 76816
001210091 83744
001210093 78080
001210094 62528
001210095 77328
001210096 61760
001210097 63216
001210098 87040
001210100 75328
001210101 47632
001210102 115536
001210103 90560
001210105 139776
001210107 102656
001210108 78544
001210110 96848
001210111 47360
001210112 126160
001210113 87888
001210115 105040
001210116 52848
001210117 123392
001210119 96560
001210121 92192
001210123 111744
001210124 103936
001210126 104576
001210127 49648
001210128 108160
001210129 125760
001210131 83520
001210134 96032
001210135 72464
001210136 59632
001210137 100320
001210138 104160
001210140 94272
001210141 68480
001210142 56160
001210144 51200
001210145 83200
001210146 70928
001210147 41056
001210148 94848
001210149 132800
001210150 75520
001210151 88512
001210152 47312
001210153 75728
001210154 81376
001210155 109120
001210157 78240
001210158 74048
001210160 103040
001210163 91936
001210164 89344
001210165 155952
001210166 122256
001210167 62784
001210168 82400
001210169 82880
001210170 131840
001210172 84816
001210173 115200
001210174 96880
001210175 52384
001210177 71040
001210179 71216
001210180 87680
001210181 56960
001210182 95520
001210183 77120
001210184 108000
001210185 42512
001210186 84960
001210187 123680
001210189 77824
001210190 99040
001210191 58736
001210192 84000
001210193 122880
001210194 99200
001210195 115520
001210196 124320
001210197 69552
001210198 111248
001210199 111088
001210200 119040
001210201 85440
001210202 119840
001210203 84960
001210204 132160
001210205 83024
001210207 113600
001210208 107360
001210209 57648
001210210 90080
001210211 71264
001210212 94560
001210213 48928
001210214 73600
001210215 112640
001210216 115664
001210217 52560
001210218 100288
001210220 145920
001210222 97600
001210223 78560
001210226 102240
001210227 88160
001210228 103840
001210229 106080
001210230 46400
001210231 108160
001210232 115680
001210233 64319
001210234 95536
001210235 91888
001210236 57680
001210237 40480
001210238 52480
001210239 76480
001210240 112800
001210241 68016
001210242 64176
001210243 83200
001210244 93120
001210245 64128
001210246 113968
001210249 71968
001210250 50080
001210251 60000
001210252 67040
001210253 44000
001210254 123200
001210255 98720
001210256 84640
001210257 46656
001210258 60624
001210259 111680
001210260 148000
001210261 48160
001210262 60208
001210263 163520
001210264 104320
001210265 137600
001210266 44624
001210268 129440
001210269 53440
001210271 67680
001210272 91984
001210274 61744
001210275 84784
001210276 96160
001210277 107680
001210278 67840
001210279 86240
001210280 94720
001210281 105600
001210282 68160
001210283 129759
001210284 85760
001210285 89760
001210286 170880
001210287 121600
001210288 46560
001210289 79360
001210290 91200
001210291 73280
001210292 65120
001210294 40032
001210295 121600
001210296 155040
001210297 59280
001210299 103504
001210300 63664
001210302 60960
001210304 158240
001210305 84816
001210306 128960
001210307 58576
001210309 117120
001210310 72160
001210311 150240
001210313 87840
001210314 85120
001210315 58176
001210317 72480
001210318 165280
001210319 125920
001210320 73280
001210321 82400
001210322 110560
001210323 121760
001210324 56800
001210325 121600
001210326 95360
001210327 69392
001210328 57120
001210329 114256
001210331 117728
001210332 78560
001210333 38704
001210334 108480
001210335 60784
001210336 134400
001210337 53600
001210338 116800
001210339 132640
001210340 102080
001210341 49760
001210342 89920
001210343 126400
001210344 164640
001210346 72640
001210347 121440
001210349 58400
001210350 93600
001210351 84960
001210352 72000
001210353 75520
001210354 100960
001210355 108480
001210356 95840
001210357 113600
001210358 88640
001210359 113920
001210361 83328
001210363 43840
001210364 51008
001210365 109936
001210366 124688
001210367 77280
001210368 82720
001210369 43360
001210370 75040
001210371 100960
001210372 57120
001210373 51200
001210374 149120
001210375 93120
001210376 92960
001210377 135200
001210378 92000
001210379 46208
001210380 109600
001210381 44944
001210382 52992
001210383 103520
001210384 53440
001210386 117600
001210387 104320
001210388 69408
001210389 113920
001210390 61040
001210391 89440
001210392 78400
001210393 43200
001210394 65024
001210395 108800
001210396 124320
001210397 93920
001210398 90560
001210399 57280
001210400 75184
001211401 56752
001211402 83616
001211403 72480
001211405 67504
001211406 55328
001211407 69872
001211408 71968
001211409 41072
001211411 77760
001211412 84896
001211413 39584
001211414 94464
001211415 58960
001211416 67680
001211418 58080
001211421 41472
001211422 54320
001211423 48960
001211424 62128
001211425 62240
001211426 60256
001211427 83760
001211428 50240
001211429 50208
001211430 67200
001211433 88960
001211434 62064
001211435 60800
001211436 62560
001211438 62240
001211439 109840
001211440 42400
001211441 64959
001211443 73360
001211444 88480
001211445 63920
001211446 75504
001211447 63440
001211448 59840
001211449 52800
001211450 68160
001211451 71488
001211452 86624
001211453 70720
001211454 43648
001211456 65215
001211457 71568
001211458 91744
001211460 55520
001211461 77280
001211463 75584
001211464 76480
001211465 57440
001211466 75360
001211467 60800
001211468 68320
001211469 64512
001211470 66240
001211471 57008
001211473 44752
001211474 54720
001211475 85280
001211476 66880
001211477 73600
001211478 58256
001211479 69248
001211480 95520
001211481 63408
001211482 61760
001211483 52160
001211485 64784
001211487 76208
001211488 53888
001211489 98880
001211491 51552
001211493 52384
001211494 58880
001211495 55360
001211496 64480
001211497 50720
001211498 62240
001211499 67040
001211500 70560
001211502 135680
001211503 140000
001211504 134080
001211505 88960
001211506 94560
001211507 63024
001211509 62624
001211510 90400
001211511 80048
001211512 110560
001211513 96640
001211514 77600
001211515 101280
001211516 36800
001211517 64640
001211518 106240
001211519 152800
001211520 70768
001211521 67680
001211522 129600
001211523 56800
001211524 107840
001211525 75360
001211526 98080
001211528 85920
001211529 97120
001211530 43680
001211531 57152
001211532 55280
001211533 75200
001211534 96160
001211535 137120
001211536 96160
001211537 110240
001211538 124800
001211539 96000
001211540 75840
001211541 147680
001211542 94400
001211543 91840
001211544 109760
001211545 101968
001211546 76320
001211547 102240
001211548 105120
001211549 120640
001211551 72800
001211552 101920
001211553 106576
001211554 104688
001211555 56496
001211556 105120
001211557 91376
001211558 109200
001211559 127360
001211560 93872
001211561 35856
001211562 107280
001211563 43888
001211565 140816
001211566 50432
001211567 147680
001211568 107520
001211569 89520
001211570 111968
001211571 66880
001211572 88000
001211573 107040
001211574 99520
001211576 53936
001211578 71888
001211579 61664
001211580 75200
001211581 77952
001211582 110080
001211583 92000
001211584 89920
001211585 108160
001211586 108864
001211587 68160
001211588 88640
001211590 126288
001211591 52064
001211592 63520
001211593 104384
001211595 37760
001211596 117648
001211597 44288
001211598 61584
001211599 132160
001211600 131840
001211601 108480
001211603 114880
001211605 112800
001211606 39008
001211607 74608
001211608 72160
001211609 60992
001211612 128320
001211613 71104
001211614 83200
001211615 87664
001211616 87920
001211617 81392
001211618 62848
001211619 115680
001211620 128160
001211621 111040
001211622 59680
001211623 87360
001211624 95200
001211625 74736
001211627 139344
001211628 103920
001211629 105280
001211630 41392
001211631 49280
001211632 51696
001211633 126432
001211634 86256
001211635 73824
001211636 84256
001211638 61680
001211639 91520
001211640 92976
001211642 119456
001211644 71680
001211645 65552
001211646 119360
001211647 53440
001211648 80400
001211650 60640
001211651 118880
001211652 131680
001211653 128160
001211654 137120
001211655 64640
001211656 92912
001211657 107360
001211658 90560
001211659 111072
001211660 77920
001211661 71360
001211663 69440
001211664 100000
001211665 88480
001211666 65280
001211667 116960
001211668 90720
001211669 74080
001211671 71360
001211672 114400
001211673 97312
001211675 94976
001211677 53680
001211678 131360
001211679 98880
001211680 76960
001211681 149440
001211682 53760
001211683 69600
001211684 125120
001211685 118336
001211686 117568
001211688 73040
001211690 97552
001211691 67360
001211692 76832
001211693 117120
001211694 87488
001211695 133760
001211696 81952
001211697 56944
001211698 118560
001211699 89760
001211700 131520
001211701 50720
001211703 152960
001211705 114080
001211706 58064
001211707 47040
001211709 88160
001211710 83632
001211711 121280
001211712 88480
001211713 109440
001211714 78400
001211715 76160
001211716 91520
001211717 113888
001211719 66560
001211720 75296
001211721 59712
001211722 88640
001211723 113280
001211724 53120
001211725 60928
001211726 135200
001211727 85472
001211728 114688
001211729 96096
001211730 93280
001211731 93600
001211732 73760
001211734 49280
001211735 75200
001211736 122400
001211737 72800
001211738 76944
001211739 77280
001211740 58720
001211741 72000
001211742 134240
001211743 92800
001211744 105440
001211745 88080
001211746 107360
001211747 80480
001211748 58400
001211749 92000
001211750 58080
001211751 54960
001211752 120160
001211753 118080
001211755 44784
001211756 109600
001211757 72720
001211759 50720
001211760 54592
001211761 106240
001211762 66240
001211763 57136
001211764 104160
001211765 84160
001211766 59728
001211767 63040
001211768 107360
001211769 75680
001211770 118400
001211771 44112
001211772 98400
001211773 53264
001211774 71792
001211775 93440
001211777 114720
001211778 69440
001211779 88800
001211780 138880
001211781 54848
001211782 74080
001211783 44640
001211784 74400
001211785 116000
001211786 53584
001211788 126560
001211789 51776
001211790 58368
001211794 144000
001211795 50720
001211796 62960
001211797 68480
001211798 79200
001211799 79680
001211800 64191
001220002 174240
001220006 85120
001220008 89680
001220009 74976
001220010 97920
001220011 81184
001220012 130560
001220013 90800
001220014 136640
001220015 106448
001220016 179616
001220017 82032
001220019 135280
001220020 86960
001220021 48672
001220023 68880
001220024 58464
001220025 83328
001220026 58896
001220027 62640
001220029 67424
001220030 69200
001220031 74880
001220032 64319
001220034 104848
001220036 58528
001220037 77072
001220038 58384
001220039 54864
001220042 40304
001220043 75072
001220045 43840
001220046 51664
001220048 85696
001220049 49200
001220052 74928
001220054 37232
001220057 75152
001220058 65632
001220062 55168
001220063 85520
001220064 57920
001220065 57792
001220068 78784
001220069 67616
001220070 65872
001220071 52144
001220073 77312
001220074 77296
001220075 59072
001220076 114320
001220077 50672
001220078 81344
001220079 63648
001220080 47056
001220081 60912
001220082 84608
001220083 61392
001220084 68848
001220086 68656
001220090 78352
001220093 86880
001220094 65312
001220095 80112
001220096 61280
001220097 59376
001220098 92832
001220099 63520
001220100 74032
001220101 138400
001220103 115840
001220105 97280
001220107 128048
001220109 82976
001220110 71648
001220111 83104
001220115 128175
001220117 106496
001220119 72128
001220120 57232
001220123 143040
001220124 57360
001220125 112096
001220126 84288
001220128 131680
001220129 71584
001220130 59200
001220131 48224
001220133 69904
001220134 69600
001220136 72720
001220137 116640
001220139 43712
001220141 59968
001220142 76752
001220143 70176
001220144 139824
001220145 58800
001220146 63856
001220147 92496
001220148 77504
001220149 70192
001220150 61120
001220151 101552
001220152 97936
001220153 34448
001220154 96304
001220155 81552
001220156 82240
001220157 74720
001220158 94240
001220159 101200
001220160 94112
001220162 83136
001220164 110656
001220165 100720
001220166 115504
001220167 85824
001220168 63584
001220169 94560
001220170 119072
001220171 58368
001220172 86880
001220173 85888
001220174 64640
001220175 121600
001220176 81680
001220177 69088
001220178 94384
001220179 57184
001220180 76944
001220182 153264
001220184 76368
001220185 89152
001220187 135200
001220189 62608
001220190 96320
001220191 51344
001220192 93104
001220193 93936
001220194 125280
001220195 98944
001220198 92880
001220199 153120
001220200 48320
001220201 49392
001220203 106400
001220205 78752
001220206 60336
001220208 100816
001220209 92096
001220211 97376
001220212 70064
001220214 69424
001220216 95952
001220217 75008
001220218 99024
001220219 53552
001220221 100256
001220222 104880
001220223 104256
001220224 48272
001220225 69184
001220227 102176
001220228 98272
001220230 60752
001220231 68512
001220233 56016
001220234 111936
001220235 95840
001220236 49168
001220237 81168
001220238 67328
001220239 80096
001220241 87312
001220242 131039
001220243 100256
001220244 105120
001220245 107024
001220246 55920
001220248 86560
001220249 78560
001220251 70208
001220253 116640
001220254 42128
001220255 118560
001220256 81264
001220257 130672
001220258 51008
001220259 118032
001220260 73728
001220261 86720
001220264 97232
001220265 100576
001220267 81232
001220269 97728
001220270 81584
001220271 91616
001220273 96192
001220274 134128
001220275 65904
001220278 83856
001220279 127504
001220281 122880
001220287 82592
001220288 40272
001220289 121920
001220290 42144
001220291 35520
001220294 116000
001220295 92480
001220296 67888
001220297 112240
001220298 60800
001220299 124640
001220300 105984
001220301 100816
001220302 66640
001220303 104464
001220304 114560
001220305 86016
001220306 133280
001220308 92320
001220314 76320
001220315 91840
001220319 93600
001220320 106560
001220323 56640
001220325 125280
001220326 118400
001220327 85952
001220333 89344
001220334 89552
001220336 55168
001220339 125488
001220342 67600
001220343 67888
001220345 105328
001220347 61312
001220349 79360
001220350 71056
001220352 93600
001220355 117776
001220356 94624
001220357 98720
001220358 120000
001220361 100320
001220362 93376
001220363 60704
001220364 83072
001220365 122720
001220366 96848
001220367 48720
001220369 79040
001220370 41616
001220372 52800
001220374 95920
001220378 83200
001220380 42240
001220381 67648
001220383 114560
001220385 78576
001220388 93504
001220392 65600
001220394 105440
001220396 55680
001220399 84160
001220400 98592
001221401 56624
001221402 75824
001221403 67680
001221405 65120
001221406 54928
001221408 74160
001221409 42208
001221411 77920
001221412 81280
001221413 36784
001221414 89920
001221415 54624
001221416 65616
001221417 92960
001221418 60800
001221419 54592
001221422 52960
001221423 45744
001221424 59040
001221425 55840
001221426 54464
001221427 72448
001221428 50128
001221429 53328
001221430 64480
001221431 39616
001221432 75424
001221433 75680
001221434 57376
001221435 55008
001221436 55520
001221437 46720
001221438 58592
001221439 76336
001221440 39472
001221441 64544
001221442 69232
001221443 73536
001221444 78720
001221445 50992
001221446 77984
001221447 55520
001221448 55600
001221449 59376
001221450 63808
001221451 77440
001221452 70448
001221453 66848
001221454 43376
001221455 61664
001221456 60720
001221457 67952
001221458 83264
001221459 53952
001221460 56640
001221461 67792
001221462 43312
001221463 67360
001221464 61392
001221465 53024
001221466 65952
001221467 53760
001221468 57616
001221469 67792
001221470 62560
001221471 51040
001221472 65184
001221474 51872
001221475 64111
001221476 60736
001221477 63072
001221478 56112
001221479 64560
001221480 85440
001221481 59984
001221482 59520
001221483 49888
001221484 50000
001221485 56640
001221487 68240
001221488 49600
001221489 79840
001221490 51280
001221491 50528
001221494 54176
001221495 62576
001221496 66080
001221497 45392
001221498 63216
001221499 58800
001221500 73312
001221501 54240
001221502 78880
001221503 49760
001221504 119200
001221505 94736
001221506 104640
001221507 95536
001221508 51232
001221509 63712
001221510 69792
001221511 116768
001221512 55360
001221513 108320
001221516 82096
001221517 108480
001221518 90080
001221520 54720
001221521 87024
001221522 79232
001221523 50192
001221524 113568
001221525 52544
001221526 104320
001221527 49296
001221528 43392
001221529 98704
001221530 111072
001221531 84640
001221532 103040
001221533 103200
001221534 74480
001221536 120880
001221537 71152
001221538 125120
001221539 65616
001221540 46976
001221541 107520
001221542 52032
001221543 102208
001221544 89696
001221545 102288
001221546 100512
001221548 61904
001221549 65232
001221550 100064
001221551 70672
001221552 48320
001221553 90368
001221554 59232
001221555 95744
001221556 63536
001221557 90624
001221558 151728
001221561 85520
001221562 126976
001221563 123680
001221564 45552
001221565 44448
001221566 98720
001221567 68256
001221569 70688
001221570 108992
001221571 101664
001221574 43888
001221575 76688
001221576 77120
001221577 43376
001221578 46864
001221579 70880
001221580 108096
001221581 92368
001221582 62192
001221583 54880
001221584 50864
001221585 69760
001221586 124688
001221587 106640
001221588 89488
001221589 62624
001221592 121152
001221593 101168
001221594 149920
001221595 91904
001221596 40368
001221597 101120
001221598 96864
001221599 50032
001221600 83216
001221601 46784
001221602 85328
001221603 88480
001221606 41872
001221607 71328
001221609 53968
001221610 112752
001221611 76160
001221612 85472
001221613 83712
001221614 35424
001221615 71328
001221616 56064
001221617 77760
001221618 73968
001221619 76544
001221621 96736
001221622 97424
001221623 50720
001221624 48656
001221625 90720
001221626 47200
001221627 96272
001221628 55840
001221629 117472
001221630 39680
001221631 122880
001221632 38560
001221633 77952
001221634 112160
001221635 100960
001221636 63040
001221637 83504
001221638 102736
001221639 59024
001221640 117824
001221641 106416
001221642 69280
001221643 59616
001221644 79200
001221645 100864
001221646 112960
001221647 110544
001221648 70656
001221649 116912
001221650 100928
001221651 114400
001221652 42880
001221654 104544
001221655 72160
001221656 94032
001221657 52800
001221658 165456
001221660 95664
001221662 59712
001221663 88080
001221664 106624
001221666 89424
001221667 93328
001221668 60320
001221669 100768
001221670 103680
001221671 64959
001221672 109072
001221673 74688
001221674 72816
001221675 93232
001221677 77776
001221678 43456
001221679 87440
001221680 102608
001221681 58848
001221682 107520
001221683 87088
001221684 73856
001221685 82976
001221686 71744
001221688 106928
001221689 101920
001221691 66640
001221692 60320
001221693 85712
001221695 89664
001221696 96896
001221697 129536
001221698 89680
001221699 92480
001221700 104592
001221701 58240
001221702 89072
001221703 49536
001221704 59312
001221705 66352
001221706 83888
001221708 72416
001221709 94576
001221711 122400
001221712 71168
001221713 101408
001221714 94864
001221715 64544
001221717 117664
001221718 85312
001221719 48480
001221720 84240
001221721 54752
001221722 45984
001221723 54928
001221725 88288
001221726 43312
001221728 113424
001221729 117728
001221730 80288
001221731 44784
001221732 58544
001221733 73792
001221734 62160
001221735 79040
001221736 78080
001221737 62960
001221738 77776
001221740 105808
001221741 93920
001221742 45280
001221744 50560
001221745 112544
001221746 67312
001221747 103040
001221748 86944
001221749 105440
001221750 64352
001221751 95408
001221752 71120
001221753 109728
001221755 61552
001221756 42240
001221757 46560
001221758 136800
001221759 43024
001221760 81920
001221761 52992
001221762 91344
001221763 72384
001221764 108480
001221765 83712
001221766 78720
001221767 77232
001221768 77120
001221769 128032
001221771 125376
001221772 53072
001221773 87984
001221774 77664
001221775 94272
001221776 109280
001221777 128928
001221778 79184
001221779 107344
001221780 70704
001221781 69200
001221782 129536
001221783 88000
001221784 97760
001221786 126320
001221787 104320
001221788 114656
001221789 122784
001221790 54320
001221791 63040
001221792 93392
001221793 82544
001221794 105424
001221795 41936
001221796 108032
001221797 112320
001221798 68544
001221799 61920
001221800 84480
001230001 68912
001230002 180800
001230003 96704
001230005 171040
001230006 105440
001230007 118400
001230008 93280
001230009 79520
001230010 124960
001230011 87520
001230012 130240
001230014 155520
001230015 140960
001230016 204160
001230017 84320
001230018 109120
001230019 194000
001230020 120160
001230021 42880
001230023 74720
001230024 65568
001230025 112960
001230026 59840
001230027 54464
001230028 47744
001230029 59360
001230030 72480
001230031 74240
001230032 83360
001230033 103040
001230034 126080
001230036 54240
001230037 99360
001230038 52000
001230039 68480
001230040 89600
001230041 34560
001230042 35024
001230043 87360
001230044 43552
001230045 42720
001230046 45904
001230047 44160
001230048 70560
001230049 54400
001230050 66240
001230052 90080
001230053 40480
001230054 37920
001230057 89440
001230058 59520
001230059 52960
001230060 63280
001230061 61280
001230062 69280
001230063 73600
001230064 64959
001230065 62560
001230066 57920
001230067 62880
001230068 91360
001230069 80000
001230070 65120
001230071 51040
001230072 69440
001230073 72800
001230074 72480
001230075 56800
001230076 111680
001230077 53600
001230078 100000
001230079 59520
001230080 67360
001230081 71200
001230082 101280
001230083 76320
001230084 77760
001230085 77600
001230086 86240
001230087 79520
001230088 76960
001230089 109120
001230090 80640
001230091 79680
001230093 96480
001230094 71680
001230095 86400
001230096 70880
001230097 74880
001230098 99360
001230099 84000
001230100 77280
001230101 103520
001230103 88320
001230104 113440
001230106 75840
001230107 60160
001230108 89600
001230109 115360
001230110 113520
001230111 87360
001230113 101600
001230114 55824
001230115 128160
001230116 115360
001230117 115360
001230118 167680
001230119 68320
001230120 61440
001230121 149280
001230122 58720
001230123 183040
001230124 152960
001230127 86720
001230129 123040
001230130 80160
001230131 162240
001230132 179200
001230133 133600
001230134 39840
001230135 68480
001230136 129919
001230137 89920
001230139 102560
001230141 86240
001230143 174080
001230145 81120
001230146 90720
001230147 49600
001230148 114720
001230150 178080
001230151 168480
001230152 66400
001230153 62560
001230154 116800
001230156 98560
001230157 85760
001230158 127520
001230160 63200
001230161 194720
001230162 95520
001230163 71040
001230164 187200
001230165 125440
001230166 97920
001230167 66720
001230169 174880
001230170 176640
001230171 143680
001230172 89600
001230173 67680
001230174 165120
001230175 68480
001230176 121440
001230178 130560
001230179 133760
001230180 72800
001230182 104960
001230183 46560
001230184 179040
001230185 102720
001230188 112320
001230189 109920
001230190 125760
001230191 139360
001230192 61440
001230193 75520
001230194 72320
001230198 85280
001230199 68320
001230200 109760
001230201 75200
001230205 104320
001230206 46240
001230208 92160
001230212 92000
001230213 81040
001230214 104320
001230215 102720
001230216 162080
001230218 141920
001230219 131039
001230220 148640
001230221 123184
001230222 102064
001230223 77120
001230224 131360
001230225 177920
001230226 96480
001230227 95680
001230228 75360
001230229 171040
001230230 159040
001230231 122720
001230232 142720
001230233 76000
001230236 170080
001230237 138560
001230238 124000
001230239 140000
001230240 165120
001230241 214560
001230242 73920
001230244 91680
001230245 125120
001230246 94240
001230247 72480
001230248 65600
001230249 137280
001230250 101440
001230251 99040
001230252 177600
001230253 46080
001230254 130720
001230255 108960
001230257 124960
001230258 100800
001230260 142880
001230261 44960
001230262 144800
001230264 113600
001230266 49600
001230267 75520
001230268 37600
001230269 52960
001230270 64160
001230271 54560
001230272 83200
001230273 66720
001230275 103840
001230276 71040
001230277 61600
001230278 92160
001230279 78560
001230280 96320
001230281 54880
001230282 133600
001230283 92640
001230285 147200
001230286 63680
001230287 82080
001230288 171136
001230289 116000
001230290 176160
001230291 59904
001230292 139360
001230293 134240
001230295 143360
001230299 94240
001230300 96320
001230302 121920
001230303 129919
001230305 94080
001230307 105440
001230308 76000
001230309 117760
001230310 133632
001230311 163232
001230312 49600
001230314 97280
001230316 75520
001230317 96320
001230318 90880
001230319 113440
001230320 107200
001230321 137120
001230322 66400
001230323 61120
001230325 146080
001230326 82720
001230328 117280
001230329 123040
001230330 72960
001230331 115520
001230333 110080
001230335 100160
001230336 165600
001230338 136960
001230339 213760
001230340 137120
001230341 132800
001230342 148320
001230343 179680
001230344 184320
001230345 54544
001230346 88320
001230347 42240
001230349 86080
001230350 100160
001230351 88800
001230352 168320
001230353 139200
001230354 109760
001230356 56960
001230357 159360
001230358 149920
001230360 107040
001230361 131824
001230362 109280
001230363 108160
001230364 114080
001230366 117440
001230367 84160
001230368 129600
001230369 67360
001230370 106240
001230372 50240
001230374 52480
001230375 144480
001230377 59840
001230378 41952
001230379 78880
001230380 93600
001230381 147680
001230382 164000
001230383 114400
001230385 142240
001230386 132640
001230387 106880
001230388 65600
001230389 87680
001230392 74880
001230393 38560
001230395 112960
001230396 103520
001230397 122880
001230398 91200
001230400 56544
001231401 68160
001231402 82368
001231403 80320
001231405 72480
001231406 65936
001231407 64160
001231408 70560
001231409 47280
001231411 108480
001231412 82560
001231413 36160
001231414 88960
001231415 59200
001231416 99360
001231417 151680
001231418 61120
001231422 50400
001231423 42080
001231424 57600
001231425 60800
001231428 44000
001231429 52960
001231430 73760
001231431 44592
001231432 98880
001231433 84160
001231434 57120
001231435 57760
001231436 72000
001231438 67040
001231440 39808
001231441 56640
001231442 100640
001231443 66240
001231444 70080
001231445 45440
001231447 46304
001231448 60800
001231449 50720
001231450 62560
001231451 75360
001231452 84640
001231453 72480
001231454 34752
001231457 65120
001231458 110720
001231459 46768
001231460 66224
001231461 58400
001231463 88000
001231464 96800
001231465 57760
001231466 73920
001231467 53600
001231468 60320
001231470 97440
001231471 45440
001231473 53040
001231474 49120
001231475 65120
001231476 76000
001231477 71040
001231478 47200
001231479 75360
001231480 90240
001231482 57232
001231483 58000
001231484 52160
001231485 57440
001231487 77280
001231488 53440
001231489 97920
001231490 52528
001231491 46080
001231492 62544
001231493 43840
001231494 59040
001231495 68944
001231496 81280
001231497 59520
001231498 72640
001231499 59200
001231500 64319
001231501 38752
001231504 85440
001231506 69600
001231507 78720
001231508 82880
001231509 92160
001231510 179840
001231513 93760
001231514 90080
001231515 150240
001231517 73920
001231518 124160
001231521 103840
001231522 139200
001231523 86912
001231524 102720
001231526 136960
001231527 56960
001231529 102240
001231530 147200
001231531 51952
001231533 59680
001231534 129600
001231536 157280
001231538 71680
001231539 50880
001231540 123680
001231542 153760
001231543 64319
001231544 172640
001231545 176800
001231547 116000
001231550 68944
001231551 94080
001231552 94720
001231553 76000
001231554 77600
001231555 118080
001231557 140640
001231558 34720
001231559 155680
001231561 106560
001231562 68640
001231563 81920
001231564 97920
001231565 81920
001231566 94400
001231567 126064
001231568 64800
001231569 137120
001231570 134400
001231571 102880
001231572 63792
001231573 36800
001231574 74080
001231575 69424
001231576 74880
001231577 99520
001231578 119680
001231579 117760
001231580 84800
001231581 99840
001231582 78720
001231583 53600
001231584 88000
001231585 107520
001231586 122400
001231587 134400
001231590 117280
001231591 52800
001231593 102240
001231594 128832
001231595 73120
001231596 147360
001231598 68480
001231599 69120
001231600 99360
001231601 115680
001231603 92800
001231604 99200
001231605 124160
001231606 97600
001231607 64480
001231608 178880
001231609 82720
001231610 122400
001231611 176640
001231612 144640
001231613 63840
001231614 102720
001231615 64160
001231617 62272
001231618 100640
001231619 49760
001231620 130240
001231621 52000
001231623 90880
001231624 67840
001231626 157648
001231627 167680
001231628 130400
001231629 131840
001231630 170720
001231632 84320
001231633 52000
001231634 80160
001231635 176800
001231636 151520
001231637 125120
001231638 63904
001231639 154400
001231640 140480
001231641 179840
001231642 167040
001231643 134720
001231644 115360
001231645 128000
001231646 93920
001231647 156640
001231648 94560
001231649 122400
001231650 139328
001231651 63840
001231652 101920
001231653 128479
001231656 134880
001231658 106560
001231659 194240
001231660 44320
001231661 110240
001231662 128639
001231663 48800
001231664 64480
001231665 76640
001231666 144960
001231667 109120
001231668 89376
001231669 126880
001231670 97760
001231674 134880
001231675 116000
001231676 94880
001231677 58080
001231678 113440
001231679 173920
001231681 73920
001231683 64160
001231684 80800
001231685 177120
001231688 156320
001231689 86720
001231692 136960
001231693 76000
001231695 52000
001231696 110400
001231697 51200
001231698 130080
001231699 86096
001231700 172160
001231701 58240
001231702 74400
001231703 79040
001231704 99360
001231705 61760
001231707 102720
001231708 46080
001231709 100960
001231710 44320
001231711 153120
001231713 186400
001231714 87040
001231715 57920
001231716 120480
001231717 122080
001231719 143840
001231721 96160
001231724 66080
001231725 108480
001231726 149120
001231728 153120
001231729 68480
001231730 88320
001231731 142400
001231732 131360
001231734 33600
001231735 133424
001231736 111840
001231737 118352
001231738 125280
001231739 84000
001231741 133280
001231743 66272
001231746 131680
001231747 90720
001231748 41280
001231749 111840
001231750 111200
001231752 77792
001231753 74880
001231754 93920
001231756 112000
001231757 64000
001231758 72160
001231759 64848
001231760 73440
001231761 127936
001231762 47520
001231763 82240
001231764 120800
001231765 62240
001231766 122080
001231767 127040
001231768 76480
001231769 115040
001231771 55520
001231774 80160
001231775 104000
001231776 157760
001231777 86560
001231780 122720
001231781 154880
001231782 75920
001231783 62240
001231785 141920
001231787 134400
001231788 78560
001231791 165440
001231792 150400
001231793 108960
001231795 156000
001231796 104160
001231798 40960
001231799 136640
001231800 54720
001240001 61760
001240002 164587
001240003 81712
001240005 137760
001240006 79952
001240007 100448
001240008 89856
001240009 71520
001240013 88144
001240014 144949
001240015 104448
001240016 151264
001240017 81152
001240018 93899
001240019 136458
001240020 88000
001240021 46944
001240024 63312
001240025 85984
001240027 54880
001240028 54944
001240031 82272
001240032 68352
001240033 88496
001240034 102635
001240036 61024
001240037 91136
001240038 67248
001240039 70016
001240040 82986
001240043 74976
001240047 46576
001240048 95072
001240049 53440
001240052 81920
001240055 57920
001240057 76160
001240058 56458
001240059 59088
001240060 73440
001240061 65600
001240062 66832
001240063 87056
001240064 68128
001240068 83840
001240069 65152
001240072 75200
001240073 75264
001240074 73408
001240075 61488
001240077 63216
001240078 85355
001240081 59120
001240082 91328
001240084 71360
001240086 69872
001240089 125280
001240090 87792
001240092 122240
001240093 81184
001240094 66896
001240096 70992
001240098 95168
001240104 28224
001240105 100368
001240106 99664
001240107 87040
001240108 164064
001240109 62112
001240111 72304
001240112 80448
001240113 95136
001240116 50288
001240118 103504
001240123 70272
001240125 117120
001240126 72176
001240127 171968
001240135 87840
001240136 144976
001240140 84336
001240146 84736
001240149 97856
001240150 108256
001240152 125600
001240153 127712
001240154 133040
001240155 133760
001240157 163760
001240158 86736
001240161 47472
001240162 59264
001240165 53984
001240166 139872
001240170 90432
001240172 89984
001240173 128928
001240174 76784
001240176 57616
001240180 75936
001240187 135984
001240188 98944
001240192 96528
001240193 89280
001240196 75328
001240198 141792
001240199 62864
001240202 83824
001240203 65343
001240205 113600
001240206 126384
001240208 123312
001240210 104704
001240211 85044
001240212 59264
001240214 125920
001240216 105216
001240217 77952
001240218 85728
001240219 91136
001240220 49520
001240221 83872
001240224 111664
001240230 130752
001240232 61792
001240234 96656
001240236 111568
001240237 138016
001240239 69600
001240242 63040
001240243 106576
001240244 72624
001240260 136800
001240261 147536
001240263 94816
001240265 108896
001240266 99856
001240268 112448
001240269 50912
001240270 116448
001240271 118656
001240272 105632
001240277 86960
001240278 94992
001240289 71712
001240295 88224
001240298 144800
001240299 129520
001240303 84160
001240306 131296
001240307 126624
001240309 71776
001240310 122016
001240314 61152
001240316 67968
001240319 67184
001240320 62032
001240329 81792
001240331 98480
001240332 119728
001240334 65904
001240336 90544
001240337 105360
001240344 144176
001240346 88048
001240347 141056
001240349 56880
001240350 142928
001240355 108288
001240356 93696
001240359 100432
001240360 75920
001240362 131248
001240364 52176
001240368 168032
001240369 158336
001240371 77584
001240372 57824
001240373 134144
001240374 176507
001240380 165504
001240382 123840
001240384 91728
001240385 93280
001240391 56768
001240392 124160
001240394 89568
001240395 68096
001240396 69936
001240397 72432
001240399 51744
001240400 144320
001241406 57600
001241407 70432
001241413 40672
001241424 70720
001241428 52640
001241434 80736
001241435 55648
001241438 71680
001241440 41584
001241444 98272
001241447 68960
001241449 56480
001241450 73472
001241462 52560
001241464 78416
001241466 69296
001241467 59712
001241470 70096
001241474 65552
001241475 81216
001241483 66512
001241485 70048
001241487 95648
001241490 59733
001241495 59040
001241496 73488
001241499 76128
001241500 69888
001241502 81392
001241507 71312
001241510 42032
001241514 137600
001241516 43200
001241517 139168
001241522 77056
001241525 100752
001241530 105776
001241532 114400
001241533 56480
001241534 128160
001241538 87616
001241540 105040
001241541 59648
001241542 56768
001241544 86784
001241546 139824
001241552 147188
001241556 88320
001241557 77749
001241559 153280
001241562 105840
001241563 152608
001241571 117504
001241578 125280
001241579 66228
001241580 58320
001241581 75200
001241586 106560
001241588 97824
001241589 94773
001241591 102880
001241592 100384
001241593 93472
001241598 90740
001241600 86704
001241601 89168
001241605 111285
001241606 63280
001241607 119680
001241608 112480
001241613 166336
001241615 115856
001241616 46192
001241617 120016
001241621 51146
001241627 93264
001241633 139520
001241634 133520
001241637 172992
001241640 131104
001241649 69664
001241652 109936
001241658 89072
001241660 54176
001241662 90448
001241664 60544
001241666 109392
001241667 61312
001241670 136096
001241673 62768
001241675 98000
001241678 62032
001241688 88928
001241694 101808
001241696 49184
001241706 112160
001241711 128800
001241716 98688
001241719 50240
001241722 159872
001241723 71232
001241724 149072
001241725 160480
001241732 77440
001241735 119520
001241737 95616
001241740 62288
001241741 118720
001241742 130864
001241743 128479
001241744 60800
001241745 72960
001241746 109920
001241747 120480
001241750 61904
001241751 83840
001241752 72992
001241753 136320
001241754 156960
001241755 54624
001241756 96160
001241758 60000
001241759 87328
001241761 167200
001241762 95232
001241763 118080
001241764 70256
001241765 58080
001241766 90240
001241767 113728
001241768 87840
001241769 84480
001241770 128320
001241771 61280
001241772 64416
001241773 55712
001241774 53920
001241775 83840
001241776 105920
001241777 131840
001241778 100480
001241780 57920
001241781 75376
001241783 161280
001241786 134672
001241787 187120
001241789 91840
001241790 114400
001241791 67840
001241792 119200
001241793 124704
001241794 51008
001241795 154240
001241796 75840
001241797 66336
001241798 137312
001241799 98400
001250001 57104
001250002 161440
001250003 82848
001250004 106576
001250005 139024
001250006 82560
001250007 100160
001250008 95200
001250009 72480
001250010 85600
001250011 72480
001250012 139840
001250013 92352
001250014 142400
001250015 96064
001250016 163200
001250017 92160
001250018 85760
001250019 141280
001250020 82720
001250021 48640
001250022 56256
001250023 64688
001250024 62720
001250025 98560
001250026 54080
001250027 52480
001250028 49120
001250029 64688
001250030 69760
001250031 73600
001250032 67680
001250033 95840
001250034 104480
001250035 42400
001250036 55936
001250037 90240
001250038 56320
001250039 64000
001250040 70400
001250041 32848
001250042 37600
001250043 63092
001250044 44960
001250045 40160
001250046 44976
001250047 45328
001250048 78720
001250049 52944
001250050 63360
001250052 86560
001250053 39520
001250054 38160
001250055 49488
001250056 81440
001250057 75360
001250058 63520
001250059 56160
001250060 72960
001250061 70400
001250062 57920
001250063 74080
001250064 57536
001250065 55680
001250066 55344
001250067 53600
001250068 76320
001250070 56224
001250071 55456
001250072 72688
001250073 64959
001250074 72160
001250077 53216
001250078 82080
001250079 65280
001250080 46352
001250081 58240
001250082 90448
001250083 58400
001250084 56800
001250085 56672
001250086 64000
001250087 68800
001250088 68800
001250089 96480
001250090 69440
001250091 76960
001250092 108320
001250093 84640
001250094 60064
001250095 71360
001250096 66880
001250097 67040
001250098 97760
001250100 71184
001250101 129919
001250102 75168
001250103 102080
001250104 102720
001250105 93440
001250106 156320
001250107 111680
001250108 76480
001250110 84960
001250111 51200
001250112 40640
001250113 61280
001250114 96640
001250115 157920
001250116 78560
001250117 56000
001250118 82400
001250119 97440
001250120 112960
001250121 86400
001250122 160640
001250123 110560
001250125 91360
001250126 125920
001250127 99696
001250129 154080
001250130 99840
001250131 152000
001250132 96320
001250133 112928
001250134 76480
001250135 140784
001250136 108960
001250137 81280
001250138 53760
001250139 57920
001250141 45920
001250142 97920
001250144 49920
001250145 123312
001250146 116480
001250147 72800
001250148 93920
001250149 92800
001250150 53376
001250152 73440
001250153 144960
001250154 71040
001250155 61600
001250156 90400
001250158 67680
001250159 82400
001250160 81680
001250161 42720
001250162 107200
001250163 78560
001250164 70960
001250165 124320
001250166 76464
001250167 43520
001250168 168160
001250169 154400
001250170 54560
001250171 77440
001250172 51040
001250173 71360
001250174 60800
001250175 104640
001250176 84800
001250177 46736
001250178 67040
001250179 45120
001250180 86160
001250181 90400
001250182 76480
001250183 67456
001250184 88960
001250185 86160
001250186 161920
001250187 49760
001250188 79520
001250189 74720
001250190 50720
001250191 155040
001250192 126080
001250193 140640
001250194 102400
001250195 70720
001250196 128320
001250197 166720
001250198 120784
001250199 96800
001250200 123200
001250201 101920
001250202 106720
001250203 88720
001250204 94720
001250205 77440
001250206 89792
001250207 72160
001250209 93600
001250211 186240
001250212 121120
001250213 133120
001250214 110400
001250215 100480
001250216 70304
001250217 109072
001250218 105072
001250219 56000
001250220 127504
001250221 93296
001250222 106720
001250223 127680
001250224 120640
001250225 85600
001250226 81120
001250227 118240
001250228 130080
001250229 78240
001250230 92784
001250231 61104
001250232 125440
001250233 100640
001250234 105600
001250235 210080
001250236 145440
001250238 144160
001250239 97120
001250240 154240
001250241 99088
001250242 100960
001250243 117760
001250244 79840
001250245 121440
001250246 157600
001250247 102240
001250248 39520
001250249 52768
001250250 113184
001250251 55840
001250252 114560
001250253 84400
001250254 113600
001250255 72464
001250256 91936
001250257 120080
001250258 115152
001250259 48800
001250260 108960
001250261 48544
001250262 106432
001250263 136000
001250264 72000
001250265 112032
001250266 67840
001250267 102720
001250268 45568
001250269 64800
001250270 131680
001250271 91200
001250272 134000
001250273 66496
001250274 132320
001250275 130720
001250276 72640
001250277 84320
001250278 51408
001250279 144800
001250280 60480
001250281 46880
001250282 45920
001250283 94720
001250284 97440
001250285 75040
001250286 108320
001250287 95200
001250288 131360
001250289 74720
001250290 72000
001250291 106400
001250292 92800
001250293 128639
001250294 125920
001250295 117408
001250297 100640
001250298 86880
001250299 151520
001250300 109440
001250301 67504
001250302 79680
001250303 89280
001250304 174560
001250305 85904
001250306 78400
001250307 91776
001250308 51360
001250309 86864
001250310 113600
001250311 118080
001250312 67200
001250313 113920
001250314 125760
001250315 66080
001250316 104656
001250317 87840
001250318 130880
001250319 117760
001250320 55328
001250321 96960
001250322 54880
001250323 51040
001250324 99520
001250325 67520
001250326 69760
001250327 98768
001250329 73600
001250330 76160
001250331 103520
001250332 75680
001250333 71024
001250334 107200
001250335 120640
001250336 102720
001250337 74432
001250338 42336
001250339 137440
001250340 124160
001250341 119856
001250342 103680
001250343 127872
001250344 121600
001250345 88960
001250346 92800
001250348 108224
001250349 81808
001250350 111360
001250351 157920
001250352 84144
001250353 130240
001250354 106880
001250355 111040
001250356 106688
001250357 107744
001250358 125760
001250359 52000
001250360 42736
001250361 126080
001250362 79040
001250364 67456
001250365 69520
001250366 89600
001250367 54448
001250368 76640
001250369 93760
001250370 88640
001250371 59696
001250372 103200
001250374 63360
001250375 98720
001250376 145120
001250377 150400
001250378 86080
001250379 106240
001250380 57904
001250381 55680
001250382 85440
001250383 121424
001250384 109120
001250385 78448
001250386 93920
001250387 136640
001250388 63200
001250389 90880
001250390 48704
001250391 91520
001250392 70720
001250393 77312
001250394 66880
001250395 117760
001250396 86064
001250397 37760
001250399 112160
001250400 63760
001251402 79904
001251403 69648
001251404 89120
001251405 69280
001251406 60800
001251407 65920
001251408 75680
001251409 53664
001251411 79680
001251412 88480
001251413 39200
001251414 78720
001251415 58240
001251416 72080
001251418 60640
001251420 55168
001251421 43840
001251422 51680
001251423 56960
001251424 62080
001251425 62720
001251427 86400
001251428 52000
001251429 44912
001251430 69120
001251431 43456
001251432 76000
001251433 84320
001251434 61920
001251435 54720
001251436 63360
001251437 62240
001251438 73760
001251439 89584
001251440 41232
001251441 72640
001251442 85904
001251443 73600
001251444 90720
001251445 69440
001251446 81328
001251447 61920
001251448 59040
001251449 59680
001251450 62400
001251451 79680
001251452 80160
001251453 76800
001251454 41904
001251456 77472
001251457 72800
001251458 92480
001251459 50624
001251460 60640
001251461 83968
001251463 71520
001251464 78560
001251465 56480
001251466 72480
001251467 65760
001251468 63920
001251470 66560
001251471 60208
001251472 72896
001251473 48064
001251474 55520
001251475 74400
001251476 91040
001251477 87296
001251478 53600
001251479 67840
001251480 87360
001251481 87200
001251482 63840
001251483 62400
001251485 74896
001251487 78864
001251488 53568
001251489 89120
001251490 56160
001251491 66240
001251492 64592
001251493 50880
001251494 58720
001251495 60480
001251496 62304
001251497 52480
001251498 71344
001251499 64160
001251500 71680
001251501 53120
001251503 88320
001251504 127680
001251505 82416
001251506 66416
001251507 151456
001251508 140608
001251509 61280
001251510 85600
001251511 67680
001251512 127040
001251513 148480
001251515 89088
001251516 120816
001251517 176960
001251518 98224
001251519 52960
001251520 149376
001251521 130880
001251523 86240
001251524 116160
001251525 130431
001251526 65328
001251527 83520
001251528 60160
001251529 73440
001251530 67840
001251531 118560
001251532 71840
001251533 74080
001251535 86304
001251536 66720
001251537 127200
001251539 82560
001251540 128832
001251541 94400
001251542 144160
001251543 103072
001251544 88304
001251545 48928
001251546 61536
001251547 52320
001251548 77440
001251550 57952
001251551 141120
001251552 131680
001251553 56880
001251554 124640
001251555 120480
001251556 95680
001251557 107040
001251558 53600
001251559 82240
001251560 134240
001251561 90400
001251563 66400
001251564 136000
001251565 59520
001251566 91360
001251567 112960
001251568 101888
001251569 202032
001251570 92160
001251571 50688
001251572 83200
001251574 42784
001251575 53648
001251577 108800
001251579 120032
001251580 67232
001251581 78560
001251583 104160
001251584 75840
001251585 40672
001251586 98240
001251587 76960
001251588 137520
001251589 118720
001251590 63360
001251591 92480
001251592 46400
001251593 58192
001251594 78080
001251595 105920
001251596 84160
001251597 73760
001251598 76640
001251599 127664
001251601 42576
001251602 59360
001251603 143360
001251604 108480
001251605 97600
001251606 51520
001251607 93120
001251608 72640
001251609 114080
001251610 47200
001251611 71200
001251612 129600
001251613 47792
001251614 155200
001251615 70880
001251616 127040
001251617 52800
001251618 89120
001251619 66560
001251620 55040
001251622 86768
001251623 68960
001251624 73136
001251625 83840
001251626 65920
001251627 58416
001251628 91552
001251629 90240
001251631 126880
001251632 61168
001251633 74880
001251634 129600
001251635 62704
001251637 95360
001251638 66080
001251639 73440
001251640 131680
001251641 87520
001251642 56160
001251643 78880
001251645 116000
001251646 123040
001251647 185568
001251649 116960
001251650 140640
001251651 60800
001251652 58080
001251653 54672
001251654 42592
001251655 38880
001251656 96000
001251657 151520
001251658 76000
001251659 109600
001251661 51360
001251662 172800
001251663 60288
001251664 108080
001251665 123840
001251667 94720
001251668 137280
001251669 129280
001251670 97120
001251671 53488
001251672 133760
001251673 58080
001251674 134880
001251675 88000
001251676 127680
001251677 60800
001251678 76672
001251679 119024
001251680 110560
001251681 156320
001251682 70400
001251683 81760
001251684 81280
001251685 142720
001251686 80640
001251687 85280
001251688 114560
001251689 47760
001251690 70240
001251691 122240
001251693 50352
001251694 107360
001251695 118880
001251696 130880
001251697 56160
001251699 96864
001251700 70544
001251701 99040
001251702 99872
001251703 55680
001251704 100800
001251705 65280
001251706 116560
001251707 76112
001251708 117600
001251709 76432
001251710 147424
001251711 60672
001251712 55520
001251714 100000
001251715 68784
001251716 52752
001251717 52976
001251718 99680
001251719 52000
001251720 80960
001251721 81920
001251722 71024
001251723 129151
001251724 99360
001251725 101280
001251726 87072
001251727 84160
001251728 104992
001251729 67040
001251730 52000
001251731 115200
001251732 75200
001251733 149280
001251734 98992
001251735 104320
001251736 86832
001251737 83040
001251738 50688
001251739 140000
001251740 111840
001251741 68304
001251742 68000
001251743 59008
001251744 106240
001251745 98944
001251746 110784
001251747 37552
001251748 89824
001251749 56800
001251750 154816
001251751 94080
001251754 100992
001251755 79520
001251756 116480
001251757 76960
001251758 59680
001251759 129600
001251760 120320
001251762 55952
001251763 85120
001251764 72480
001251765 78560
001251766 105504
001251767 137648
001251768 86400
001251769 95360
001251770 69920
001251771 118720
001251772 49264
001251773 61440
001251774 135040
001251775 105600
001251776 65600
001251777 40160
001251778 131344
001251779 57440
001251780 73856
001251781 102880
001251782 90880
001251783 99200
001251784 84000
001251785 73280
001251786 120000
001251787 108000
001251788 64623
001251789 95840
001251790 87520
001251791 86400
001251792 65760
001251793 75520
001251794 80000
001251795 128960
001251796 109920
001251797 78800
001251798 91040
001251799 116320
001251800 121600
001260002 147040
001260003 82432
001260004 118720
001260005 136480
001260006 82720
001260007 87088
001260008 84640
001260009 72160
001260011 84064
001260012 119360
001260013 90240
001260014 108864
001260015 105120
001260016 142240
001260017 87200
001260018 89200
001260020 82240
001260021 45968
001260024 59856
001260025 84320
001260026 52640
001260028 46400
001260029 62032
001260030 66128
001260031 64959
001260032 69280
001260033 80640
001260034 106240
001260035 40928
001260037 96368
001260038 59040
001260039 60160
001260040 64912
001260042 35728
001260047 43216
001260048 74128
001260050 52640
001260052 75040
001260057 69920
001260058 62560
001260059 56320
001260060 68960
001260062 54256
001260063 76800
001260067 56800
001260068 69024
001260069 64432
001260070 59680
001260071 52144
001260072 68800
001260073 67200
001260074 76160
001260077 56640
001260078 81760
001260081 55168
001260083 61280
001260084 64480
001260088 70560
001260089 95840
001260091 81120
001260094 64319
001260095 71040
001260096 63680
001260097 61760
001260098 88320
001260106 77104
001260107 105456
001260108 91680
001260110 56704
001260111 120960
001260112 59504
001260113 158416
001260114 124464
001260115 94560
001260116 55088
001260117 88000
001260119 73760
001260120 76688
001260121 93280
001260122 71520
001260127 102400
001260129 92000
001260130 70720
001260132 98592
001260134 114720
001260136 94864
001260137 44336
001260139 105552
001260141 121760
001260142 94160
001260144 112000
001260145 160640
001260147 58576
001260148 118048
001260149 116368
001260154 88960
001260155 92800
001260156 84352
001260157 64640
001260158 57600
001260161 70720
001260163 110880
001260164 90240
001260165 112000
001260166 53296
001260168 79200
001260170 53024
001260172 75552
001260173 121536
001260176 93776
001260178 128160
001260179 98560
001260180 82080
001260182 91040
001260183 85920
001260184 136256
001260185 77056
001260186 54400
001260187 87040
001260189 132896
001260191 78192
001260193 110736
001260195 143840
001260196 94400
001260198 41440
001260199 50880
001260200 50160
001260201 72480
001260202 73600
001260203 44000
001260204 89120
001260205 59504
001260206 150240
001260207 55360
001260209 82096
001260210 67232
001260212 48160
001260214 89536
001260216 59200
001260217 63840
001260218 71520
001260220 127520
001260221 62720
001260223 133552
001260226 62720
001260227 72800
001260229 89600
001260230 144480
001260231 84592
001260232 41584
001260233 152160
001260235 132160
001260236 83168
001260237 47680
001260238 64640
001260240 50400
001260241 89984
001260242 89088
001260245 67184
001260248 96640
001260249 132784
001260250 108640
001260251 65856
001260252 96416
001260253 114592
001260254 90720
001260255 59520
001260256 119680
001260257 101600
001260258 88640
001260259 89920
001260260 104576
001260261 61120
001260262 66240
001260263 82768
001260265 54080
001260266 54768
001260267 67360
001260269 53424
001260270 96000
001260271 55680
001260272 71008
001260273 117920
001260274 105760
001260275 118272
001260278 117920
001260279 67360
001260281 68128
001260282 69232
001260283 64319
001260284 120208
001260285 86240
001260286 60128
001260287 133600
001260288 105088
001260289 66560
001260291 134080
001260292 83904
001260294 76160
001260295 145088
001260296 80720
001260297 82240
001260299 43520
001260300 107200
001260301 81344
001260302 72480
001260303 91008
001260306 174080
001260307 124640
001260310 84800
001260311 39536
001260313 121280
001260315 56480
001260316 111456
001260318 74192
001260319 50576
001260321 120320
001260322 90944
001260324 105120
001260326 117184
001260327 165120
001260329 59520
001260330 129919
001260331 130527
001260332 82240
001260333 42160
001260334 89440
001260335 60752
001260338 65232
001260339 106080
001260340 111360
001260343 116480
001260344 102896
001260346 56208
001260347 56480
001260348 51360
001260349 91360
001260350 105280
001260351 124800
001260353 121120
001260354 87312
001260355 64480
001260358 96800
001260359 48560
001260360 153440
001260361 107840
001260363 56720
001260364 94384
001260365 91840
001260366 113920
001260368 54736
001260369 116480
001260371 87200
001260372 104000
001260373 76800
001260376 64959
001260377 39840
001260378 66400
001260380 93440
001260381 78080
001260383 69920
001260385 101440
001260386 38560
001260387 108320
001260388 119520
001260389 65200
001260390 92800
001260391 97920
001260393 75536
001260394 60160
001260395 99840
001260397 69280
001260398 80640
001260399 42448
001260400 61440
001261401 55552
001261402 79200
001261403 67280
001261404 94608
001261405 65760
001261406 58032
001261407 63408
001261408 74224
001261409 43280
001261410 61040
001261411 76320
001261412 77920
001261413 42560
001261414 86720
001261415 61632
001261416 66880
001261418 66080
001261422 54080
001261423 47712
001261424 65600
001261425 57120
001261428 52032
001261429 46720
001261430 68800
001261431 45456
001261433 80000
001261434 58400
001261435 55680
001261436 57760
001261438 57600
001261440 41312
001261441 68832
001261442 69824
001261444 78560
001261445 56992
001261446 76352
001261447 67520
001261448 56640
001261449 65920
001261450 68480
001261451 84624
001261452 78784
001261453 84640
001261454 45360
001261457 69248
001261459 50832
001261460 60640
001261461 67200
001261463 74560
001261464 67200
001261465 59840
001261466 68896
001261467 58880
001261469 75648
001261470 67520
001261471 62704
001261474 53904
001261475 73840
001261476 59520
001261478 58480
001261479 73552
001261480 96320
001261482 65600
001261483 59952
001261485 64672
001261487 80160
001261488 62480
001261489 92640
001261490 55520
001261491 57760
001261494 61280
001261495 54080
001261496 64080
001261497 60320
001261498 66240
001261499 67280
001261500 61280
001261502 144320
001261506 111200
001261507 171840
001261509 122880
001261511 118720
001261512 136000
001261513 58752
001261514 89600
001261515 142400
001261516 64848
001261517 84480
001261518 61280
001261519 131360
001261520 117808
001261522 80688
001261523 116960
001261524 112112
001261525 112640
001261526 167200
001261528 44960
001261529 67200
001261531 80800
001261533 53200
001261534 125200
001261535 71520
001261536 96800
001261537 85456
001261538 125600
001261539 122080
001261540 134240
001261542 123360
001261543 110880
001261545 71696
001261546 58240
001261547 112480
001261548 70048
001261549 98720
001261550 50640
001261551 86176
001261552 125280
001261554 91680
001261555 142240
001261556 56480
001261557 99200
001261558 96160
001261559 124960
001261560 61440
001261564 104960
001261566 119680
001261567 96480
001261568 70592
001261569 116320
001261570 64784
001261572 54864
001261573 79232
001261576 91680
001261579 92480
001261580 97920
001261581 49152
001261582 64160
001261583 71520
001261585 113280
001261586 81136
001261587 100640
001261588 76240
001261590 139200
001261591 67680
001261592 91936
001261594 86720
001261596 94080
001261598 88544
001261599 76800
001261600 75968
001261602 45440
001261603 90752
001261604 73024
001261605 153760
001261606 60224
001261608 81120
001261609 109280
001261610 96336
001261611 84160
001261612 100320
001261613 46512
001261616 61440
001261617 69120
001261618 112320
001261619 63520
001261621 83360
001261622 61600
001261623 107840
001261624 85280
001261625 81872
001261627 78880
001261630 132720
001261631 111888
001261633 87680
001261634 69120
001261636 56368
001261640 71360
001261641 94368
001261643 98720
001261644 105136
001261645 81280
001261646 70976
001261647 135840
001261648 48928
001261649 86880
001261650 125904
001261651 97920
001261652 115200
001261653 75840
001261654 77920
001261655 71296
001261657 160320
001261658 95856
001261659 73152
001261662 152960
001261664 50560
001261665 126432
001261666 133264
001261667 55824
001261668 168800
001261670 81600
001261671 107520
001261672 79840
001261673 152640
001261675 104160
001261676 127520
001261677 63520
001261678 93760
001261680 126080
001261681 96800
001261682 103680
001261683 79040
001261684 98400
001261686 76320
001261688 102304
001261689 110560
001261690 98720
001261691 116160
001261693 128783
001261694 80640
001261696 84192
001261697 96320
001261698 153440
001261699 109440
001261700 57600
001261701 124640
001261702 60928
001261703 154080
001261704 55360
001261706 79248
001261707 63632
001261708 53440
001261709 67696
001261710 47360
001261712 107440
001261713 114240
001261715 79440
001261716 63008
001261717 156144
001261719 66560
001261720 64848
001261721 74096
001261722 81760
001261723 116320
001261724 107200
001261725 86560
001261727 129919
001261728 49920
001261730 89440
001261731 113760
001261733 65792
001261734 65920
001261735 116000
001261736 69440
001261737 79200
001261738 47648
001261740 130223
001261741 139360
001261742 66080
001261743 49904
001261745 81776
001261746 140320
001261747 51392
001261748 125424
001261749 97760
001261750 83520
001261751 64800
001261752 120480
001261754 112720
001261755 116736
001261756 84448
001261757 64640
001261758 59712
001261760 101552
001261761 99360
001261762 116272
001261763 143520
001261764 87760
001261765 90848
001261766 58720
001261767 89504
001261768 106560
001261769 89280
001261770 65440
001261772 61392
001261773 82880
001261775 83552
001261776 35552
001261777 69920
001261778 46032
001261779 57280
001261781 37920
001261782 88784
001261783 45280
001261785 81280
001261787 116480
001261788 86304
001261789 98128
001261791 110720
001261792 88800
001261793 64848
001261794 74304
001261795 59520
001261797 76576
001261798 111904
001261799 145600
001261800 105120
001271402 66576
001271403 60480
001271405 57600
001271407 59840
001271408 70240
001271409 38784
001271411 64640
001271412 72640
001271413 33280
001271414 67840
001271415 47840
001271416 65600
001271417 81760
001271418 53808
001271419 49440
001271420 45504
001271421 33920
001271422 45600
001271423 40288
001271424 55680
001271425 46720
001271426 56160
001271427 74080
001271428 43936
001271429 41120
001271430 55200
001271431 46064
001271432 62240
001271433 80640
001271434 52320
001271435 56960
001271436 60640
001271438 55200
001271439 68160
001271440 36320
001271441 60960
001271443 76320
001271444 78560
001271445 47040
001271446 62080
001271447 45888
001271448 46080
001271449 52000
001271450 56480
001271451 67360
001271452 81760
001271453 73440
001271454 39360
001271456 66288
001271457 56480
001271458 77920
001271459 45696
001271460 54720
001271462 39520
001271463 61280
001271464 59680
001271465 44320
001271466 62240
001271467 56640
001271468 54400
001271469 57760
001271470 54400
001271471 48480
001271472 61760
001271473 48960
001271474 44800
001271475 68160
001271476 48960
001271478 46560
001271479 58720
001271480 83040
001271481 58560
001271482 51520
001271483 49440
001271484 45760
001271485 60320
001271486 55680
001271487 58720
001271488 57120
001271489 73440
001271490 42720
001271491 44960
001271492 60960
001271493 43840
001271494 42400
001271495 41760
001271496 52160
001271497 52320
001271498 51040
001271499 55440
001271500 65440
001271501 45440
001271503 115200
001271504 75200
001271505 40640
001271506 61280
001271507 47520
001271508 44800
001271509 55088
001271510 50128
001271512 54720
001271513 122720
001271515 67200
001271516 64480
001271517 67040
001271518 46400
001271519 40320
001271520 74720
001271521 121840
001271522 45440
001271523 59360
001271524 58400
001271525 59840
001271526 99680
001271527 71360
001271528 62880
001271529 54720
001271530 45920
001271531 70560
001271532 45280
001271533 75040
001271534 74240
001271535 58240
001271536 78720
001271537 97760
001271538 62720
001271539 127200
001271540 124800
001271541 86880
001271542 86240
001271543 60160
001271544 80320
001271545 51680
001271546 88640
001271548 70080
001271549 46400
001271550 88320
001271551 52960
001271552 53760
001271553 101920
001271554 72480
001271555 75360
001271556 78288
001271557 109280
001271558 66240
001271559 107040
001271560 57440
001271562 122560
001271563 52480
001271564 82240
001271565 57120
001271566 59360
001271567 116480
001271568 79680
001271569 54880
001271570 78304
001271571 86560
001271572 69920
001271573 77760
001271574 105600
001271575 80960
001271576 76800
001271577 79520
001271578 89920
001271579 99840
001271580 86880
001271581 78080
001271582 55200
001271583 130080
001271584 73760
001271586 58240
001271587 114400
001271588 120048
001271589 100320
001271590 67200
001271591 57600
001271592 37440
001271593 121760
001271594 90720
001271595 83360
001271596 70544
001271597 97600
001271598 60160
001271599 63360
001271600 136160
001271601 102560
001271602 95360
001271603 58560
001271604 89120
001271605 95840
001271606 56160
001271607 122560
001271608 110560
001271609 62560
001271610 70400
001271611 75616
001271612 111200
001271613 77600
001271614 38080
001271615 57760
001271616 92800
001271617 105120
001271618 133280
001271619 87680
001271620 50080
001271621 130880
001271622 56160
001271624 126560
001271625 70560
001271626 130720
001271627 43104
001271628 89104
001271629 134560
001271631 92800
001271632 97120
001271633 71520
001271634 60800
001271635 111520
001271636 62320
001271637 52560
001271638 73600
001271639 116960
001271640 51696
001271642 80640
001271643 98720
001271644 134880
001271645 70080
001271646 78240
001271647 101280
001271648 49280
001271649 74560
001271650 34560
001271651 47360
001271652 44960
001271653 48160
001271654 74080
001271655 105600
001271656 67520
001271657 61648
001271658 56960
001271659 116640
001271660 110080
001271662 113280
001271663 123680
001271664 109760
001271665 76480
001271666 87040
001271667 50560
001271668 99040
001271669 63040
001271670 74400
001271671 77088
001271672 88480
001271673 144160
001271674 67200
001271675 97600
001271676 58400
001271677 42400
001271678 82560
001271679 62720
001271680 112640
001271681 85440
001271682 55520
001271683 110720
001271684 74976
001271685 27952
001271686 56160
001271687 101280
001271688 38240
001271689 63680
001271690 55520
001271691 60160
001271692 76640
001271693 58880
001271694 51040
001271695 99200
001271696 31872
001271697 83360
001271698 105728
001271699 41440
001271700 117424
001271701 59840
001271702 103680
001271703 50240
001271704 59664
001271705 53760
001271706 70384
001271708 64800
001271709 70080
001271710 83904
001271711 59360
001271712 83360
001271713 69920
001271714 52192
001271715 151680
001271716 107200
001271717 62880
001271718 71680
001271719 86400
001271720 86560
001271721 115264
001271722 72480
001271723 54880
001271724 61120
001271725 98880
001271726 80960
001271727 115680
001271728 96640
001271729 46496
001271730 90560
001271731 70720
001271733 89600
001271734 82720
001271735 51520
001271736 101280
001271737 89280
001271738 41440
001271739 66720
001271740 50400
001271741 62880
001271742 50560
001271743 151360
001271744 70720
001271745 51680
001271746 108960
001271747 64160
001271748 92800
001271749 41280
001271750 40800
001271751 65440
001271752 93120
001271753 51040
001271754 45120
001271755 95360
001271756 69760
001271757 36160
001271758 63024
001271759 71040
001271760 43520
001271761 105120
001271762 42720
001271763 73120
001271764 66400
001271765 106080
001271766 45440
001271767 105920
001271768 156352
001271769 82560
001271770 52096
001271771 36960
001271772 111872
001271773 73760
001271774 57760
001271775 93280
001271776 46720
001271777 104000
001271778 42720
001271779 81920
001271780 68160
001271781 91360
001271782 49760
001271783 74240
001271784 89440
001271785 109280
001271786 84320
001271787 39200
001271788 77920
001271789 81280
001271790 102080
001271791 76640
001271792 53280
001271793 62240
001271794 45760
001271795 83040
001271796 46720
001271797 67680
001271798 83520
001271799 83200
001271800 92640
001280001 63584
001280002 171840
001280003 88800
001280004 117280
001280005 136480
001280006 90240
001280007 93664
001280008 86400
001280009 66032
001280011 65440
001280012 120160
001280013 101600
001280014 142400
001280015 103680
001280016 163200
001280017 77600
001280018 89440
001280019 155408
001280020 76000
001280021 42608
001280022 62064
001280023 76800
001280024 76480
001280025 106240
001280026 59040
001280027 56480
001280028 46880
001280029 56640
001280030 69920
001280031 76240
001280032 63200
001280033 80640
001280034 90400
001280036 57536
001280037 74560
001280038 53456
001280039 60448
001280040 77856
001280041 28576
001280042 36480
001280043 64640
001280044 49760
001280045 40640
001280046 45120
001280047 40928
001280048 77600
001280049 47200
001280050 55040
001280052 86240
001280053 40320
001280054 36608
001280055 52480
001280056 65280
001280057 65120
001280058 61440
001280059 49760
001280060 58656
001280061 56784
001280062 54560
001280063 76800
001280064 57280
001280065 58400
001280067 54240
001280068 77600
001280069 63040
001280070 69440
001280071 50784
001280072 62560
001280073 73920
001280076 100960
001280077 51040
001280078 81136
001280079 65280
001280080 51520
001280081 58720
001280082 90720
001280083 63840
001280084 64160
001280085 63040
001280086 66240
001280087 73280
001280088 87744
001280089 95200
001280090 74400
001280091 76320
001280092 107040
001280093 77760
001280094 64480
001280095 68960
001280096 67792
001280097 60640
001280098 87200
001280099 69920
001280100 67360
001280101 121760
001280102 115200
001280103 110720
001280104 121760
001280105 103520
001280106 74496
001280107 41600
001280108 89280
001280109 48640
001280110 132800
001280111 86880
001280112 65120
001280113 53440
001280114 46080
001280115 57280
001280116 129919
001280117 74400
001280118 76752
001280119 145760
001280120 110240
001280121 56320
001280122 63840
001280123 93904
001280124 88960
001280125 117600
001280126 104640
001280127 80960
001280128 86400
001280129 92640
001280130 64640
001280131 52160
001280132 108480
001280133 97280
001280134 52640
001280135 39840
001280136 122080
001280137 85280
001280138 84000
001280139 76144
001280140 66240
001280141 66400
001280142 107680
001280144 68960
001280145 103360
001280146 63088
001280147 66560
001280148 132320
001280149 98816
001280150 128320
001280151 112480
001280152 92000
001280153 144272
001280154 160640
001280155 129759
001280156 73760
001280157 110720
001280158 69120
001280159 97760
001280160 104800
001280161 76640
001280162 41232
001280163 64640
001280164 52624
001280165 56480
001280166 102080
001280168 121760
001280169 134720
001280170 61280
001280171 92480
001280173 115200
001280174 155200
001280175 46400
001280176 117440
001280177 142560
001280178 80784
001280179 90016
001280180 104480
001280181 94368
001280182 110880
001280183 109280
001280184 154720
001280185 60160
001280186 68480
001280187 57920
001280188 39424
001280189 98240
001280190 90560
001280191 88160
001280192 45024
001280193 100000
001280194 208000
001280195 97280
001280196 107520
001280197 126384
001280198 58608
001280199 130400
001280200 49280
001280201 41120
001280203 97440
001280204 43680
001280205 108960
001280206 79344
001280207 102560
001280208 77280
001280209 120800
001280210 51904
001280211 44800
001280213 86560
001280214 95680
001280215 91680
001280216 38720
001280217 45920
001280218 53280
001280219 75680
001280220 107200
001280221 97120
001280222 164320
001280223 68960
001280224 82960
001280225 51520
001280226 135520
001280227 106880
001280228 143552
001280229 96048
001280230 39968
001280231 132160
001280233 91200
001280234 121536
001280235 43840
001280236 72800
001280237 116000
001280239 61760
001280241 129759
001280242 121440
001280243 121760
001280244 101104
001280245 86880
001280246 47440
001280247 101280
001280248 108320
001280250 129759
001280251 71200
001280252 88480
001280253 185120
001280254 126336
001280255 145120
001280256 148960
001280257 91040
001280258 65920
001280261 108000
001280262 73760
001280263 79840
001280264 82880
001280265 112768
001280266 80160
001280268 112448
001280269 162400
001280270 76640
001280271 153120
001280272 68960
001280274 114720
001280275 63040
001280277 40160
001280278 78080
001280279 65920
001280280 75024
001280281 87040
001280282 78624
001280284 139040
001280287 38688
001280288 94720
001280289 129600
001280290 84064
001280291 140320
001280292 139840
001280294 51168
001280295 147040
001280297 106560
001280299 59840
001280300 64000
001280301 80480
001280305 121280
001280306 112960
001280307 39152
001280308 102880
001280309 86400
001280310 116640
001280311 58080
001280314 107520
001280315 61280
001280317 121744
001280318 146720
001280320 94880
001280322 158080
001280325 72400
001280326 82240
001280327 74400
001280328 124960
001280329 108000
001280330 81280
001280332 126560
001280333 107680
001280336 135040
001280339 112320
001280340 103680
001280343 54560
001280344 90400
001280345 112880
001280347 139040
001280351 76000
001280353 90400
001280356 119520
001280359 50400
001280360 94560
001280361 133664
001280362 64464
001280363 141504
001280364 107840
001280365 68144
001280366 129759
001280367 87360
001280371 106704
001280373 103040
001280376 85600
001280377 127200
001280379 74720
001280380 66080
001280382 155168
001280383 85280
001280387 71680
001280389 118240
001280390 128608
001280391 73904
001280392 59408
001280393 51520
001280395 53840
001280397 84960
001281401 57344
001281402 83200
001281403 76960
001281404 104960
001281405 64640
001281406 54480
001281407 62240
001281408 59088
001281411 85552
001281412 72160
001281413 35040
001281414 71520
001281415 59520
001281416 82400
001281417 93600
001281418 59360
001281419 52160
001281420 42992
001281421 37920
001281422 45920
001281423 44160
001281424 54944
001281425 49760
001281426 51200
001281427 94240
001281428 43680
001281429 41936
001281430 72192
001281431 43936
001281432 81280
001281433 74400
001281434 53408
001281435 46080
001281436 57280
001281438 50080
001281439 79840
001281440 36960
001281441 66560
001281442 92800
001281443 62720
001281444 78080
001281445 51040
001281446 87328
001281447 54880
001281448 67680
001281449 46560
001281450 65360
001281451 68800
001281452 100640
001281453 59568
001281454 43200
001281455 77760
001281456 80480
001281457 58880
001281458 97600
001281459 48000
001281460 58560
001281461 90720
001281463 79840
001281464 65792
001281465 66240
001281466 63360
001281467 55568
001281470 62400
001281471 58272
001281472 64640
001281473 46560
001281474 53120
001281475 69760
001281477 69280
001281478 43840
001281479 64640
001281481 71680
001281482 60320
001281483 47456
001281484 55680
001281485 53760
001281486 49440
001281487 86560
001281488 52800
001281489 90464
001281490 48256
001281491 70576
001281492 69280
001281494 62480
001281495 58128
001281496 64672
001281497 55520
001281498 56960
001281499 56960
001281500 88960
001281501 35296
001281502 105760
001281503 148800
001281504 58080
001281505 100800
001281506 120800
001281507 111904
001281508 57120
001281509 111680
001281510 86240
001281511 136640
001281512 62480
001281513 59680
001281515 71680
001281516 37104
001281517 86880
001281518 64688
001281519 52160
001281520 59040
001281521 123984
001281522 97024
001281523 155040
001281524 95520
001281525 118400
001281526 94560
001281527 68960
001281528 66400
001281529 112160
001281530 166720
001281531 65104
001281532 85760
001281533 97440
001281534 87840
001281535 91680
001281536 47040
001281537 71312
001281538 80640
001281539 147360
001281540 71040
001281541 99360
001281542 79440
001281543 131184
001281544 92320
001281545 79040
001281546 58400
001281547 118400
001281548 90080
001281549 79200
001281550 97600
001281551 81280
001281552 148000
001281553 80544
001281554 94432
001281555 43680
001281556 89440
001281557 71680
001281558 112640
001281559 59360
001281560 93760
001281561 45760
001281563 82240
001281564 73120
001281565 64000
001281566 64800
001281567 69280
001281568 86400
001281569 84000
001281570 97760
001281571 63360
001281572 160480
001281573 178240
001281574 78624
001281575 133280
001281576 123840
001281577 72320
001281578 54080
001281579 106240
001281580 49280
001281581 34896
001281582 70880
001281583 88320
001281585 66400
001281586 110720
001281587 103200
001281588 114720
001281589 121120
001281590 96160
001281591 58240
001281593 128639
001281594 65920
001281595 54576
001281596 117536
001281597 47520
001281598 76640
001281599 112000
001281600 63040
001281601 92960
001281602 50400
001281603 75040
001281604 60800
001281606 41056
001281607 83200
001281608 122944
001281609 109920
001281610 100000
001281611 64000
001281612 124480
001281613 142880
001281614 48640
001281615 67664
001281616 71360
001281617 143840
001281618 84960
001281619 134560
001281620 34304
001281621 91200
001281622 87680
001281623 64800
001281624 136160
001281625 102736
001281626 90080
001281627 37632
001281628 73760
001281629 76160
001281630 84160
001281631 40000
001281634 91840
001281635 74240
001281636 92480
001281637 120160
001281638 76000
001281639 109920
001281641 96160
001281642 112800
001281643 117600
001281644 123520
001281645 101024
001281647 97120
001281648 126240
001281650 123520
001281651 62880
001281652 127680
001281653 130527
001281655 64160
001281656 68320
001281657 105120
001281658 130624
001281659 55328
001281664 73600
001281667 114400
001281669 68640
001281670 74080
001281671 91040
001281673 74560
001281674 106400
001281676 84480
001281677 66880
001281679 105920
001281680 145536
001281681 49760
001281682 79360
001281683 101440
001281684 69168
001281686 66976
001281688 117632
001281689 137920
001281690 49520
001281691 88960
001281692 138400
001281693 185600
001281694 116160
001281695 82464
001281696 81120
001281697 68000
001281701 112320
001281703 133600
001281705 71040
001281706 124320
001281707 47632
001281709 137600
001281710 119520
001281713 69600
001281714 42560
001281715 92480
001281717 39040
001281718 97920
001281720 78080
001281721 57280
001281722 51200
001281723 76640
001281724 109280
001281725 100688
001281726 115840
001281727 98080
001281728 52160
001281729 122560
001281730 56640
001281732 70960
001281735 81760
001281737 118080
001281739 104000
001281742 92480
001281743 49120
001281746 106720
001281749 98240
001281751 137920
001281753 123360
001281756 52480
001281759 69440
001281760 53760
001281761 111680
001281763 47840
001281764 76624
001281766 135040
001281767 46400
001281768 117040
001281769 86784
001281770 65760
001281771 66400
001281772 43472
001281773 97360
001281774 45760
001281775 84480
001281776 115680
001281777 78720
001281778 118240
001281779 87360
001281780 62720
001281781 124480
001281782 71520
001281783 129759
001281784 39456
001281785 61696
001281786 63072
001281787 87200
001281788 131840
001281789 55040
001281790 78080
001281791 66592
001281792 136000
001281793 99520
001281794 126080
001281795 103360
001281796 72800
001281797 52640
001281799 68480
001281800 67328
001290001 65488
001290002 177600
001290003 96960
001290004 134240
001290005 177280
001290006 99680
001290007 116480
001290008 109440
001290009 80800
001290011 89120
001290012 151200
001290013 114720
001290014 157776
001290015 136640
001290016 174880
001290017 95040
001290018 107360
001290019 171680
001290020 101120
001290021 47360
001290023 80160
001290024 82720
001290025 109440
001290026 64000
001290027 68480
001290028 54560
001290029 70560
001290030 82400
001290031 76160
001290032 84160
001290033 100480
001290034 134400
001290035 61280
001290036 79840
001290037 102880
001290038 63040
001290039 76640
001290040 83040
001290041 30608
001290042 39200
001290043 71360
001290044 59360
001290045 45440
001290046 56160
001290047 48480
001290048 86240
001290049 57440
001290050 72640
001290051 52160
001290052 106240
001290053 42880
001290054 45120
001290055 60480
001290056 81600
001290057 81760
001290058 67360
001290059 66880
001290060 79200
001290061 65280
001290062 54240
001290063 88160
001290064 75200
001290065 67200
001290066 69120
001290067 68320
001290068 93120
001290069 74096
001290070 67840
001290071 64480
001290072 79840
001290073 74720
001290074 92160
001290075 61440
001290077 67680
001290078 97920
001290079 67040
001290080 48160
001290081 69440
001290082 113440
001290083 73120
001290084 73280
001290085 72320
001290086 82720
001290087 90240
001290088 83200
001290089 123360
001290090 92160
001290091 100480
001290093 88800
001290094 74880
001290095 83360
001290096 69120
001290097 78400
001290098 105600
001290099 79840
001290100 88480
001290101 125120
001290102 90880
001290103 130080
001290105 137600
001290106 80160
001290107 105280
001290108 123184
001290109 122560
001290110 96320
001290111 155840
001290112 125440
001290113 60160
001290114 129919
001290115 113760
001290116 140960
001290117 157440
001290118 178400
001290119 86560
001290121 83360
001290122 111360
001290123 130080
001290124 149280
001290125 74080
001290126 148000
001290127 97920
001290128 167360
001290129 84640
001290130 58240
001290131 139360
001290132 66080
001290133 97280
001290136 113440
001290137 105600
001290138 113440
001290139 124464
001290140 140000
001290141 104480
001290142 127360
001290143 160480
001290145 84320
001290147 126720
001290148 97168
001290150 133120
001290151 102720
001290153 110080
001290156 84160
001290157 132000
001290158 73440
001290161 74880
001290164 83680
001290166 85920
001290167 103840
001290168 67680
001290169 143840
001290171 108320
001290172 87200
001290174 116800
001290179 120640
001290184 89600
001290185 112800
001290187 126880
001290189 127520
001290190 51840
001290191 75680
001290192 145440
001290198 67680
001290203 90880
001290204 139200
001290205 50560
001290209 169760
001290210 70560
001290211 118720
001290213 115040
001290214 87200
001290215 120640
001290216 112480
001290217 170880
001290223 74720
001290226 102560
001290228 79040
001290230 52480
001290231 129600
001290232 84960
001290236 66880
001290240 137920
001290242 103520
001290254 120000
001290262 103520
001290264 129280
001290265 106240
001290266 105600
001290270 53760
001290271 172960
001290277 122768
001290278 170560
001290279 136160
001290281 90560
001290285 151680
001290289 105920
001290293 71200
001290294 136160
001290296 129919
001290297 111360
001290299 150240
001290301 68320
001290304 50240
001290307 97440
001290308 140800
001290309 124000
001290311 131344
001290312 95840
001290316 147840
001290319 89760
001290320 56960
001290321 154880
001290323 113280
001290325 85120
001290326 106240
001290327 82880
001290336 168960
001290338 87840
001290340 143680
001290341 119840
001290342 127680
001290344 139840
001290350 144160
001290354 53440
001290356 130880
001290360 81120
001290361 117760
001290362 104480
001290366 89440
001290370 119840
001290374 79840
001290375 145920
001290384 112320
001290385 96960
001290386 79040
001290387 101440
001290389 158720
001290394 150240
001291401 64288
001291402 94880
001291403 73920
001291404 104480
001291405 80960
001291406 67680
001291407 74720
001291408 81120
001291409 46752
001291411 87840
001291412 85760
001291413 39040
001291414 110080
001291415 66560
001291416 76160
001291417 107200
001291418 67200
001291420 48480
001291422 62720
001291423 54944
001291424 64480
001291425 62560
001291426 70240
001291427 91360
001291428 57280
001291429 56800
001291430 75680
001291432 89760
001291433 110720
001291434 69440
001291435 61280
001291436 69440
001291438 68320
001291440 44320
001291441 69280
001291442 86080
001291443 75040
001291444 102240
001291445 58240
001291446 82400
001291447 65120
001291448 66080
001291449 63520
001291450 74560
001291451 88960
001291452 86080
001291453 85440
001291454 45440
001291455 80800
001291457 80320
001291458 101280
001291459 61760
001291460 65600
001291461 70560
001291462 52480
001291463 77760
001291464 74240
001291465 67680
001291466 79680
001291467 56160
001291468 72320
001291469 72000
001291470 76000
001291471 63520
001291472 82400
001291474 58560
001291475 83840
001291476 81920
001291477 80960
001291478 60640
001291479 72800
001291480 116714
001291481 73280
001291482 63840
001291483 63200
001291484 54560
001291485 64959
001291486 63520
001291487 89120
001291488 59040
001291489 97760
001291490 56800
001291491 58240
001291493 57920
001291494 63200
001291496 68000
001291497 57120
001291498 72960
001291499 73280
001291500 76160
001291501 137760
001291502 94080
001291503 95200
001291504 120640
001291505 112640
001291506 68640
001291507 139680
001291508 81440
001291509 129600
001291510 119040
001291511 127040
001291512 130880
001291513 121760
001291514 92480
001291515 42352
001291516 113760
001291517 90400
001291518 81600
001291519 89792
001291520 51680
001291521 133280
001291523 111840
001291524 102400
001291525 63616
001291526 199680
001291527 76640
001291528 56000
001291529 97600
001291530 123840
001291531 145920
001291532 138240
001291533 72800
001291534 52000
001291535 107200
001291536 110880
001291537 139200
001291538 96960
001291539 95360
001291540 121760
001291541 66720
001291542 77440
001291543 119040
001291545 125760
001291546 104480
001291547 130880
001291548 80960
001291549 72160
001291550 66400
001291551 133760
001291552 94400
001291553 105920
001291554 85440
001291555 84000
001291556 125600
001291557 123680
001291558 60000
001291559 79200
001291560 97760
001291561 80640
001291562 112000
001291563 48800
001291564 47360
001291565 119040
001291566 62592
001291567 79200
