001190274 5
001190275 10
001190276 22
001190277 18
001190278 22
001190279 20
001190280 21
001190281 23
001190282 33
001190284 15
001190285 14
001190286 14
001190287 27
001190288 19
001190289 14
001190290 24
001190291 16
001190292 36
001190293 12
001190294 16
001190295 26
001190296 16
001190297 23
001190298 12
001190300 25
001190301 21
001190302 27
001190303 17
001190304 16
001190305 16
001190306 16
001190307 23
001190308 26
001190309 35
001190310 32
001190311 14
001190312 16
001190313 16
001190314 20
001190315 20
001190316 39
001190317 25
001190318 10
001190319 26
001190321 10
001190322 21
001190323 13
001190324 14
001190325 38
001190326 19
001190327 22
001190328 30
001190329 17
001190330 28
001190331 16
001190332 17
001190333 8
001190334 27
001190335 13
001190336 18
001190337 34
001190338 32
001190339 12
001190340 15
001190341 14
001190342 21
001190343 28
001190345 26
001190346 36
001190347 6
001190348 25
001190349 27
001190350 22
001190351 11
001190352 23
001190354 6
001190355 22
001190356 24
001190357 13
001190358 23
001190359 10
001190360 5
001190361 9
001190362 6
001190363 12
001190364 8
001190366 18
001190367 18
001190369 9
001190370 11
001190371 6
001190372 26
001190373 22
001190374 10
001190375 31
001190376 20
001190377 19
001190378 13
001190379 26
001190381 6
001190382 13
001190383 26
001190384 13
001190385 17
001190386 18
001190387 16
001190388 24
001190389 33
001190390 7
001190391 28
001190392 11
001190393 9
001190394 25
001190395 27
001190396 20
001190397 8
001190399 16
001190400 7
001191401 12
001191402 18
001191403 13
001191404 21
001191405 13
001191407 17
001191408 16
001191409 10
001191411 19
001191412 21
001191413 6
001191414 19
001191415 11
001191416 13
001191418 12
001191422 13
001191423 10
001191424 16
001191425 10
001191428 10
001191429 15
001191430 17
001191431 14
001191432 20
001191433 19
001191434 14
001191435 10
001191436 12
001191438 16
001191439 19
001191440 8
001191441 17
001191442 20
001191443 17
001191444 19
001191445 17
001191447 11
001191448 16
001191449 12
001191450 16
001191451 21
001191453 15
001191454 6
001191456 20
001191457 13
001191458 23
001191460 15
001191462 14
001191463 21
001191464 16
001191465 13
001191466 19
001191467 9
001191470 18
001191471 14
001191473 12
001191474 8
001191475 20
001191476 13
001191477 13
001191478 14
001191479 17
001191480 33
001191481 12
001191482 14
001191483 17
001191485 10
001191487 18
001191488 15
001191489 25
001191490 13
001191491 15
001191492 16
001191493 11
001191494 13
001191495 12
001191496 21
001191497 15
001191498 16
001191499 14
001191500 18
001191502 6
001191503 14
001191504 22
001191505 29
001191506 8
001191507 18
001191508 27
001191511 13
001191512 28
001191513 17
001191514 28
001191515 18
001191516 24
001191517 23
001191518 27
001191519 19
001191521 42
001191522 13
001191523 12
001191524 26
001191525 26
001191526 29
001191527 18
001191528 18
001191529 15
001191530 18
001191531 35
001191533 28
001191534 28
001191536 29
001191538 21
001191539 9
001191540 25
001191541 31
001191542 21
001191543 14
001191544 33
001191545 25
001191546 32
001191547 16
001191548 13
001191549 22
001191550 17
001191551 8
001191553 30
001191554 18
001191555 10
001191556 26
001191557 12
001191558 14
001191559 16
001191560 12
001191561 7
001191562 12
001191563 15
001191564 21
001191565 16
001191566 9
001191568 18
001191569 29
001191570 16
001191571 21
001191572 23
001191573 26
001191574 42
001191575 15
001191576 22
001191578 17
001191579 14
001191582 16
001191583 17
001191584 12
001191585 14
001191587 9
001191588 25
001191589 21
001191590 13
001191591 22
001191592 22
001191593 27
001191594 19
001191595 18
001191596 26
001191597 20
001191598 7
001191599 33
001191600 23
001191601 21
001191602 37
001191603 35
001191604 23
001191605 33
001191606 24
001191607 15
001191608 9
001191609 23
001191610 22
001191612 12
001191613 20
001191614 28
001191615 13
001191616 29
001191617 21
001191618 27
001191619 32
001191620 25
001191621 32
001191622 15
001191623 7
001191624 7
001191625 15
001191626 14
001191627 31
001191628 18
001191630 13
001191631 32
001191632 17
001191633 16
001191635 22
001191636 43
001191637 18
001191638 17
001191639 49
001191640 24
001191641 40
001191643 17
001191645 33
001191646 6
001191647 21
001191648 24
001191649 28
001191650 10
001191651 32
001191652 26
001191653 30
001191654 34
001191656 21
001191658 15
001191659 12
001191660 16
001191661 25
001191662 9
001191663 36
001191664 10
001191665 5
001191666 18
001191667 19
001191668 29
001191669 17
001191670 25
001191672 15
001191673 13
001191674 7
001191675 17
001191676 27
001191677 28
001191678 18
001191679 16
001191680 9
001191681 19
001191682 17
001191683 31
001191684 24
001191685 28
001191687 10
001191688 13
001191689 22
001191690 29
001191691 25
001191692 42
001191693 22
001191694 16
001191695 24
001191698 19
001191699 9
001191700 24
001191701 28
001191702 26
001191703 30
001191704 18
001191705 10
001191707 21
001191708 19
001191709 8
001191710 10
001191711 17
001191712 22
001191713 22
001191714 28
001191715 44
001191716 26
001191718 13
001191719 18
001191720 31
001191721 25
001191722 22
001191723 33
001191724 22
001191725 18
001191726 14
001191727 20
001191728 25
001191729 18
001191730 46
001191731 25
001191732 21
001191734 13
001191735 24
001191736 24
001191737 15
001191738 26
001191739 16
001191740 20
001191741 6
001191742 27
001191743 35
001191744 24
001191745 26
001191746 35
001191747 25
001191748 13
001191749 25
001191750 31
001191751 12
001191752 32
001191753 6
001191754 24
001191756 20
001191757 30
001191758 10
001191759 17
001191760 12
001191761 6
001191762 25
001191764 13
001191766 21
001191767 29
001191768 19
001191769 15
001191770 17
001191771 30
001191772 15
001191773 10
001191774 27
001191775 7
001191776 32
001191777 20
001191778 20
001191779 14
001191780 25
001191781 23
001191782 11
001191783 30
001191784 11
001191785 18
001191786 18
001191787 21
001191788 8
001191789 13
001191790 21
001191791 25
001191792 34
001191794 13
001191795 5
001191796 22
001191799 6
001191800 16
001200001 10
001200002 41
001200003 16
001200004 33
001200005 35
001200008 24
001200009 14
001200011 20
001200015 27
001200017 19
001200018 25
001200022 11
001200024 12
001200025 20
001200026 8
001200033 20
001200036 8
001200037 17
001200038 10
001200039 10
001200043 14
001200045 6
001200049 7
001200050 14
001200052 17
001200055 12
001200058 14
001200059 9
001200065 18
001200069 20
001200074 14
001200075 13
001200076 18
001200080 10
001200081 13
001200083 14
001200085 11
001200092 35
001200096 14
001200101 38
001200102 7
001200104 21
001200105 11
001200106 17
001200107 20
001200109 10
001200111 13
001200112 21
001200113 15
001200114 18
001200115 9
001200116 25
001200117 22
001200118 29
001200119 18
001200122 18
001200124 24
001200125 29
001200126 14
001200127 10
001200129 14
001200131 10
001200132 24
001200133 27
001200134 23
001200136 26
001200137 8
001200138 22
001200139 17
001200140 23
001200141 17
001200142 35
001200143 20
001200145 9
001200146 23
001200147 27
001200148 9
001200149 28
001200150 18
001200151 13
001200152 19
001200158 24
001200159 16
001200160 17
001200161 36
001200163 7
001200164 28
001200165 25
001200167 19
001200168 5
001200169 19
001200170 22
001200171 15
001200172 9
001200175 30
001200177 13
001200179 17
001200180 39
001200181 6
001200182 9
001200183 9
001200184 34
001200185 26
001200186 21
001200188 10
001200189 23
001200190 19
001200191 27
001200192 35
001200194 15
001200195 16
001200196 15
001200197 29
001200198 34
001200199 16
001200201 13
001200202 16
001200203 24
001200204 15
001200205 29
001200206 23
001200207 29
001200208 12
001200209 22
001200210 23
001200211 10
001200212 27
001200213 16
001200214 20
001200215 24
001200217 19
001200218 27
001200219 8
001200222 17
001200223 10
001200224 30
001200227 21
001200229 30
001200230 26
001200231 24
001200232 26
001200233 16
001200234 19
001200235 24
001200236 19
001200237 11
001200238 19
001200239 24
001200240 34
001200241 30
001200242 26
001200243 7
001200244 26
001200245 32
001200246 11
001200247 22
001200248 34
001200249 24
001200250 31
001200251 16
001200255 14
001200256 16
001200257 30
001200258 12
001200259 39
001200260 13
001200262 22
001200265 15
001200266 28
001200267 26
001200268 44
001200269 35
001200270 21
001200271 27
001200272 30
001200273 40
001200274 24
001200275 24
001200276 25
001200277 32
001200278 14
001200279 14
001200280 20
001200281 30
001200282 12
001200283 20
001200284 32
001200285 13
001200286 13
001200287 8
001200289 18
001200290 10
001200291 29
001200292 21
001200295 15
001200296 5
001200297 19
001200298 28
001200299 17
001200300 22
001200301 33
001200302 21
001200303 15
001200305 13
001200306 34
001200308 32
001200309 21
001200310 12
001200312 24
001200313 14
001200314 9
001200316 13
001200318 21
001200319 10
001200320 26
001200321 28
001200322 6
001200324 18
001200325 22
001200326 12
001200327 37
001200329 18
001200330 30
001200331 12
001200332 21
001200333 28
001200334 20
001200335 21
001200336 5
001200337 16
001200339 13
001200340 29
001200341 16
001200342 11
001200343 23
001200344 25
001200345 33
001200346 31
001200347 7
001200348 26
001200349 21
001200350 8
001200351 24
001200352 17
001200353 8
001200354 9
001200356 17
001200358 26
001200359 17
001200360 20
001200361 5
001200362 6
001200365 26
001200367 16
001200368 20
001200369 58
001200370 22
001200371 7
001200372 9
001200373 16
001200374 13
001200375 16
001200376 20
001200377 12
001200378 15
001200379 11
001200380 15
001200381 8
001200383 19
001200384 22
001200387 20
001200389 11
001200390 23
001200391 10
001200393 10
001200395 39
001200396 26
001200397 29
001200399 17
001201402 18
001201403 13
001201404 21
001201405 13
001201406 15
001201407 17
001201409 10
001201410 19
001201411 19
001201413 6
001201414 19
001201416 13
001201417 27
001201420 14
001201422 13
001201425 10
001201426 12
001201427 22
001201428 10
001201429 15
001201430 17
001201432 20
001201433 19
001201434 14
001201435 10
001201436 12
001201437 12
001201441 17
001201443 18
001201444 19
001201445 15
001201446 21
001201447 11
001201448 16
001201449 12
001201450 16
001201451 21
001201452 25
001201453 15
001201454 6
001201455 20
001201457 13
001201458 23
001201460 15
001201461 16
001201463 21
001201466 19
001201467 9
001201468 15
001201469 19
001201470 18
001201472 20
001201473 12
001201474 8
001201475 20
001201476 13
001201477 13
001201479 17
001201481 12
001201482 14
001201484 15
001201486 8
001201487 18
001201488 15
001201489 25
001201490 13
001201491 15
001201492 16
001201493 11
001201494 13
001201495 12
001201496 21
001201497 15
001201498 15
001201499 14
001201500 18
001201502 43
001201503 17
001201504 21
001201506 9
001201509 7
001201510 18
001201511 11
001201512 20
001201513 36
001201514 15
001201515 21
001201516 8
001201517 7
001201518 22
001201519 11
001201522 26
001201523 8
001201524 24
001201525 9
001201528 20
001201529 33
001201531 17
001201532 30
001201533 15
001201536 23
001201540 8
001201541 32
001201542 21
001201546 9
001201548 28
001201549 13
001201550 13
001201551 15
001201552 30
001201553 14
001201554 16
001201555 18
001201556 22
001201557 24
001201558 35
001201560 15
001201562 12
001201563 27
001201564 14
001201565 24
001201566 24
001201567 30
001201568 19
001201569 13
001201570 10
001201574 8
001201575 19
001201576 8
001201577 11
001201578 29
001201579 26
001201580 18
001201581 13
001201582 19
001201584 13
001201585 29
001201587 26
001201588 6
001201589 14
001201590 38
001201591 31
001201594 12
001201595 35
001201596 16
001201597 34
001201598 22
001201599 29
001201601 21
001201602 34
001201603 27
001201604 25
001201606 19
001201608 29
001201609 9
001201610 28
001201612 12
001201614 11
001201615 17
001201616 38
001201617 21
001201618 30
001201619 38
001201620 5
001201621 20
001201622 15
001201623 12
001201625 24
001201626 29
001201627 28
001201628 6
001201629 20
001201630 28
001201631 18
001201632 19
001201633 10
001201634 35
001201635 25
001201636 18
001201637 29
001201638 33
001201639 20
001201640 35
001201641 19
001201642 13
001201643 23
001201644 32
001201645 13
001201646 15
001201648 22
001201650 8
001201651 14
001201652 20
001201653 15
001201655 21
001201656 17
001201657 25
001201658 14
001201659 21
001201660 23
001201661 39
001201662 17
001201664 6
001201665 10
001201666 9
001201667 8
001201668 13
001201669 10
001201670 23
001201672 27
001201673 10
001201674 25
001201675 10
001201676 24
001201677 24
001201678 16
001201679 31
001201680 20
001201682 25
001201683 8
001201685 11
001201686 12
001201687 12
001201688 34
001201689 20
001201690 33
001201691 8
001201692 43
001201694 15
001201695 15
001201697 35
001201698 24
001201699 32
001201700 28
001201701 18
001201702 6
001201705 11
001201707 17
001201708 20
001201710 13
001201711 21
001201712 15
001201714 21
001201715 7
001201716 13
001201717 28
001201718 34
001201719 19
001201722 17
001201723 27
001201725 19
001201726 22
001201730 10
001201731 34
001201732 23
001201733 25
001201734 20
001201736 28
001201739 17
001201740 6
001201741 39
001201742 24
001201744 21
001201745 20
001201746 16
001201747 7
001201748 23
001201749 28
001201751 18
001201752 36
001201753 25
001201755 17
001201757 27
001201759 12
001201760 9
001201761 20
001201762 20
001201764 27
001201767 20
001201768 25
001201769 13
001201770 27
001201771 11
001201773 28
001201774 18
001201775 6
001201776 10
001201777 18
001201778 20
001201779 27
001201780 13
001201781 11
001201782 18
001201783 22
001201784 16
001201785 26
001201786 14
001201787 10
001201788 29
001201790 8
001201791 26
001201792 30
001201795 6
001201796 12
001201797 14
001201798 35
001201799 32
001210001 10
001210002 41
001210003 16
001210004 33
001210005 37
001210006 21
001210007 30
001210008 24
001210009 14
001210010 33
001210011 20
001210012 35
001210014 37
001210015 29
001210016 46
001210017 18
001210019 42
001210020 23
001210021 7
001210024 12
001210025 20
001210026 8
001210027 12
001210029 11
001210030 15
001210031 15
001210032 19
001210033 20
001210034 20
001210036 8
001210037 17
001210038 10
001210039 11
001210040 14
001210041 4
001210042 4
001210043 14
001210044 10
001210045 6
001210046 9
001210047 10
001210048 15
001210049 7
001210050 14
001210052 16
001210053 8
001210054 7
001210057 16
001210058 14
001210059 9
001210060 14
001210061 15
001210063 20
001210064 14
001210065 18
001210067 11
001210068 13
001210070 19
001210071 14
001210072 12
001210073 15
001210074 14
001210075 13
001210077 7
001210078 20
001210079 14
001210081 13
001210082 17
001210083 14
001210084 13
001210085 11
001210086 14
001210087 15
001210088 15
001210089 21
001210090 22
001210091 15
001210093 16
001210094 13
001210095 20
001210096 14
001210097 13
001210098 19
001210100 17
001210101 10
001210102 28
001210103 20
001210105 42
001210107 25
001210108 15
001210110 25
001210111 6
001210112 40
001210113 20
001210115 27
001210116 12
001210117 27
001210119 17
001210121 17
001210123 30
001210124 22
001210126 24
001210127 8
001210128 28
001210129 31
001210131 17
001210134 20
001210135 14
001210136 9
001210137 21
001210138 21
001210140 22
001210141 16
001210142 12
001210144 10
001210145 17
001210146 12
001210147 9
001210148 22
001210149 38
001210150 17
001210151 20
001210152 9
001210153 20
001210154 19
001210155 24
001210157 18
001210158 15
001210160 28
001210163 23
001210164 17
001210165 31
001210166 29
001210167 16
001210168 24
001210169 16
001210170 34
001210172 20
001210173 21
001210174 27
001210175 9
001210177 15
001210179 17
001210180 15
001210181 9
001210182 18
001210183 15
001210184 24
001210185 7
001210186 17
001210187 25
001210189 18
001210190 25
001210191 8
001210192 21
001210193 31
001210194 23
001210195 19
001210196 31
001210197 12
001210198 24
001210199 26
001210200 37
001210201 17
001210202 21
001210203 15
001210204 40
001210205 16
001210207 32
001210208 21
001210209 15
001210210 18
001210211 12
001210212 21
001210213 9
001210214 15
001210215 24
001210216 22
001210217 11
001210218 19
001210220 31
001210222 22
001210223 15
001210226 28
001210227 21
001210228 28
001210229 26
001210230 7
001210231 27
001210232 20
001210233 14
001210234 22
001210235 24
001210236 9
001210237 8
001210238 10
001210239 18
001210240 23
001210241 17
001210242 11
001210243 21
001210244 15
001210245 15
001210246 20
001210249 21
001210250 11
001210251 10
001210252 13
001210253 10
001210254 35
001210255 25
001210256 17
001210257 10
001210258 13
001210259 23
001210260 34
001210261 7
001210262 15
001210263 43
001210264 27
001210265 26
001210266 9
001210268 31
001210269 7
001210271 15
001210272 16
001210274 10
001210275 19
001210276 26
001210277 19
001210278 14
001210279 16
001210280 23
001210281 26
001210282 14
001210283 35
001210284 19
001210285 19
001210286 28
001210287 23
001210288 8
001210289 18
001210290 20
001210291 21
001210292 13
001210294 8
001210295 31
001210296 32
001210297 12
001210299 19
001210300 11
001210302 10
001210304 34
001210305 21
001210306 25
001210307 12
001210309 25
001210310 12
001210311 36
001210313 23
001210314 18
001210315 12
001210317 21
001210318 36
001210319 31
001210320 17
001210321 12
001210322 24
001210323 25
001210324 11
001210325 21
001210326 17
001210327 21
001210328 9
001210329 25
001210331 25
001210332 22
001210333 6
001210334 21
001210335 16
001210336 32
001210337 11
001210338 26
001210339 21
001210340 32
001210341 12
001210342 20
001210343 35
001210344 32
001210346 18
001210347 24
001210349 10
001210350 26
001210351 14
001210352 17
001210353 17
001210354 25
001210355 33
001210356 21
001210357 21
001210358 20
001210359 27
001210361 18
001210363 7
001210364 11
001210365 31
001210366 26
001210367 15
001210368 16
001210369 7
001210370 20
001210371 24
001210372 12
001210373 10
001210374 33
001210375 23
001210376 26
001210377 43
001210378 22
001210379 7
001210380 26
001210381 9
001210382 12
001210383 20
001210384 9
001210386 26
001210387 23
001210388 12
001210389 30
001210390 10
001210391 24
001210392 18
001210393 5
001210394 11
001210395 28
001210396 26
001210397 15
001210398 18
001210399 9
001210400 12
001211401 12
001211402 18
001211403 13
001211405 13
001211406 15
001211407 17
001211408 16
001211409 10
001211411 19
001211412 21
001211413 6
001211414 19
001211415 11
001211416 13
001211418 12
001211421 8
001211422 13
001211423 10
001211424 15
001211425 10
001211426 12
001211427 22
001211428 10
001211429 15
001211430 17
001211433 19
001211434 14
001211435 10
001211436 12
001211438 16
001211439 20
001211440 8
001211441 17
001211443 17
001211444 19
001211445 15
001211446 21
001211447 11
001211448 14
001211449 12
001211450 16
001211451 21
001211452 25
001211453 15
001211454 6
001211456 20
001211457 13
001211458 23
001211460 15
001211461 16
001211463 21
001211464 17
001211465 13
001211466 19
001211467 9
001211468 15
001211469 19
001211470 18
001211471 14
001211473 12
001211474 8
001211475 20
001211476 13
001211477 13
001211478 14
001211479 17
001211480 33
001211481 12
001211482 14
001211483 17
001211485 10
001211487 18
001211488 15
001211489 25
001211491 15
001211493 11
001211494 13
001211495 12
001211496 21
001211497 15
001211498 15
001211499 14
001211500 18
001211502 42
001211503 30
001211504 47
001211505 23
001211506 19
001211507 12
001211509 15
001211510 22
001211511 15
001211512 26
001211513 21
001211514 16
001211515 18
001211516 5
001211517 12
001211518 30
001211519 40
001211520 14
001211521 16
001211522 25
001211523 7
001211524 24
001211525 13
001211526 24
001211528 14
001211529 20
001211530 7
001211531 13
001211532 8
001211533 13
001211534 20
001211535 27
001211536 19
001211537 20
001211538 27
001211539 26
001211540 16
001211541 35
001211542 25
001211543 19
001211544 21
001211545 23
001211546 18
001211547 18
001211548 27
001211549 30
001211551 15
001211552 22
001211553 23
001211554 25
001211555 9
001211556 30
001211557 18
001211558 30
001211559 33
001211560 27
001211561 5
001211562 25
001211563 8
001211565 34
001211566 6
001211567 44
001211568 34
001211569 21
001211570 25
001211571 12
001211572 28
001211573 22
001211574 24
001211576 9
001211578 14
001211579 7
001211580 18
001211581 16
001211582 22
001211583 20
001211584 17
001211585 24
001211586 20
001211587 11
001211588 16
001211590 38
001211591 13
001211592 18
001211593 27
001211595 5
001211596 29
001211597 7
001211598 13
001211599 31
001211600 34
001211601 26
001211603 28
001211605 23
001211606 5
001211607 15
001211608 13
001211609 11
001211612 30
001211613 11
001211614 17
001211615 15
001211616 16
001211617 14
001211618 15
001211619 19
001211620 26
001211621 21
001211622 10
001211623 17
001211624 23
001211625 16
001211627 26
001211628 22
001211629 29
001211630 5
001211631 7
001211632 5
001211633 23
001211634 18
001211635 14
001211636 12
001211638 16
001211639 18
001211640 24
001211642 25
001211644 14
001211645 13
001211646 24
001211647 11
001211648 15
001211650 10
001211651 45
001211652 33
001211653 35
001211654 31
001211655 16
001211656 24
001211657 22
001211658 15
001211659 28
001211660 18
001211661 13
001211663 16
001211664 27
001211665 19
001211666 16
001211667 32
001211668 18
001211669 17
001211671 18
001211672 28
001211673 20
001211675 25
001211677 9
001211678 32
001211679 19
001211680 19
001211681 32
001211682 10
001211683 12
001211684 34
001211685 29
001211686 25
001211688 16
001211690 17
001211691 13
001211692 11
001211693 23
001211694 15
001211695 28
001211696 14
001211697 11
001211698 31
001211699 31
001211700 29
001211701 7
001211703 39
001211705 26
001211706 12
001211707 8
001211709 20
001211710 19
001211711 27
001211712 19
001211713 28
001211714 25
001211715 17
001211716 20
001211717 29
001211719 13
001211720 16
001211721 6
001211722 23
001211723 18
001211724 11
001211725 12
001211726 35
001211727 17
001211728 31
001211729 18
001211730 21
001211731 19
001211732 13
001211734 10
001211735 21
001211736 38
001211737 13
001211738 14
001211739 16
001211740 14
001211741 12
001211742 28
001211743 22
001211744 20
001211745 20
001211746 25
001211747 15
001211748 10
001211749 21
001211750 13
001211751 17
001211752 39
001211753 33
001211755 7
001211756 21
001211757 17
001211759 11
001211760 15
001211761 29
001211762 13
001211763 11
001211764 23
001211765 16
001211766 10
001211767 11
001211768 18
001211769 15
001211770 26
001211771 6
001211772 26
001211773 8
001211774 15
001211775 17
001211777 28
001211778 14
001211779 25
001211780 23
001211781 9
001211782 13
001211783 8
001211784 16
001211785 25
001211786 8
001211788 38
001211789 11
001211790 12
001211794 21
001211795 10
001211796 14
001211797 16
001211798 22
001211799 17
001211800 15
001220002 41
001220006 21
001220008 24
001220009 14
001220010 27
001220011 20
001220012 34
001220013 20
001220014 37
001220015 27
001220016 46
001220017 17
001220019 42
001220020 23
001220021 7
001220023 14
001220024 12
001220025 20
001220026 8
001220027 12
001220029 11
001220030 15
001220031 15
001220032 19
001220034 20
001220036 8
001220037 15
001220038 10
001220039 11
001220042 4
001220043 14
001220045 5
001220046 9
001220048 15
001220049 7
001220052 17
001220054 7
001220057 16
001220058 14
001220062 11
001220063 20
001220064 13
001220065 18
001220068 13
001220069 20
001220070 19
001220071 14
001220073 14
001220074 14
001220075 13
001220076 18
001220077 7
001220078 20
001220079 14
001220080 10
001220081 13
001220082 17
001220083 14
001220084 13
001220086 14
001220090 22
001220093 16
001220094 13
001220095 16
001220096 14
001220097 13
001220098 19
001220099 17
001220100 17
001220101 32
001220103 17
001220105 21
001220107 34
001220109 17
001220110 16
001220111 10
001220115 39
001220117 33
001220119 13
001220120 10
001220123 41
001220124 10
001220125 24
001220126 17
001220128 32
001220129 15
001220130 15
001220131 12
001220133 15
001220134 12
001220136 11
001220137 24
001220139 7
001220141 15
001220142 11
001220143 17
001220144 28
001220145 9
001220146 14
001220147 29
001220148 13
001220149 17
001220150 10
001220151 32
001220152 27
001220153 5
001220154 20
001220155 18
001220156 19
001220157 12
001220158 23
001220159 19
001220160 21
001220162 24
001220164 20
001220165 18
001220166 34
001220167 26
001220168 9
001220169 26
001220170 23
001220171 9
001220172 17
001220173 17
001220174 10
001220175 27
001220176 20
001220177 20
001220178 21
001220179 11
001220180 17
001220182 37
001220184 20
001220185 21
001220187 34
001220189 15
001220190 26
001220191 11
001220192 34
001220193 22
001220194 31
001220195 31
001220198 18
001220199 27
001220200 5
001220201 13
001220203 23
001220205 16
001220206 14
001220208 27
001220209 19
001220211 23
001220212 12
001220214 15
001220216 25
001220217 12
001220218 24
001220219 7
001220221 22
001220222 22
001220223 29
001220224 7
001220225 12
001220227 19
001220228 23
001220230 12
001220231 21
001220233 11
001220234 20
001220235 26
001220236 13
001220237 21
001220238 10
001220239 16
001220241 24
001220242 37
001220243 25
001220244 31
001220245 27
001220246 11
001220248 22
001220249 18
001220251 14
001220253 36
001220254 6
001220255 36
001220256 17
001220257 28
001220258 8
001220259 27
001220260 24
001220261 16
001220264 25
001220265 25
001220267 20
001220269 22
001220270 24
001220271 24
001220273 24
001220274 34
001220275 12
001220278 14
001220279 24
001220281 30
001220287 17
001220288 6
001220289 34
001220290 5
001220291 6
001220294 27
001220295 23
001220296 11
001220297 24
001220298 11
001220299 31
001220300 16
001220301 23
001220302 17
001220303 21
001220304 23
001220305 24
001220306 37
001220308 22
001220314 17
001220315 22
001220319 17
001220320 22
001220323 12
001220325 22
001220326 28
001220327 19
001220333 15
001220334 16
001220336 8
001220339 27
001220342 15
001220343 8
001220345 26
001220347 15
001220349 12
001220350 14
001220352 23
001220355 24
001220356 27
001220357 22
001220358 31
001220361 24
001220362 20
001220363 17
001220364 21
001220365 34
001220366 30
001220367 8
001220369 22
001220370 7
001220372 13
001220374 22
001220378 21
001220380 5
001220381 13
001220383 33
001220385 14
001220388 23
001220392 15
001220394 35
001220396 15
001220399 22
001220400 19
001221401 18
001221402 18
001221403 13
001221405 13
001221406 15
001221408 16
001221409 10
001221411 19
001221412 21
001221413 6
001221414 19
001221415 11
001221416 13
001221417 27
001221418 12
001221419 16
001221422 13
001221423 10
001221424 15
001221425 10
001221426 12
001221427 21
001221428 16
001221429 15
001221430 17
001221431 14
001221432 26
001221433 19
001221434 14
001221435 10
001221436 12
001221437 12
001221438 16
001221439 19
001221440 14
001221441 17
001221442 26
001221443 17
001221444 19
001221445 21
001221446 27
001221447 11
001221448 16
001221449 12
001221450 19
001221451 23
001221452 31
001221453 15
001221454 12
001221455 20
001221456 21
001221457 13
001221458 29
001221459 15
001221460 15
001221461 21
001221462 20
001221463 27
001221464 16
001221465 13
001221466 25
001221467 15
001221468 21
001221469 25
001221470 18
001221471 20
001221472 26
001221474 8
001221475 26
001221476 19
001221477 19
001221478 21
001221479 23
001221480 39
001221481 12
001221482 14
001221483 17
001221484 15
001221485 18
001221487 24
001221488 15
001221489 31
001221490 19
001221491 21
001221494 19
001221495 18
001221496 21
001221497 15
001221498 21
001221499 20
001221500 19
001221501 11
001221502 22
001221503 10
001221504 32
001221505 33
001221506 30
001221507 30
001221508 19
001221509 18
001221510 19
001221511 35
001221512 9
001221513 24
001221516 20
001221517 30
001221518 19
001221520 12
001221521 20
001221522 26
001221523 18
001221524 33
001221525 15
001221526 26
001221527 12
001221528 11
001221529 24
001221530 25
001221531 24
001221532 26
001221533 23
001221534 25
001221536 29
001221537 23
001221538 31
001221539 23
001221540 8
001221541 28
001221542 16
001221543 29
001221544 21
001221545 34
001221546 26
001221548 25
001221549 16
001221550 30
001221551 17
001221552 8
001221553 27
001221554 17
001221555 33
001221556 22
001221557 22
001221558 38
001221561 27
001221562 35
001221563 30
001221564 13
001221565 17
001221566 28
001221567 20
001221569 17
001221570 27
001221571 18
001221574 14
001221575 16
001221576 19
001221577 13
001221578 16
001221579 17
001221580 32
001221581 22
001221582 20
001221583 13
001221584 11
001221585 22
001221586 28
001221587 26
001221588 35
001221589 20
001221592 41
001221593 34
001221594 38
001221595 26
001221596 6
001221597 25
001221598 31
001221599 16
001221600 18
001221601 11
001221602 24
001221603 23
001221606 6
001221607 14
001221609 14
001221610 31
001221611 20
001221612 24
001221613 19
001221614 5
001221615 22
001221616 13
001221617 21
001221618 22
001221619 22
001221621 33
001221622 19
001221623 15
001221624 11
001221625 23
001221626 12
001221627 36
001221628 13
001221629 39
001221630 6
001221631 25
001221632 12
001221633 19
001221634 28
001221635 29
001221636 17
001221637 20
001221638 25
001221639 15
001221640 35
001221641 25
001221642 23
001221643 13
001221644 25
001221645 31
001221646 30
001221647 25
001221648 24
001221649 36
001221650 18
001221651 29
001221652 12
001221654 29
001221655 20
001221656 20
001221657 18
001221658 40
001221660 24
001221662 12
001221663 29
001221664 23
001221666 25
001221667 18
001221668 15
001221669 28
001221670 20
001221671 10
001221672 32
001221673 21
001221674 18
001221675 29
001221677 20
001221678 8
001221679 25
001221680 23
001221681 11
001221682 34
001221683 25
001221684 31
001221685 29
001221686 23
001221688 27
001221689 26
001221691 17
001221692 15
001221693 30
001221695 25
001221696 15
001221697 32
001221698 23
001221699 31
001221700 23
001221701 10
001221702 26
001221703 8
001221704 14
001221705 18
001221706 22
001221708 16
001221709 29
001221711 36
001221712 23
001221713 34
001221714 27
001221715 22
001221717 28
001221718 25
001221719 6
001221720 16
001221721 16
001221722 9
001221723 18
001221725 15
001221726 11
001221728 35
001221729 20
001221730 25
001221731 9
001221732 22
001221733 17
001221734 13
001221735 19
001221736 30
001221737 14
001221738 23
001221740 23
001221741 22
001221742 7
001221744 8
001221745 46
001221746 24
001221747 33
001221748 29
001221749 23
001221750 11
001221751 35
001221752 16
001221753 30
001221755 12
001221756 10
001221757 11
001221758 43
001221759 15
001221760 20
001221761 14
001221762 34
001221763 22
001221764 28
001221765 31
001221766 24
001221767 22
001221768 16
001221769 41
001221771 38
001221772 18
001221773 32
001221774 26
001221775 30
001221776 28
001221777 39
001221778 19
001221779 29
001221780 13
001221781 17
001221782 28
001221783 30
001221784 29
001221786 23
001221787 22
001221788 26
001221789 40
001221790 16
001221791 17
001221792 24
001221793 14
001221794 24
001221795 12
001221796 29
001221797 25
001221798 14
001221799 16
001221800 19
001230001 10
001230002 41
001230003 16
001230005 41
001230006 21
001230007 31
001230008 24
001230009 14
001230010 27
001230011 20
001230012 33
001230014 37
001230015 29
001230016 46
001230017 18
001230018 25
001230019 42
001230020 23
001230021 6
001230023 14
001230024 11
001230025 20
001230026 8
001230027 12
001230028 8
001230029 11
001230030 13
001230031 15
001230032 19
001230033 20
001230034 20
001230036 8
001230037 15
001230038 10
001230039 11
001230040 16
001230041 4
001230042 4
001230043 13
001230044 10
001230045 6
001230046 9
001230047 10
001230048 15
001230049 7
001230050 14
001230052 16
001230053 8
001230054 7
001230057 16
001230058 14
001230059 9
001230060 14
001230061 17
001230062 11
001230063 20
001230064 13
001230065 18
001230066 8
001230067 7
001230068 14
001230069 21
001230070 19
001230071 14
001230072 12
001230073 14
001230074 14
001230075 13
001230076 17
001230077 7
001230078 20
001230079 14
001230080 16
001230081 13
001230082 17
001230083 14
001230084 13
001230085 11
001230086 14
001230087 15
001230088 15
001230089 21
001230090 23
001230091 15
001230093 17
001230094 13
001230095 14
001230096 14
001230097 13
001230098 19
001230099 17
001230100 16
001230101 27
001230103 19
001230104 22
001230106 12
001230107 10
001230108 14
001230109 24
001230110 21
001230111 15
001230113 20
001230114 12
001230115 27
001230116 28
001230117 21
001230118 37
001230119 12
001230120 10
001230121 38
001230122 8
001230123 31
001230124 21
001230127 11
001230129 15
001230130 13
001230131 35
001230132 25
001230133 23
001230134 7
001230135 12
001230136 25
001230137 10
001230139 18
001230141 16
001230143 25
001230145 12
001230146 26
001230147 13
001230148 20
001230150 33
001230151 33
001230152 13
001230153 8
001230154 20
001230156 26
001230157 15
001230158 23
001230160 16
001230161 23
001230162 16
001230163 15
001230164 23
001230165 21
001230166 12
001230167 14
001230169 38
001230170 33
001230171 21
001230172 18
001230173 9
001230174 39
001230175 17
001230176 24
001230178 23
001230179 23
001230180 13
001230182 17
001230183 14
001230184 42
001230185 21
001230188 15
001230189 18
001230190 26
001230191 14
001230192 15
001230193 11
001230194 15
001230198 15
001230199 12
001230200 24
001230201 15
001230205 12
001230206 6
001230208 18
001230212 18
001230213 24
001230214 31
001230215 24
001230216 34
001230218 25
001230219 17
001230220 26
001230221 26
001230222 18
001230223 16
001230224 29
001230225 27
001230226 15
001230227 13
001230228 14
001230229 27
001230230 26
001230231 21
001230232 33
001230233 13
001230236 30
001230237 24
001230238 18
001230239 22
001230240 20
001230241 26
001230242 24
001230244 14
001230245 25
001230246 17
001230247 13
001230248 9
001230249 26
001230250 20
001230251 13
001230252 33
001230253 7
001230254 21
001230255 22
001230257 23
001230258 17
001230260 21
001230261 7
001230262 18
001230264 22
001230266 7
001230267 15
001230268 6
001230269 8
001230270 11
001230271 10
001230272 9
001230273 12
001230275 25
001230276 16
001230277 14
001230278 23
001230279 11
001230280 17
001230281 8
001230282 26
001230283 22
001230285 27
001230286 8
001230287 12
001230288 19
001230289 22
001230290 34
001230291 11
001230292 20
001230293 21
001230295 31
001230299 16
001230300 18
001230302 29
001230303 26
001230305 16
001230307 19
001230308 8
001230309 25
001230310 29
001230311 21
001230312 8
001230314 21
001230316 11
001230317 26
001230318 10
001230319 22
001230320 24
001230321 25
001230322 7
001230323 10
001230325 22
001230326 22
001230328 14
001230329 16
001230330 12
001230331 25
001230333 16
001230335 24
001230336 19
001230338 27
001230339 39
001230340 19
001230341 22
001230342 28
001230343 36
001230344 26
001230345 10
001230346 22
001230347 5
001230349 19
001230350 26
001230351 17
001230352 31
001230353 28
001230354 22
001230356 16
001230357 19
001230358 20
001230360 17
001230361 21
001230362 25
001230363 16
001230364 23
001230366 21
001230367 13
001230368 27
001230369 9
001230370 22
001230372 13
001230374 6
001230375 26
001230377 16
001230378 7
001230379 17
001230380 13
001230381 33
001230382 36
001230383 22
001230385 17
001230386 34
001230387 21
001230388 11
001230389 13
001230392 13
001230393 7
001230395 25
001230396 17
001230397 20
001230398 18
001230400 10
001231401 12
001231402 18
001231403 13
001231405 13
001231406 15
001231407 17
001231408 16
001231409 10
001231411 20
001231412 21
001231413 6
001231414 19
001231415 11
001231416 13
001231417 27
001231418 12
001231422 13
001231423 10
001231424 15
001231425 10
001231428 10
001231429 15
001231430 17
001231431 14
001231432 20
001231433 19
001231434 14
001231435 10
001231436 12
001231438 16
001231440 8
001231441 17
001231442 15
001231443 17
001231444 18
001231445 15
001231447 10
001231448 22
001231449 9
001231450 16
001231451 17
001231452 25
001231453 15
001231454 6
001231457 13
001231458 23
001231459 15
001231460 15
001231461 16
001231463 21
001231464 16
001231465 13
001231466 19
001231467 9
001231468 15
001231470 18
001231471 14
001231473 12
001231474 8
001231475 20
001231476 13
001231477 13
001231478 14
001231479 17
001231480 33
001231482 14
001231483 18
001231484 15
001231485 10
001231487 18
001231488 15
001231489 27
001231490 13
001231491 15
001231492 16
001231493 11
001231494 13
001231495 12
001231496 21
001231497 16
001231498 15
001231499 14
001231500 18
001231501 7
001231504 18
001231506 12
001231507 14
001231508 15
001231509 18
001231510 40
001231513 20
001231514 13
001231515 23
001231517 13
001231518 22
001231521 15
001231522 30
001231523 15
001231524 14
001231526 21
001231527 10
001231529 17
001231530 37
001231531 5
001231533 14
001231534 22
001231536 24
001231538 14
001231539 12
001231540 31
001231542 20
001231543 11
001231544 31
001231545 22
001231547 28
001231550 12
001231551 19
001231552 13
001231553 21
001231554 15
001231555 16
001231557 18
001231558 5
001231559 26
001231561 25
001231562 9
001231563 15
001231564 16
001231565 16
001231566 17
001231567 15
001231568 11
001231569 29
001231570 27
001231571 23
001231572 9
001231573 8
001231574 10
001231575 12
001231576 11
001231577 20
001231578 19
001231579 14
001231580 21
001231581 14
001231582 17
001231583 9
001231584 15
001231585 18
001231586 18
001231587 25
001231590 24
001231591 8
001231593 22
001231594 27
001231595 14
001231596 33
001231598 13
001231599 15
001231600 14
001231601 22
001231603 10
001231604 20
001231605 19
001231606 17
001231607 13
001231608 33
001231609 16
001231610 25
001231611 37
001231612 21
001231613 22
001231614 19
001231615 10
001231617 7
001231618 19
001231619 12
001231620 24
001231621 9
001231623 13
001231624 19
001231626 26
001231627 31
001231628 21
001231629 27
001231630 33
001231632 20
001231633 9
001231634 13
001231635 29
001231636 36
001231637 20
001231638 9
001231639 23
001231640 34
001231641 36
001231642 21
001231643 25
001231644 23
001231645 32
001231646 22
001231647 28
001231648 18
001231649 17
001231650 29
001231651 11
001231652 22
001231653 23
001231656 24
001231658 19
001231659 33
001231660 8
001231661 19
001231662 14
001231663 6
001231664 13
001231665 21
001231666 30
001231667 21
001231668 16
001231669 25
001231670 16
001231674 21
001231675 17
001231676 25
001231677 13
001231678 26
001231679 33
001231681 15
001231683 16
001231684 13
001231685 32
001231688 19
001231689 23
001231692 34
001231693 20
001231695 15
001231696 23
001231697 11
001231698 18
001231699 19
001231700 25
001231701 10
001231702 26
001231703 13
001231704 14
001231705 8
001231707 16
001231708 16
001231709 17
001231710 12
001231711 22
001231713 31
001231714 21
001231715 16
001231716 27
001231717 22
001231719 25
001231721 20
001231724 15
001231725 20
001231726 31
001231728 19
001231729 13
001231730 17
001231731 22
001231732 32
001231734 8
001231735 26
001231736 22
001231737 23
001231738 17
001231739 15
001231741 24
001231743 8
001231746 24
001231747 13
001231748 6
001231749 22
001231750 24
001231752 16
001231753 16
001231754 15
001231756 23
001231757 14
001231758 18
001231759 15
001231760 13
001231761 18
001231762 8
001231763 14
001231764 30
001231765 7
001231766 22
001231767 20
001231768 18
001231769 16
001231771 12
001231774 6
001231775 18
001231776 23
001231777 18
001231780 20
001231781 37
001231782 14
001231783 8
001231785 32
001231787 23
001231788 12
001231791 24
001231792 32
001231793 20
001231795 34
001231796 18
001231798 7
001231799 22
001231800 11
001240001 9
001240002 46
001240003 21
001240005 35
001240006 21
001240007 35
001240008 23
001240009 20
001240013 25
001240014 42
001240015 32
001240016 46
001240017 23
001240018 25
001240019 42
001240020 23
001240021 7
001240024 12
001240025 25
001240027 12
001240028 13
001240031 26
001240032 24
001240033 20
001240034 20
001240036 8
001240037 22
001240038 15
001240039 11
001240040 14
001240043 14
001240047 15
001240048 15
001240049 7
001240052 17
001240055 12
001240057 16
001240058 13
001240059 9
001240060 14
001240061 17
001240062 11
001240063 20
001240064 13
001240068 13
001240069 20
001240072 12
001240073 15
001240074 14
001240075 13
001240077 7
001240078 20
001240081 13
001240082 17
001240084 18
001240086 14
001240089 21
001240090 33
001240092 35
001240093 21
001240094 18
001240096 19
001240098 19
001240104 3
001240105 19
001240106 29
001240107 12
001240108 45
001240109 12
001240111 22
001240112 18
001240113 20
001240116 6
001240118 25
001240123 16
001240125 25
001240126 10
001240127 49
001240135 12
001240136 40
001240140 17
001240146 19
001240149 22
001240150 18
001240152 22
001240153 29
001240154 23
001240155 30
001240157 23
001240158 16
001240161 6
001240162 8
001240165 14
001240166 28
001240170 22
001240172 15
001240173 31
001240174 14
001240176 9
001240180 25
001240187 31
001240188 24
001240192 23
001240193 16
001240196 23
001240198 28
001240199 13
001240202 14
001240203 16
001240205 20
001240206 20
001240208 27
001240210 21
001240211 15
001240212 10
001240214 24
001240216 20
001240217 16
001240218 11
001240219 14
001240220 10
001240221 17
001240224 30
001240230 25
001240232 8
001240234 19
001240236 28
001240237 19
001240239 7
001240242 9
001240243 19
001240244 10
001240260 25
001240261 41
001240263 22
001240265 20
001240266 15
001240268 27
001240269 8
001240270 25
001240271 20
001240272 21
001240277 17
001240278 22
001240289 12
001240295 18
001240298 30
001240299 24
001240303 15
001240306 22
001240307 22
001240309 11
001240310 26
001240314 11
001240316 11
001240319 13
001240320 13
001240329 11
001240331 21
001240332 29
001240334 12
001240336 18
001240337 20
001240344 27
001240346 17
001240347 31
001240349 8
001240350 23
001240355 13
001240356 21
001240359 17
001240360 19
001240362 25
001240364 9
001240368 33
001240369 35
001240371 12
001240372 7
001240373 20
001240374 31
001240380 38
001240382 28
001240384 15
001240385 17
001240391 7
001240392 22
001240394 20
001240395 17
001240396 17
001240397 13
001240399 7
001240400 36
001241406 15
001241407 17
001241413 6
001241424 15
001241428 10
001241434 14
001241435 10
001241438 16
001241440 8
001241444 18
001241447 11
001241449 12
001241450 16
001241462 14
001241464 16
001241466 19
001241467 11
001241470 18
001241474 8
001241475 20
001241483 17
001241485 10
001241487 18
001241490 13
001241495 12
001241496 21
001241499 14
001241500 18
001241502 19
001241507 12
001241510 5
001241514 33
001241516 6
001241517 26
001241522 12
001241525 18
001241530 24
001241532 28
001241533 10
001241534 21
001241538 21
001241540 21
001241541 9
001241542 11
001241544 20
001241546 33
001241552 27
001241556 20
001241557 11
001241559 34
001241562 23
001241563 23
001241571 20
001241578 25
001241579 13
001241580 13
001241581 18
001241586 23
001241588 18
001241589 16
001241591 19
001241592 18
001241593 18
001241598 25
001241600 17
001241601 17
001241605 23
001241606 12
001241607 22
001241608 22
001241613 35
001241615 21
001241616 7
001241617 19
001241621 9
001241627 22
001241633 34
001241634 24
001241637 33
001241640 28
001241649 9
001241652 19
001241658 11
001241660 10
001241662 20
001241664 6
001241666 15
001241667 15
001241670 29
001241673 15
001241675 16
001241678 11
001241688 13
001241694 20
001241696 9
001241706 25
001241711 25
001241716 18
001241719 7
001241722 26
001241723 13
001241724 29
001241725 29
001241732 14
001241735 18
001241737 16
001241740 12
001241741 18
001241742 31
001241743 23
001241744 15
001241745 16
001241746 20
001241747 27
001241750 9
001241751 13
001241752 15
001241753 31
001241754 32
001241755 8
001241756 17
001241758 7
001241759 12
001241761 26
001241762 25
001241763 26
001241764 15
001241765 11
001241766 18
001241767 30
001241768 14
001241769 18
001241770 25
001241771 13
001241772 11
001241773 8
001241774 8
001241775 12
001241776 20
001241777 18
001241778 24
001241780 9
001241781 9
001241783 29
001241786 23
001241787 39
001241789 26
001241790 27
001241791 15
001241792 24
001241793 23
001241794 8
001241795 31
001241796 14
001241797 9
001241798 22
001241799 16
001250001 10
001250002 41
001250003 16
001250004 33
001250005 35
001250006 21
001250007 31
001250008 24
001250009 20
001250010 27
001250011 20
001250012 34
001250013 20
001250014 37
001250015 27
001250016 46
001250017 19
001250018 25
001250019 42
001250020 23
001250021 7
001250022 11
001250023 14
001250024 12
001250025 20
001250026 8
001250027 12
001250028 8
001250029 11
001250030 14
001250031 14
001250032 19
001250033 20
001250034 22
001250035 7
001250036 8
001250037 17
001250038 10
001250039 11
001250040 14
001250041 4
001250042 4
001250043 14
001250044 10
001250045 6
001250046 9
001250047 10
001250048 15
001250049 7
001250050 14
001250052 17
001250053 8
001250054 7
001250055 12
001250056 12
001250057 16
001250058 14
001250059 9
001250060 14
001250061 18
001250062 11
001250063 20
001250064 13
001250065 18
001250066 9
001250067 11
001250068 13
001250070 19
001250071 14
001250072 12
001250073 15
001250074 14
001250077 7
001250078 20
001250079 14
001250080 10
001250081 13
001250082 17
001250083 14
001250084 13
001250085 11
001250086 14
001250087 15
001250088 15
001250089 21
001250090 22
001250091 15
001250092 35
001250093 16
001250094 13
001250095 14
001250096 14
001250097 13
001250098 19
001250100 17
001250101 32
001250102 16
001250103 15
001250104 19
001250105 22
001250106 40
001250107 19
001250108 15
001250110 25
001250111 8
001250112 9
001250113 12
001250114 19
001250115 35
001250116 20
001250117 7
001250118 18
001250119 19
001250120 20
001250121 13
001250122 40
001250123 33
001250125 20
001250126 22
001250127 28
001250129 26
001250130 21
001250131 35
001250132 18
001250133 26
001250134 14
001250135 39
001250136 31
001250137 18
001250138 10
001250139 9
001250141 7
001250142 27
001250144 9
001250145 23
001250146 27
001250147 16
001250148 16
001250149 13
001250150 11
001250152 14
001250153 36
001250154 16
001250155 10
001250156 18
001250158 15
001250159 24
001250160 15
001250161 6
001250162 34
001250163 11
001250164 21
001250165 31
001250166 12
001250167 8
001250168 31
001250169 40
001250170 8
001250171 14
001250172 10
001250173 12
001250174 11
001250175 22
001250176 17
001250177 6
001250178 10
001250179 6
001250180 13
001250181 15
001250182 13
001250183 12
001250184 17
001250185 18
001250186 36
001250187 12
001250188 17
001250189 23
001250190 8
001250191 28
001250192 30
001250193 29
001250194 26
001250195 14
001250196 25
001250197 42
001250198 28
001250199 14
001250200 27
001250201 25
001250202 21
001250203 22
001250204 17
001250205 16
001250206 18
001250207 15
001250209 17
001250211 32
001250212 37
001250213 30
001250214 20
001250215 16
001250216 16
001250217 19
001250218 24
001250219 12
001250220 27
001250221 13
001250222 21
001250223 25
001250224 20
001250225 16
001250226 21
001250227 23
001250228 28
001250229 12
001250230 22
001250231 12
001250232 32
001250233 15
001250234 21
001250235 45
001250236 36
001250238 29
001250239 24
001250240 30
001250241 18
001250242 19
001250243 19
001250244 13
001250245 27
001250246 30
001250247 16
001250248 8
001250249 14
001250250 17
001250251 8
001250252 25
001250253 15
001250254 25
001250255 17
001250256 18
001250257 22
001250258 24
001250259 7
001250260 26
001250261 7
001250262 20
001250263 33
001250264 12
001250265 18
001250266 13
001250267 20
001250268 7
001250269 15
001250270 24
001250271 15
001250272 24
001250273 14
001250274 26
001250275 25
001250276 19
001250277 19
001250278 7
001250279 38
001250280 16
001250281 10
001250282 9
001250283 16
001250284 20
001250285 14
001250286 26
001250287 20
001250288 29
001250289 13
001250290 8
001250291 20
001250292 18
001250293 27
001250294 22
001250295 34
001250297 14
001250298 21
001250299 32
001250300 26
001250301 10
001250302 18
001250303 18
001250304 35
001250305 18
001250306 14
001250307 14
001250308 9
001250309 22
001250310 27
001250311 23
001250312 13
001250313 25
001250314 36
001250315 8
001250316 31
001250317 21
001250318 28
001250319 31
001250320 10
001250321 21
001250322 7
001250323 5
001250324 19
001250325 11
001250326 10
001250327 19
001250329 10
001250330 18
001250331 17
001250332 14
001250333 13
001250334 19
001250335 28
001250336 17
001250337 13
001250338 5
001250339 30
001250340 19
001250341 25
001250342 16
001250343 27
001250344 21
001250345 21
001250346 22
001250348 14
001250349 12
001250350 22
001250351 25
001250352 19
001250353 24
001250354 30
001250355 25
001250356 28
001250357 31
001250358 25
001250359 8
001250360 9
001250361 34
001250362 14
001250364 9
001250365 15
001250366 26
001250367 8
001250368 9
001250369 20
001250370 26
001250371 9
001250372 19
001250374 9
001250375 31
001250376 34
001250377 35
001250378 23
001250379 25
001250380 12
001250381 8
001250382 16
001250383 31
001250384 20
001250385 19
001250386 22
001250387 35
001250388 9
001250389 16
001250390 9
001250391 25
001250392 17
001250393 21
001250394 13
001250395 24
001250396 17
001250397 5
001250399 20
001250400 16
001251402 18
001251403 13
001251404 21
001251405 13
001251406 15
001251407 17
001251408 16
001251409 10
001251411 19
001251412 21
001251413 6
001251414 19
001251415 11
001251416 13
001251418 12
001251420 16
001251421 8
001251422 13
001251423 10
001251424 15
001251425 10
001251427 22
001251428 10
001251429 15
001251430 17
001251431 14
001251432 20
001251433 19
001251434 14
001251435 10
001251436 12
001251437 12
001251438 16
001251439 19
001251440 8
001251441 17
001251442 20
001251443 17
001251444 19
001251445 15
001251446 21
001251447 11
001251448 16
001251449 12
001251450 16
001251451 21
001251452 25
001251453 15
001251454 6
001251456 20
001251457 13
001251458 23
001251459 15
001251460 15
001251461 16
001251463 21
001251464 16
001251465 13
001251466 19
001251467 9
001251468 15
001251470 18
001251471 14
001251472 21
001251473 12
001251474 8
001251475 20
001251476 13
001251477 13
001251478 14
001251479 17
001251480 33
001251481 12
001251482 14
001251483 17
001251485 12
001251487 18
001251488 15
001251489 25
001251490 13
001251491 15
001251492 16
001251493 11
001251494 13
001251495 14
001251496 21
001251497 15
001251498 15
001251499 14
001251500 18
001251501 12
001251503 26
001251504 26
001251505 19
001251506 10
001251507 33
001251508 35
001251509 9
001251510 13
001251511 9
001251512 28
001251513 27
001251515 16
001251516 27
001251517 35
001251518 18
001251519 8
001251520 39
001251521 22
001251523 19
001251524 23
001251525 26
001251526 17
001251527 17
001251528 9
001251529 14
001251530 10
001251531 20
001251532 22
001251533 19
001251535 18
001251536 15
001251537 24
001251539 19
001251540 27
001251541 21
001251542 28
001251543 24
001251544 17
001251545 10
001251546 8
001251547 10
001251548 13
001251550 10
001251551 36
001251552 25
001251553 12
001251554 28
001251555 29
001251556 20
001251557 15
001251558 9
001251559 13
001251560 25
001251561 12
001251563 18
001251564 31
001251565 7
001251566 18
001251567 16
001251568 16
001251569 40
001251570 15
001251571 7
001251572 19
001251574 6
001251575 8
001251577 19
001251579 35
001251580 13
001251581 15
001251583 20
001251584 14
001251585 5
001251586 24
001251587 15
001251588 31
001251589 24
001251590 18
001251591 22
001251592 6
001251593 9
001251594 13
001251595 25
001251596 22
001251597 10
001251598 14
001251599 32
001251601 7
001251602 12
001251603 20
001251604 17
001251605 19
001251606 9
001251607 24
001251608 15
001251609 25
001251610 7
001251611 10
001251612 25
001251613 5
001251614 31
001251615 13
001251616 24
001251617 7
001251618 19
001251619 12
001251620 9
001251622 11
001251623 10
001251624 13
001251625 22
001251626 13
001251627 9
001251628 14
001251629 20
001251631 21
001251632 6
001251633 16
001251634 21
001251635 10
001251637 23
001251638 10
001251639 10
001251640 32
001251641 21
001251642 11
001251643 22
001251645 27
001251646 20
001251647 37
001251649 25
001251650 35
001251651 12
001251652 9
001251653 8
001251654 5
001251655 5
001251656 16
001251657 32
001251658 15
001251659 19
001251661 8
001251662 35
001251663 10
001251664 25
001251665 22
001251667 17
001251668 26
001251669 27
001251670 25
001251671 7
001251672 27
001251673 8
001251674 35
001251675 16
001251676 24
001251677 8
001251678 16
001251679 21
001251680 28
001251681 37
001251682 11
001251683 21
001251684 19
001251685 30
001251686 14
001251687 22
001251688 31
001251689 6
001251690 17
001251691 25
001251693 11
001251694 30
001251695 25
001251696 25
001251697 10
001251699 26
001251700 24
001251701 25
001251702 17
001251703 10
001251704 17
001251705 14
001251706 20
001251707 19
001251708 24
001251709 15
001251710 37
001251711 12
001251712 10
001251714 29
001251715 12
001251716 12
001251717 7
001251718 15
001251719 11
001251720 17
001251721 19
001251722 9
001251723 28
001251724 21
001251725 22
001251726 15
001251727 23
001251728 26
001251729 11
001251730 9
001251731 21
001251732 14
001251733 35
001251734 21
001251735 17
001251736 23
001251737 17
001251738 9
001251739 23
001251740 23
001251741 16
001251742 12
001251743 10
001251744 23
001251745 17
001251746 15
001251747 5
001251748 23
001251749 8
001251750 38
001251751 16
001251754 23
001251755 16
001251756 27
001251757 19
001251758 9
001251759 25
001251760 24
001251762 10
001251763 24
001251764 16
001251765 13
001251766 15
001251767 37
001251768 22
001251769 20
001251770 17
001251771 23
001251772 6
001251773 16
001251774 36
001251775 24
001251776 14
001251777 7
001251778 41
001251779 14
001251780 19
001251781 22
001251782 24
001251783 15
001251784 12
001251785 19
001251786 23
001251787 34
001251788 15
001251789 27
001251790 18
001251791 15
001251792 18
001251793 20
001251794 15
001251795 35
001251796 34
001251797 18
001251798 27
001251799 16
001251800 22
001260002 41
001260003 16
001260004 34
001260005 35
001260006 21
001260007 30
001260008 24
001260009 20
001260011 20
001260012 34
001260013 20
001260014 37
001260015 27
001260016 46
001260017 24
001260018 25
001260020 23
001260021 7
001260024 12
001260025 20
001260026 8
001260028 8
001260029 11
001260030 14
001260031 15
001260032 19
001260033 20
001260034 20
001260035 7
001260037 17
001260038 10
001260039 11
001260040 14
001260042 4
001260047 10
001260048 15
001260050 14
001260052 17
001260057 16
001260058 14
001260059 9
001260060 14
001260062 11
001260063 20
001260067 11
001260068 13
001260069 20
001260070 19
001260071 14
001260072 12
001260073 15
001260074 14
001260077 7
001260078 20
001260081 13
001260083 14
001260084 13
001260088 15
001260089 21
001260091 15
001260094 13
001260095 14
001260096 14
001260097 13
001260098 19
001260106 12
001260107 23
001260108 23
001260110 12
001260111 31
001260112 19
001260113 41
001260114 32
001260115 25
001260116 10
001260117 21
001260119 17
001260120 18
001260121 16
001260122 15
001260127 19
001260129 18
001260130 15
001260132 21
001260134 23
001260136 21
001260137 9
001260139 22
001260141 24
001260142 21
001260144 18
001260145 36
001260147 12
001260148 26
001260149 23
001260154 16
001260155 19
001260156 17
001260157 13
001260158 10
001260161 14
001260163 23
001260164 27
001260165 28
001260166 8
001260168 19
001260170 6
001260172 16
001260173 27
001260176 18
001260178 31
001260179 28
001260180 17
001260182 19
001260183 18
001260184 28
001260185 17
001260186 6
001260187 21
001260189 29
001260191 13
001260193 27
001260195 32
001260196 13
001260198 6
001260199 8
001260200 6
001260201 17
001260202 16
001260203 5
001260204 23
001260205 7
001260206 26
001260207 9
001260209 24
001260210 16
001260212 8
001260214 18
001260216 8
001260217 15
001260218 16
001260220 20
001260221 9
001260223 22
001260226 11
001260227 16
001260229 18
001260230 38
001260231 15
001260232 5
001260233 39
001260235 34
001260236 17
001260237 7
001260238 13
001260240 8
001260241 19
001260242 19
001260245 17
001260248 19
001260249 32
001260250 29
001260251 15
001260252 17
001260253 29
001260254 20
001260255 8
001260256 25
001260257 26
001260258 17
001260259 17
001260260 22
001260261 9
001260262 12
001260263 15
001260265 8
001260266 13
001260267 12
001260269 8
001260270 29
001260271 7
001260272 21
001260273 28
001260274 22
001260275 36
001260278 32
001260279 17
001260281 11
001260282 13
001260283 9
001260284 29
001260285 17
001260286 10
001260287 48
001260288 23
001260289 11
001260291 39
001260292 23
001260294 19
001260295 36
001260296 13
001260297 17
001260299 8
001260300 25
001260301 24
001260302 13
001260303 18
001260306 44
001260307 34
001260310 24
001260311 6
001260313 29
001260315 12
001260316 26
001260318 14
001260319 10
001260321 33
001260322 20
001260324 25
001260326 24
001260327 40
001260329 10
001260330 25
001260331 30
001260332 22
001260333 7
001260334 14
001260335 9
001260338 10
001260339 24
001260340 25
001260343 22
001260344 27
001260346 9
001260347 8
001260348 10
001260349 19
001260350 21
001260351 31
001260353 24
001260354 19
001260355 19
001260358 21
001260359 5
001260360 49
001260361 23
001260363 6
001260364 21
001260365 18
001260366 41
001260368 7
001260369 37
001260371 22
001260372 21
001260373 10
001260376 13
001260377 7
001260378 13
001260380 27
001260381 19
001260383 14
001260385 24
001260386 8
001260387 27
001260388 22
001260389 11
001260390 15
001260391 18
001260393 20
001260394 10
001260395 19
001260397 18
001260398 20
001260399 6
001260400 11
001261401 12
001261402 18
001261403 13
001261404 21
001261405 13
001261406 15
001261407 17
001261408 16
001261409 10
001261410 19
001261411 19
001261412 21
001261413 6
001261414 19
001261415 11
001261416 13
001261418 12
001261422 13
001261423 10
001261424 15
001261425 10
001261428 10
001261429 15
001261430 17
001261431 14
001261433 19
001261434 14
001261435 10
001261436 12
001261438 16
001261440 8
001261441 17
001261442 20
001261444 19
001261445 15
001261446 21
001261447 11
001261448 16
001261449 12
001261450 16
001261451 21
001261452 25
001261453 15
001261454 6
001261457 13
001261459 15
001261460 15
001261461 16
001261463 21
001261464 17
001261465 13
001261466 19
001261467 9
001261469 19
001261470 18
001261471 15
001261474 8
001261475 20
001261476 13
001261478 14
001261479 17
001261480 33
001261482 14
001261483 17
001261485 11
001261487 18
001261488 13
001261489 25
001261490 13
001261491 15
001261494 13
001261495 12
001261496 21
001261497 15
001261498 15
001261499 14
001261500 18
001261502 25
001261506 26
001261507 40
001261509 27
001261511 29
001261512 38
001261513 11
001261514 16
001261515 32
001261516 18
001261517 26
001261518 14
001261519 23
001261520 17
001261522 20
001261523 24
001261524 27
001261525 21
001261526 32
001261528 8
001261529 14
001261531 16
001261533 12
001261534 34
001261535 12
001261536 18
001261537 14
001261538 30
001261539 27
001261540 28
001261542 34
001261543 23
001261545 14
001261546 15
001261547 27
001261548 12
001261549 24
001261550 8
001261551 17
001261552 29
001261554 16
001261555 30
001261556 15
001261557 20
001261558 22
001261559 29
001261560 7
001261564 23
001261566 26
001261567 20
001261568 13
001261569 18
001261570 10
001261572 16
001261573 14
001261576 18
001261579 18
001261580 27
001261581 7
001261582 13
001261583 12
001261585 28
001261586 27
001261587 21
001261588 17
001261590 34
001261591 9
001261592 12
001261594 16
001261596 21
001261598 15
001261599 18
001261600 16
001261602 6
001261603 22
001261604 12
001261605 31
001261606 8
001261608 17
001261609 22
001261610 24
001261611 17
001261612 19
001261613 9
001261616 10
001261617 16
001261618 28
001261619 19
001261621 14
001261622 8
001261623 15
001261624 19
001261625 15
001261627 24
001261630 29
001261631 27
001261633 20
001261634 17
001261636 12
001261640 17
001261641 24
001261643 17
001261644 22
001261645 14
001261646 13
001261647 29
001261648 7
001261649 18
001261650 24
001261651 25
001261652 22
001261653 14
001261654 14
001261655 21
001261657 42
001261658 21
001261659 13
001261662 47
001261664 6
001261665 27
001261666 32
001261667 15
001261668 39
001261670 13
001261671 31
001261672 16
001261673 35
001261675 22
001261676 42
001261677 15
001261678 17
001261680 30
001261681 19
001261682 18
001261683 16
001261684 23
001261686 14
001261688 25
001261689 26
001261690 19
001261691 28
001261693 29
001261694 13
001261696 21
001261697 23
001261698 38
001261699 26
001261700 9
001261701 23
001261702 12
001261703 32
001261704 9
001261706 19
001261707 14
001261708 8
001261709 14
001261710 7
001261712 26
001261713 23
001261715 20
001261716 15
001261717 38
001261719 9
001261720 11
001261721 10
001261722 15
001261723 18
001261724 29
001261725 17
001261727 30
001261728 11
001261730 16
001261731 21
001261733 11
001261734 12
001261735 22
001261736 14
001261737 14
001261738 7
001261740 29
001261741 37
001261742 9
001261743 10
001261745 16
001261746 38
001261747 10
001261748 31
001261749 18
001261750 25
001261751 15
001261752 29
001261754 24
001261755 30
001261756 17
001261757 11
001261758 12
001261760 20
001261761 23
001261762 22
001261763 35
001261764 13
001261765 18
001261766 9
001261767 24
001261768 24
001261769 20
001261770 13
001261772 18
001261773 17
001261775 19
001261776 5
001261777 17
001261778 14
001261779 10
001261781 5
001261782 19
001261783 8
001261785 19
001261787 31
001261788 24
001261789 15
001261791 26
001261792 22
001261793 14
001261794 17
001261795 11
001261797 15
001261798 21
001261799 28
001261800 26
001271402 18
001271403 13
001271405 13
001271407 17
001271408 16
001271409 10
001271411 19
001271412 21
001271413 5
001271414 19
001271415 11
001271416 13
001271417 27
001271418 14
001271419 16
001271420 14
001271421 8
001271422 13
001271423 10
001271424 15
001271425 10
001271426 12
001271427 22
001271428 10
001271429 15
001271430 17
001271431 15
001271432 21
001271433 19
001271434 14
001271435 10
001271436 12
001271438 16
001271439 19
001271440 8
001271441 17
001271443 16
001271444 19
001271445 15
001271446 21
001271447 11
001271448 16
001271449 11
001271450 16
001271451 20
001271452 24
001271453 17
001271454 6
001271456 20
001271457 13
001271458 24
001271459 15
001271460 15
001271462 14
001271463 21
001271464 16
001271465 13
001271466 19
001271467 9
001271468 15
001271469 19
001271470 18
001271471 14
001271472 20
001271473 12
001271474 8
001271475 22
001271476 13
001271478 14
001271479 17
001271480 33
001271481 12
001271482 14
001271483 17
001271484 15
001271485 11
001271486 8
001271487 18
001271488 15
001271489 25
001271490 13
001271491 15
001271492 16
001271493 11
001271494 9
001271495 11
001271496 21
001271497 17
001271498 15
001271499 14
001271500 18
001271501 9
001271503 40
001271504 15
001271505 7
001271506 11
001271507 17
001271508 12
001271509 15
001271510 8
001271512 17
001271513 40
001271515 12
001271516 25
001271517 13
001271518 13
001271519 10
001271520 17
001271521 35
001271522 11
001271523 15
001271524 15
001271525 13
001271526 37
001271527 18
001271528 17
001271529 14
001271530 11
001271531 30
001271532 10
001271533 19
001271534 19
001271535 13
001271536 19
001271537 35
001271538 16
001271539 49
001271540 29
001271541 26
001271542 20
001271543 9
001271544 30
001271545 13
001271546 19
001271548 15
001271549 10
001271550 22
001271551 9
001271552 12
001271553 29
001271554 20
001271555 16
001271556 29
001271557 33
001271558 14
001271559 30
001271560 16
001271562 48
001271563 11
001271564 27
001271565 18
001271566 11
001271567 30
001271568 20
001271569 7
001271570 24
001271571 26
001271572 19
001271573 23
001271574 24
001271575 16
001271576 25
001271577 22
001271578 20
001271579 27
001271580 27
001271581 12
001271582 11
001271583 29
001271584 24
001271586 11
001271587 33
001271588 38
001271589 20
001271590 20
001271591 8
001271592 9
001271593 31
001271594 29
001271595 24
001271596 17
001271597 14
001271598 13
001271599 14
001271600 37
001271601 28
001271602 34
001271603 14
001271604 18
001271605 33
001271606 11
001271607 38
001271608 29
001271609 19
001271610 19
001271611 22
001271612 26
001271613 18
001271614 6
001271615 15
001271616 23
001271617 35
001271618 33
001271619 21
001271620 9
001271621 46
001271622 15
001271624 28
001271625 21
001271626 29
001271627 7
001271628 24
001271629 34
001271631 29
001271632 31
001271633 23
001271634 14
001271635 30
001271636 17
001271637 14
001271638 15
001271639 30
001271640 9
001271642 21
001271643 20
001271644 34
001271645 18
001271646 15
001271647 21
001271648 8
001271649 16
001271650 5
001271651 14
001271652 15
001271653 10
001271654 34
001271655 34
001271656 25
001271657 25
001271658 18
001271659 20
001271660 35
001271662 38
001271663 44
001271664 52
001271665 21
001271666 18
001271667 10
001271668 23
001271669 18
001271670 24
001271671 16
001271672 19
001271673 42
001271674 25
001271675 30
001271676 17
001271677 7
001271678 27
001271679 17
001271680 31
001271681 20
001271682 14
001271683 21
001271684 18
001271685 8
001271686 11
001271687 25
001271688 6
001271689 16
001271690 13
001271691 15
001271692 21
001271693 14
001271694 13
001271695 26
001271696 7
001271697 24
001271698 38
001271699 10
001271700 42
001271701 14
001271702 27
001271703 13
001271704 14
001271705 15
001271706 17
001271708 17
001271709 15
001271710 35
001271711 11
001271712 24
001271713 18
001271714 12
001271715 33
001271716 25
001271717 15
001271718 22
001271719 25
001271720 23
001271721 25
001271722 9
001271723 17
001271724 17
001271725 23
001271726 25
001271727 23
001271728 19
001271729 11
001271730 21
001271731 13
001271733 17
001271734 16
001271735 11
001271736 31
001271737 23
001271738 10
001271739 12
001271740 11
001271741 14
001271742 8
001271743 40
001271744 14
001271745 19
001271746 25
001271747 17
001271748 26
001271749 7
001271750 7
001271751 19
001271752 19
001271753 12
001271754 10
001271755 28
001271756 15
001271757 6
001271758 16
001271759 16
001271760 11
001271761 36
001271762 12
001271763 17
001271764 10
001271765 28
001271766 13
001271767 25
001271768 51
001271769 17
001271770 14
001271771 5
001271772 22
001271773 16
001271774 17
001271775 21
001271776 9
001271777 16
001271778 15
001271779 21
001271780 13
001271781 21
001271782 15
001271783 18
001271784 22
001271785 23
001271786 15
001271787 6
001271788 24
001271789 26
001271790 22
001271791 28
001271792 12
001271793 17
001271794 10
001271795 24
001271796 17
001271797 14
001271798 22
001271799 19
001271800 35
001280001 10
001280002 43
001280003 16
001280004 33
001280005 36
001280006 21
001280007 28
001280008 24
001280009 14
001280011 20
001280012 33
001280013 19
001280014 36
001280015 26
001280016 44
001280017 17
001280018 24
001280019 43
001280020 22
001280021 7
001280022 11
001280023 20
001280024 14
001280025 21
001280026 8
001280027 12
001280028 8
001280029 11
001280030 14
001280031 15
001280032 19
001280033 21
001280034 20
001280036 8
001280037 17
001280038 10
001280039 11
001280040 14
001280041 4
001280042 4
001280043 14
001280044 10
001280045 6
001280046 9
001280047 10
001280048 15
001280049 7
001280050 14
001280052 18
001280053 8
001280054 7
001280055 12
001280056 13
001280057 16
001280058 14
001280059 9
001280060 15
001280061 17
001280062 11
001280063 20
001280064 13
001280065 18
001280067 11
001280068 20
001280069 18
001280070 18
001280071 14
001280072 12
001280073 15
001280076 17
001280077 7
001280078 20
001280079 14
001280080 10
001280081 12
001280082 17
001280083 14
001280084 13
001280085 11
001280086 14
001280087 15
001280088 20
001280089 21
001280090 22
001280091 15
001280092 36
001280093 14
001280094 13
001280095 14
001280096 14
001280097 13
001280098 19
001280099 17
001280100 17
001280101 26
001280102 26
001280103 28
001280104 31
001280105 28
001280106 16
001280107 7
001280108 19
001280109 8
001280110 29
001280111 16
001280112 20
001280113 13
001280114 11
001280115 11
001280116 28
001280117 13
001280118 14
001280119 33
001280120 20
001280121 8
001280122 13
001280123 18
001280124 18
001280125 24
001280126 27
001280127 13
001280128 26
001280129 21
001280130 11
001280131 13
001280132 18
001280133 32
001280134 13
001280135 8
001280136 17
001280137 17
001280138 18
001280139 20
001280140 14
001280141 13
001280142 20
001280144 17
001280145 21
001280146 20
001280147 13
001280148 37
001280149 34
001280150 33
001280151 29
001280152 14
001280153 33
001280154 34
001280155 27
001280156 12
001280157 26
001280158 16
001280159 31
001280160 16
001280161 15
001280162 11
001280163 17
001280164 9
001280165 11
001280166 22
001280168 27
001280169 36
001280170 14
001280171 23
001280173 24
001280174 30
001280175 9
001280176 25
001280177 33
001280178 17
001280179 21
001280180 20
001280181 16
001280182 22
001280183 21
001280184 40
001280185 10
001280186 22
001280187 12
001280188 5
001280189 17
001280190 18
001280191 19
001280192 9
001280193 23
001280194 45
001280195 26
001280196 32
001280197 25
001280198 14
001280199 37
001280200 8
001280201 6
001280203 20
001280204 8
001280205 24
001280206 11
001280207 21
001280208 16
001280209 31
001280210 11
001280211 10
001280213 16
001280214 19
001280215 16
001280216 6
001280217 9
001280218 12
001280219 13
001280220 21
001280221 21
001280222 36
001280223 18
001280224 22
001280225 10
001280226 34
001280227 19
001280228 35
001280229 24
001280230 7
001280231 34
001280233 18
001280234 27
001280235 6
001280236 12
001280237 26
001280239 10
001280241 23
001280242 28
001280243 25
001280244 20
001280245 18
001280246 6
001280247 26
001280248 26
001280250 29
001280251 13
001280252 21
001280253 31
001280254 21
001280255 34
001280256 32
001280257 16
001280258 11
001280261 22
001280262 11
001280263 15
001280264 16
001280265 26
001280266 19
001280268 18
001280269 30
001280270 17
001280271 34
001280272 14
001280274 22
001280275 9
001280277 5
001280278 14
001280279 13
001280280 10
001280281 23
001280282 13
001280284 26
001280287 12
001280288 26
001280289 32
001280290 18
001280291 31
001280292 30
001280294 11
001280295 37
001280297 21
001280299 9
001280300 12
001280301 14
001280305 31
001280306 21
001280307 6
001280308 22
001280309 17
001280310 18
001280311 10
001280314 17
001280315 11
001280317 28
001280318 26
001280320 18
001280322 33
001280325 13
001280326 17
001280327 12
001280328 34
001280329 26
001280330 14
001280332 32
001280333 19
001280336 26
001280339 30
001280340 21
001280343 13
001280344 18
001280345 18
001280347 30
001280351 16
001280353 24
001280356 32
001280359 10
001280360 25
001280361 27
001280362 9
001280363 29
001280364 25
001280365 20
001280366 30
001280367 20
001280371 29
001280373 25
001280376 16
001280377 34
001280379 11
001280380 12
001280382 31
001280383 14
001280387 15
001280389 28
001280390 24
001280391 13
001280392 11
001280393 7
001280395 17
001280397 12
001281401 12
001281402 18
001281403 16
001281404 28
001281405 13
001281406 15
001281407 17
001281408 15
001281411 19
001281412 21
001281413 6
001281414 17
001281415 10
001281416 13
001281417 27
001281418 11
001281419 16
001281420 19
001281421 9
001281422 13
001281423 10
001281424 15
001281425 10
001281426 11
001281427 22
001281428 10
001281429 15
001281430 17
001281431 14
001281432 18
001281433 19
001281434 14
001281435 9
001281436 13
001281438 16
001281439 19
001281440 7
001281441 15
001281442 18
001281443 18
001281444 19
001281445 14
001281446 26
001281447 10
001281448 15
001281449 12
001281450 15
001281451 18
001281452 33
001281453 14
001281454 6
001281455 20
001281456 19
001281457 13
001281458 22
001281459 15
001281460 15
001281461 20
001281463 26
001281464 15
001281465 19
001281466 19
001281467 9
001281470 18
001281471 12
001281472 20
001281473 12
001281474 8
001281475 20
001281477 13
001281478 14
001281479 17
001281481 12
001281482 14
001281483 16
001281484 16
001281485 10
001281486 8
001281487 21
001281488 13
001281489 24
001281490 12
001281491 15
001281492 17
001281494 15
001281495 13
001281496 21
001281497 15
001281498 15
001281499 14
001281500 22
001281501 6
001281502 27
001281503 29
001281504 9
001281505 21
001281506 24
001281507 24
001281508 11
001281509 25
001281510 16
001281511 33
001281512 11
001281513 13
001281515 16
001281516 6
001281517 23
001281518 12
001281519 15
001281520 13
001281521 29
001281522 23
001281523 44
001281524 23
001281525 29
001281526 25
001281527 12
001281528 22
001281529 28
001281530 41
001281531 15
001281532 23
001281533 27
001281534 18
001281535 25
001281536 8
001281537 11
001281538 17
001281539 40
001281540 16
001281541 23
001281542 9
001281543 39
001281544 20
001281545 22
001281546 12
001281547 28
001281548 18
001281549 13
001281550 27
001281551 23
001281552 44
001281553 20
001281554 31
001281555 7
001281556 23
001281557 15
001281558 32
001281559 14
001281560 30
001281561 8
001281563 22
001281564 18
001281565 15
001281566 17
001281567 17
001281568 20
001281569 23
001281570 22
001281571 13
001281572 37
001281573 31
001281574 18
001281575 36
001281576 24
001281577 19
001281578 10
001281579 18
001281580 8
001281581 9
001281582 18
001281583 20
001281585 18
001281586 23
001281587 31
001281588 19
001281589 26
001281590 32
001281591 10
001281593 24
001281594 9
001281595 7
001281596 23
001281597 12
001281598 13
001281599 21
001281600 17
001281601 20
001281602 17
001281603 20
001281604 11
001281606 8
001281607 20
001281608 29
001281609 24
001281610 29
001281611 14
001281612 35
001281613 34
001281614 9
001281615 14
001281616 12
001281617 24
001281618 14
001281619 29
001281620 5
001281621 15
001281622 20
001281623 9
001281624 27
001281625 18
001281626 24
001281627 6
001281628 16
001281629 18
001281630 19
001281631 7
001281634 23
001281635 14
001281636 19
001281637 29
001281638 18
001281639 24
001281641 22
001281642 27
001281643 26
001281644 26
001281645 16
001281647 27
001281648 30
001281650 26
001281651 15
001281652 27
001281653 33
001281655 12
001281656 12
001281657 19
001281658 29
001281659 12
001281664 17
001281667 28
001281669 11
001281670 21
001281671 25
001281673 24
001281674 23
001281676 23
001281677 12
001281679 22
001281680 34
001281681 12
001281682 13
001281683 20
001281684 15
001281686 12
001281688 34
001281689 45
001281690 11
001281691 19
001281692 33
001281693 40
001281694 32
001281695 22
001281696 18
001281697 10
001281701 33
001281703 31
001281705 19
001281706 32
001281707 6
001281709 41
001281710 28
001281713 17
001281714 6
001281715 22
001281717 6
001281718 26
001281720 17
001281721 12
001281722 10
001281723 21
001281724 26
001281725 20
001281726 24
001281727 22
001281728 8
001281729 25
001281730 17
001281732 19
001281735 17
001281737 33
001281739 23
001281742 22
001281743 9
001281746 22
001281749 24
001281751 28
001281753 23
001281756 10
001281759 12
001281760 9
001281761 22
001281763 10
001281764 12
001281766 32
001281767 7
001281768 20
001281769 15
001281770 13
001281771 18
001281772 9
001281773 23
001281774 5
001281775 21
001281776 29
001281777 17
001281778 25
001281779 23
001281780 12
001281781 27
001281782 15
001281783 25
001281784 6
001281785 12
001281786 10
001281787 20
001281788 31
001281789 14
001281790 16
001281791 8
001281792 26
001281793 20
001281794 27
001281795 27
001281796 13
001281797 13
001281799 14
001281800 15
001290001 20
001290002 41
001290003 16
001290004 33
001290005 35
001290006 20
001290007 30
001290008 24
001290009 14
001290011 20
001290012 34
001290013 20
001290014 36
001290015 26
001290016 45
001290017 18
001290018 24
001290019 40
001290020 23
001290021 7
001290023 14
001290024 12
001290025 20
001290026 8
001290027 12
001290028 8
001290029 11
001290030 14
001290031 15
001290032 19
001290033 20
001290034 20
001290035 8
001290036 8
001290037 15
001290038 10
001290039 11
001290040 14
001290041 4
001290042 4
001290043 14
001290044 10
001290045 6
001290046 9
001290047 10
001290048 16
001290049 7
001290050 14
001290051 11
001290052 17
001290053 8
001290054 7
001290055 12
001290056 13
001290057 16
001290058 14
001290059 9
001290060 14
001290061 17
001290062 11
001290063 20
001290064 12
001290065 18
001290066 8
001290067 11
001290068 13
001290069 21
001290070 19
001290071 14
001290072 12
001290073 15
001290074 13
001290075 13
001290077 7
001290078 20
001290079 14
001290080 9
001290081 13
001290082 23
001290083 14
001290084 13
001290085 11
001290086 14
001290087 15
001290088 15
001290089 21
001290090 23
001290091 15
001290093 16
001290094 13
001290095 13
001290096 14
001290097 13
001290098 19
001290099 17
001290100 16
001290101 24
001290102 21
001290103 30
001290105 24
001290106 16
001290107 17
001290108 26
001290109 18
001290110 17
001290111 32
001290112 25
001290113 9
001290114 19
001290115 21
001290116 29
001290117 34
001290118 40
001290119 11
001290121 14
001290122 18
001290123 26
001290124 29
001290125 12
001290126 36
001290127 23
001290128 35
001290129 20
001290130 5
001290131 23
001290132 9
001290133 18
001290136 23
001290137 20
001290138 18
001290139 20
001290140 24
001290141 14
001290142 19
001290143 29
001290145 13
001290147 27
001290148 16
001290150 16
001290151 17
001290153 17
001290156 14
001290157 22
001290158 17
001290161 9
001290164 15
001290166 10
001290167 16
001290168 8
001290169 40
001290171 20
001290172 14
001290174 26
001290179 23
001290184 15
001290185 20
001290187 20
001290189 28
001290190 7
001290191 16
001290192 23
001290198 10
001290203 14
001290204 24
001290205 7
001290209 38
001290210 10
001290211 22
001290213 20
001290214 13
001290215 19
001290216 22
001290217 31
001290223 12
001290226 15
001290228 12
001290230 9
001290231 21
001290232 13
001290236 18
001290240 30
001290242 20
001290254 19
001290262 15
001290264 27
001290265 17
001290266 19
001290270 8
001290271 26
001290277 25
001290278 20
001290279 28
001290281 13
001290285 28
001290289 25
001290293 11
001290294 20
001290296 29
001290297 16
001290299 30
001290301 8
001290304 7
001290307 16
001290308 30
001290309 19
001290311 30
001290312 14
001290316 22
001290319 13
001290320 7
001290321 24
001290323 19
001290325 12
001290326 19
001290327 16
001290336 26
001290338 14
001290340 23
001290341 18
001290342 22
001290344 28
001290350 32
001290354 10
001290356 29
001290360 16
001290361 19
001290362 17
001290366 16
001290370 23
001290374 11
001290375 24
001290384 15
001290385 24
001290386 13
001290387 28
001290389 32
001290394 27
001291401 12
001291402 18
001291403 13
001291404 21
001291405 13
001291406 15
001291407 17
001291408 16
001291409 9
001291411 19
001291412 21
001291413 6
001291414 19
001291415 11
001291416 13
001291417 27
001291418 11
001291420 14
001291422 13
001291423 10
001291424 15
001291425 10
001291426 12
001291427 22
001291428 10
001291429 15
001291430 17
001291432 20
001291433 19
001291434 14
001291435 10
001291436 12
001291438 16
001291440 8
001291441 17
001291442 20
001291443 18
001291444 19
001291445 16
001291446 21
001291447 11
001291448 16
001291449 12
001291450 16
001291451 21
001291452 25
001291453 15
001291454 6
001291455 20
001291457 13
001291458 23
001291459 15
001291460 15
001291461 16
001291462 14
001291463 21
001291464 17
001291465 13
001291466 19
001291467 9
001291468 15
001291469 19
001291470 18
001291471 14
001291472 20
001291474 8
001291475 20
001291476 13
001291477 12
001291478 14
001291479 17
001291480 33
001291481 12
001291482 14
001291483 17
001291484 15
001291485 10
001291486 8
001291487 18
001291488 14
001291489 25
001291490 13
001291491 15
001291493 11
001291494 13
001291496 21
001291497 15
001291498 15
001291499 14
001291500 18
001291501 26
001291502 17
001291503 20
001291504 22
001291505 22
001291506 18
001291507 26
001291508 20
001291509 26
001291510 23
001291511 25
001291512 22
001291513 27
001291514 21
001291515 10
001291516 30
001291517 25
001291518 14
001291519 16
001291520 10
001291521 29
001291523 24
001291524 17
001291525 9
001291526 47
001291527 13
001291528 7
001291529 18
001291530 23
001291531 32
001291532 29
001291533 11
001291534 7
001291535 21
001291536 22
001291537 27
001291538 16
001291539 16
001291540 29
001291541 13
001291542 18
001291543 20
001291545 25
001291546 26
001291547 33
001291548 15
001291549 16
001291550 16
001291551 35
001291552 26
001291553 21
001291554 18
001291555 13
001291556 32
001291557 35
001291558 9
001291559 14
001291560 26
001291561 19
001291562 25
001291563 10
001291564 8
001291565 26
001291566 11
001291567 21
