000100324 76960
000100325 67520
000100326 44256
000100327 80960
000100328 67680
000100329 130800
000100330 75520
000100331 156000
000100332 118400
000100333 77504
000100334 57760
000100335 113696
000100336 75504
000100337 120080
000100338 33376
000100339 118880
000100340 95024
000100341 84640
000100342 89104
000100343 51856
000100344 41632
000100345 64959
000100346 80000
000100347 65760
000100348 78560
000100350 63360
000100351 73616
000100352 132160
000100353 55616
000100354 104048
000100357 143696
000100361 48016
000100362 94608
000100366 57504
000100367 119200
000100368 110640
000100369 129280
000100370 116832
000100371 56000
000100372 72160
000100373 89920
000100374 126720
000100375 75568
000100376 66080
000100377 129904
000100378 48640
000100379 95840
000100380 71520
000100381 124640
000100382 77504
000100383 81600
000100384 85120
000100385 58400
000100386 64640
000100387 80000
000100388 92416
000100389 53952
000100391 70240
000100392 51840
000100393 88240
000100394 88160
000100395 90896
000100396 86848
000100397 136960
000100398 103360
000100399 80160
000100400 98400
000110001 60176
000110003 79680
000110004 100768
000110005 122240
000110007 88656
000110008 85280
000110010 87040
000110011 63360
000110013 83040
000110014 129136
000110015 103264
000110016 136160
000110017 81904
000110018 84000
000110019 137440
000110022 62160
000110023 66608
000110024 52048
000110025 85920
000110027 58880
000110029 52272
000110030 58976
000110031 63488
000110032 57648
000110033 67200
000110034 84000
000110035 40400
000110036 50560
000110037 70560
000110038 55680
000110039 60480
000110040 71568
000110042 33808
000110043 56800
000110044 45264
000110045 39360
000110046 44400
000110047 43248
000110048 75744
000110049 49920
000110050 58240
000110052 74720
000110053 42608
000110054 41920
000110055 57792
000110056 63872
000110057 72640
000110058 60480
000110060 60000
000110061 60640
000110062 54736
000110063 72160
000110064 64959
000110067 57440
000110068 61024
000110069 58448
000110070 61904
000110071 58720
000110072 70720
000110073 64912
000110074 67040
000110075 58560
000110076 87984
000110077 52960
000110078 80320
000110079 65280
000110080 45776
000110081 51760
000110082 81088
000110083 61056
000110084 65120
000110085 63680
000110087 65760
000110088 76000
000110089 94880
000110091 82976
000110092 117536
000110093 70816
000110094 64319
000110095 69760
000110096 61600
000110097 63904
000110098 103040
000110099 68800
000110100 73184
000110101 94960
000110102 60000
000110103 111840
000110104 89920
000110105 121120
000110106 73728
000110107 51264
000110108 148640
000110109 112608
000110110 95536
000110111 95200
000110112 120144
000110113 102400
000110115 90336
000110116 47680
000110117 49872
000110118 51344
000110119 85120
000110120 83744
000110121 72080
000110122 71840
000110123 68544
000110125 49664
000110126 104800
000110127 126720
000110130 66560
000110131 110832
000110132 103632
000110133 91616
000110134 80256
000110135 84736
000110136 96480
000110137 112512
000110138 103360
000110139 65440
000110140 61440
000110141 107504
000110142 60640
000110143 107840
000110144 72000
000110145 37232
000110146 84432
000110147 54400
000110148 43792
000110150 46352
000110151 102048
000110152 133712
000110153 48704
000110154 81920
000110155 60304
000110156 49280
000110157 101120
000110158 58192
000110159 114688
000110160 119680
000110161 124160
000110162 86560
000110163 65920
000110164 85712
000110165 72640
000110166 89760
000110167 68176
000110168 60480
000110169 69760
000110171 75968
000110172 99680
000110173 80912
000110174 52000
000110176 96112
000110177 82912
000110178 126560
000110179 83520
000110180 90080
000110181 81280
000110182 152320
000110183 88432
000110184 104800
000110185 69824
000110186 94464
000110187 96800
000110188 109120
000110189 96640
000110190 57344
000110191 61920
000110192 70880
000110193 132000
000110194 99520
000110195 107040
000110196 82176
000110197 55328
000110198 57920
000110199 111840
000110200 92000
000110201 43680
000110202 114560
000110203 88000
000110204 95840
000110205 74752
000110206 121520
000110207 99520
000110209 74208
000110210 51024
000110211 66656
000110212 67632
000110213 78560
000110214 124000
000110215 41232
000110216 66560
000110217 124640
000110218 132000
000110219 77600
000110220 95360
000110221 68448
000110223 134352
000110224 114080
000110227 109328
000110228 40224
000110229 99200
000110230 124800
000110231 60000
000110232 71328
000110233 121104
000110235 80672
000110236 49616
000110237 112688
000110238 54880
000110239 57232
000110240 72032
000110241 77280
000110242 40480
000110243 42192
000110244 96640
000110245 88544
000110246 84816
000110247 82080
000110249 99360
000110250 144320
000110251 82400
000110252 44000
000110253 56672
000110254 61120
000110255 60768
000110256 69440
000110257 77600
000110258 137760
000110259 81120
000110260 49216
000110261 149280
000110262 71840
000110263 52928
000110264 127024
000110265 112320
000110266 58240
000110267 68432
000110268 108256
000110271 69152
000110272 49616
000110273 87680
000110274 86480
000110275 69216
000110276 51360
000110278 126880
000110279 58720
000110280 64944
000110281 85616
000110282 68880
000110284 68640
000110285 102080
000110286 115360
000110287 49280
000110288 100112
000110289 69920
000110290 91136
000110291 61600
000110292 140640
000110293 76160
000110294 89440
000110295 60320
000110296 110560
000110297 96688
000110298 73760
000110299 41776
000110300 126880
000110301 54368
000110302 62256
000110303 74064
000110305 59456
000110306 55440
000110308 42240
000110309 71360
000110310 84160
000110311 107520
000110312 83264
000110313 43024
000110314 74384
000110315 86176
000110316 121920
000110317 108640
000110318 100480
000110319 120480
000110320 75040
000110321 92544
000110322 75680
000110323 91680
000110324 92960
000110325 62816
000110327 48320
000110328 93600
000110329 71328
000110330 48000
000110331 92480
000110332 95200
000110333 84160
000110334 55680
000110336 40064
000110337 62400
000110338 119968
000110339 81552
000110340 67680
000110341 65152
000110343 89600
000110344 88880
000110345 102192
000110346 88480
000110347 74016
000110348 49440
000110349 58096
000110350 37120
000110351 71680
000110352 69184
000110353 84096
000110354 115680
000110355 48608
000110356 57024
000110358 57760
000110359 88128
000110360 60480
000110362 90400
000110363 87392
000110364 64959
000110365 64768
000110366 75200
000110367 83200
000110368 62864
000110369 64319
000110370 105536
000110371 58464
000110372 58080
000110373 129120
000110374 37120
000110375 65440
000110377 54400
000110378 73920
000110379 79152
000110380 46560
000110381 87088
000110382 85920
000110383 62448
000110384 49504
000110385 63680
000110386 134880
000110387 84688
000110388 99200
000110389 65920
000110391 93440
000110392 66240
000110394 106560
000110395 117872
000110396 62416
000110397 44800
000110398 71600
000110399 129120
000110400 90560
000111401 56000
000111402 76960
000111403 66560
000111404 80320
000111405 64160
000111406 56320
000111407 57760
000111408 74336
000111409 45264
000111410 55360
000111411 75520
000111412 68160
000111414 80000
000111415 55504
000111416 61280
000111418 55040
000111419 51504
000111420 42416
000111421 42880
000111422 46080
000111423 48640
000111424 55360
000111425 51360
000111426 52496
000111427 71040
000111428 48800
000111429 45152
000111430 59200
000111432 64000
000111433 74400
000111434 59200
000111436 55680
000111437 48848
000111438 53552
000111439 73280
000111440 39520
000111441 60160
000111442 73424
000111443 65056
000111444 76640
000111445 51360
000111446 64879
000111447 55200
000111448 54720
000111449 53280
000111451 73728
000111452 83520
000111453 67200
000111454 43840
000111455 80000
000111456 59088
000111458 79200
000111460 56000
000111461 54784
000111463 65744
000111464 57680
000111465 53280
000111466 65744
000111467 51360
000111468 63088
000111470 64896
000111471 53600
000111474 48800
000111475 63200
000111477 71680
000111478 49760
000111479 61440
000111480 82400
000111481 62160
000111482 59840
000111483 51072
000111484 51520
000111485 57120
000111487 70080
000111488 53664
000111489 81120
000111490 52800
000111492 63680
000111493 46560
000111495 50880
000111496 62560
000111500 62240
000111501 69760
000111502 92800
000111503 48800
000111504 79840
000111505 68320
000111506 56128
000111507 75136
000111508 115520
000111509 119520
000111510 125120
000111511 47360
000111512 80640
000111513 84160
000111514 45312
000111516 70720
000111517 80480
000111518 72320
000111520 72640
000111521 74240
000111522 60640
000111523 66688
000111524 42736
000111525 98560
000111526 90288
000111530 59456
000111531 64816
000111532 76240
000111533 41216
000111534 92640
000111535 52080
000111536 67424
000111537 103360
000111538 92480
000111539 60640
000111540 73952
000111541 124000
000111543 95680
000111544 67520
000111545 42880
000111546 60480
000111547 101056
000111548 49120
000111549 51456
000111550 98400
000111551 67264
000111552 52800
000111553 82368
000111554 67360
000111555 71360
000111556 55520
000111557 60464
000111558 47360
000111559 70368
000111560 75920
000111561 97536
000111563 52864
000111564 65600
000111565 69920
000111566 80912
000111567 72400
000111568 97664
000111569 90400
000111570 86512
000111572 110560
000111573 47520
000111574 59520
000111575 119520
000111576 47680
000111577 96800
000111578 85600
000111579 56128
000111580 95200
000111582 56848
000111583 80304
000111584 70976
000111585 85920
000111586 69120
000111587 61712
000111588 51392
000111589 73840
000111590 107296
000111592 73920
000111593 108320
000111594 106080
000111595 66720
000111596 80000
000111597 84000
000111598 74880
000111599 77600
000111600 99680
000111601 90720
000111602 54080
000111603 63680
000111604 49808
000111605 77440
000111606 105600
000111607 71712
000111608 48672
000111609 125760
000111610 75888
000111611 36480
000111612 56160
000111613 62400
000111614 92640
000111615 47184
000111616 70240
000111617 108960
000111618 60768
000111619 66720
000111620 75520
000111621 106720
000111622 103104
000111623 62256
000111624 41920
000111625 128000
000111626 79840
000111627 39840
000111628 65904
000111630 81296
000111631 66352
000111632 75840
000111633 36080
000111634 82656
000111635 70704
000111636 60640
000111637 54480
000111638 113120
000111639 81600
000111640 84336
000111641 109280
000111642 111392
000111644 92480
000111646 55808
000111647 110880
000111648 33968
000111649 57456
000111650 115520
000111651 85920
000111653 97440
000111654 79440
000111655 68160
000111656 74560
000111657 92960
000111658 94928
000111659 60224
000111660 93760
000111661 78720
000111662 104480
000111663 101760
000111664 75872
000111665 76992
000111666 47840
000111667 77184
000111668 112480
000111669 89872
000111670 104160
000111671 137760
000111673 111360
000111674 75520
000111675 98240
000111676 51360
000111677 56576
000111678 52000
000111681 75920
000111682 111152
000111683 55360
000111684 53296
000111685 80800
000111686 69712
000111687 66864
000111688 50112
000111689 89600
000111690 108528
000111692 70096
000111693 81760
000111694 56704
000111695 89600
000111696 79776
000111697 110400
000111698 66864
000111699 62560
000111700 50000
000111701 86560
000111702 74640
000111703 84480
000111704 57552
000111705 66560
000111706 64480
000111707 105920
000111709 79840
000111710 82560
000111712 35520
000111713 72000
000111714 67840
000111715 50880
000111716 74912
000111718 95680
000111719 56160
000111720 103456
000111721 52800
000111722 76592
000111723 91040
000111724 104800
000111725 121280
000111726 66240
000111727 66560
000111728 34192
000111729 83168
000111730 36688
000111731 93280
000111732 81968
000111733 52640
000111734 135040
000111735 78448
000111737 62208
000111738 67664
000111739 67584
000111741 66720
000111742 74096
000111743 74768
000111745 71360
000111746 46320
000111747 56064
000111748 119632
000111749 74032
000111750 46192
000111751 81024
000111752 86880
000111753 83072
000111754 75472
000111755 86240
000111756 81600
000111757 76800
000111758 94240
000111759 119520
000111760 88816
000111761 77680
000111762 117280
000111763 50384
000111764 87744
000111765 38560
000111766 55552
000111767 46880
000111768 111840
000111769 107360
000111770 99824
000111771 81280
000111772 72000
000111773 61392
000111775 65616
000111776 101440
000111777 60960
000111778 99360
000111780 87680
000111783 70400
000111784 73280
000111785 154560
000111786 81600
000111787 83120
000111789 95040
000111790 77280
000111791 64000
000111792 67968
000111793 39328
000111794 117760
000111795 42560
000111796 116320
000111797 48320
000111798 66240
000111799 103920
000111800 63440
000120001 66432
000120002 172000
000120003 98720
000120004 130400
000120005 145920
000120006 95840
000120007 108784
000120008 99360
000120009 80000
000120010 108800
000120011 81024
000120012 137760
000120013 97904
000120014 142240
000120015 109696
000120016 148960
000120017 79200
000120018 100832
000120019 137600
000120020 82848
000120021 46880
000120022 67472
000120023 65760
000120024 64784
000120025 88960
000120026 59680
000120027 58720
000120028 46896
000120029 60432
000120030 72000
000120031 72800
000120032 66560
000120033 84320
000120034 105968
000120035 46240
000120036 63888
000120037 83520
000120038 60160
000120039 58976
000120040 75152
000120041 32000
000120042 37760
000120043 61760
000120044 44176
000120045 46752
000120046 50368
000120047 45440
000120048 78896
000120049 53600
000120050 60320
000120052 80320
000120053 44624
000120054 40496
000120055 61024
000120056 72768
000120057 68320
000120058 63360
000120059 57968
000120060 67824
000120061 66848
000120062 62832
000120063 91424
000120064 66944
000120065 66400
000120066 57840
000120067 69200
000120068 78576
000120069 70096
000120070 66720
000120071 53920
000120072 73968
000120073 68800
000120074 75360
000120075 62720
000120076 103920
000120077 58080
000120078 96320
000120079 73920
000120080 49728
000120081 64160
000120082 94240
000120083 71360
000120084 67680
000120085 75648
000120086 69600
000120087 71520
000120088 73408
000120089 108640
000120090 84640
000120091 86048
000120092 119568
000120093 79424
000120094 64160
000120095 77760
000120096 70400
000120097 67200
000120098 99680
000120099 73120
000120100 82560
000120101 95664
000120102 80240
000120103 122064
000120104 101760
000120105 123200
000120106 114880
000120107 76960
000120108 102400
000120109 89440
000120110 70032
000120111 94784
000120112 104960
000120114 132640
000120115 49200
000120116 121072
000120117 103504
000120118 95312
000120119 54080
000120120 45408
000120121 122000
000120122 84032
000120124 145760
000120125 90720
000120126 81600
000120127 49600
000120128 54560
000120129 85760
000120130 92320
000120131 143520
000120132 73920
000120133 93440
000120134 125440
000120135 113280
000120136 59328
000120137 80320
000120138 57856
000120139 73168
000120140 105856
000120141 53136
000120142 117360
000120143 124160
000120144 41776
000120145 61536
000120146 66928
000120147 87840
000120148 121600
000120149 129120
000120150 122368
000120151 62240
000120152 112160
000120153 56960
000120154 104480
000120155 71200
000120156 74560
000120157 90560
000120158 128560
000120159 47216
000120161 142416
000120162 110720
000120163 63904
000120164 69280
000120165 94496
000120166 159520
000120167 147888
000120168 133536
000120169 43536
000120170 91664
000120171 139360
000120172 45872
000120173 115200
000120174 91200
000120175 84080
000120176 77792
000120178 76176
000120179 37120
000120180 154480
000120181 90336
000120182 129600
000120183 116928
000120184 111680
000120185 144480
000120186 54560
000120187 120000
000120188 83904
000120189 82752
000120190 86560
000120191 90304
000120192 68064
000120193 52960
000120194 38256
000120195 115344
000120196 146880
000120197 124992
000120198 100416
000120199 69920
000120200 110400
000120201 63040
000120202 98080
000120203 114688
000120204 70880
000120205 79200
000120206 52176
000120207 46064
000120208 140000
000120209 66672
000120210 152160
000120211 87040
000120212 78544
000120213 114640
000120214 95520
000120215 105056
000120216 68160
000120217 128192
000120218 127520
000120219 97440
000120220 48160
000120221 120432
000120222 89760
000120223 87040
000120224 39360
000120225 97600
000120226 51152
000120227 100480
000120228 62240
000120229 67520
000120230 86320
000120231 100704
000120232 67872
000120233 84480
000120234 117888
000120235 93600
000120236 121120
000120237 51568
000120238 84640
000120239 64800
000120240 59088
000120241 78400
000120242 71200
000120243 122208
000120244 99472
000120245 79040
000120246 92000
000120248 97920
000120249 79968
000120250 90368
000120251 100800
000120252 35488
000120253 89648
000120254 80864
000120255 155504
000120256 144080
000120257 93568
000120258 127040
000120259 70752
000120260 66528
000120262 74240
000120263 115520
000120264 115840
000120265 51168
000120266 45120
000120267 62512
000120268 113600
000120269 46864
000120270 86080
000120271 82736
000120272 86560
000120273 53920
000120274 72688
000120275 99632
000120276 44960
000120277 116976
000120278 66240
000120279 47472
000120280 45760
000120281 104432
000120282 53200
000120283 71120
000120284 88160
000120285 59728
000120286 144640
000120287 41440
000120288 74672
000120289 96480
000120290 115360
000120291 97264
000120292 91200
000120293 95168
000120294 57280
000120295 106880
000120296 77120
000120297 80000
000120298 41408
000120299 106096
000120300 85280
000120301 72000
000120302 90080
000120303 117760
000120304 42400
000120305 99680
000120306 87840
000120307 108960
000120308 85280
000120309 151584
000120310 41120
000120311 147360
000120312 99200
000120313 123472
000120314 89920
000120315 110080
000120316 104320
000120317 75520
000120318 87360
000120319 103520
000120320 47872
000120321 80960
000120322 46208
000120323 98576
000120325 111248
000120326 76000
000120327 104640
000120328 85120
000120329 61856
000120330 119200
000120331 99680
000120332 114080
000120333 115360
000120334 82240
000120336 65696
000120337 48000
000120338 58448
000120339 60656
000120340 85728
000120341 90656
000120342 64000
000120343 90896
000120344 67184
000120345 107040
000120346 55840
000120347 58272
000120348 101280
000120349 129440
000120350 60960
000120351 92000
000120352 132480
000120353 115200
000120354 52992
000120355 104960
000120356 55840
000120357 91360
000120358 74880
000120359 84800
000120360 129088
000120361 115520
000120362 82000
000120363 62208
000120364 96480
000120365 110128
000120366 67520
000120367 68016
000120368 80640
000120369 137600
000120370 91200
000120371 69968
000120372 69920
000120373 45504
000120374 84160
000120375 102880
000120376 87584
000120377 102912
000120379 80480
000120380 75728
000120381 137456
000120382 76000
000120383 58736
000120384 108336
000120385 130783
000120386 98240
000120387 127520
000120388 48704
000120389 94400
000120390 68560
000120391 84320
000120392 81280
000120393 70576
000120394 89680
000120395 104064
000120396 69264
000120397 145568
000120398 73760
000120399 53168
000120400 94400
000121401 61136
000121402 83840
000121403 68000
000121404 86096
000121405 68896
000121406 62080
000121407 64160
000121408 79040
000121409 46752
000121410 60288
000121411 82080
000121412 76800
000121413 36944
000121414 92480
000121415 57280
000121416 73744
000121417 100256
000121418 64319
000121419 56736
000121420 43280
000121421 42160
000121422 59808
000121423 50032
000121424 57920
000121425 57600
000121426 60064
000121427 76720
000121428 52960
000121429 47840
000121430 68544
000121431 40352
000121432 67136
000121433 77600
000121434 59040
000121435 55840
000121436 57280
000121438 57760
000121439 77344
000121440 40784
000121441 67200
000121442 69824
000121443 79024
000121444 84480
000121445 56592
000121446 73280
000121447 62000
000121448 59840
000121449 58160
000121450 71840
000121451 80016
000121452 83056
000121453 78880
000121454 45232
000121455 71216
000121456 68352
000121457 77200
000121458 91120
000121459 51600
000121460 60640
000121461 67840
000121462 48608
000121463 74560
000121464 67840
000121465 57968
000121466 73664
000121467 54240
000121468 58240
000121470 65744
000121471 56832
000121472 67248
000121473 48496
000121474 58240
000121475 76960
000121476 60944
000121477 70192
000121478 52640
000121479 67680
000121480 92000
000121481 68880
000121482 63200
000121483 60096
000121484 60464
000121485 63872
000121486 52768
000121487 73600
000121488 57488
000121489 86240
000121490 53568
000121491 52960
000121492 59792
000121493 47888
000121494 54560
000121495 50720
000121496 64000
000121497 55520
000121498 57600
000121499 60320
000121500 65920
000121501 120640
000121502 101920
000121503 102880
000121504 77440
000121505 58016
000121506 130160
000121507 87328
000121508 99840
000121509 90080
000121510 65920
000121511 90784
000121512 96320
000121513 92960
000121514 97600
000121515 97120
000121516 61440
000121517 54400
000121518 75680
000121519 91680
000121520 104800
000121521 61648
000121522 96112
000121523 90160
000121524 104896
000121525 88336
000121526 91040
000121527 103760
000121528 109680
000121529 84320
000121531 112800
000121532 104960
000121533 105952
000121534 52000
000121535 113888
000121536 111776
000121537 53120
000121538 110080
000121539 39776
000121540 45008
000121541 71408
000121542 128464
000121543 54432
000121544 64959
000121545 72800
000121546 61760
000121547 73760
000121548 63680
000121549 34400
000121550 122720
000121551 64176
000121552 53728
000121553 76640
000121554 88000
000121555 97840
000121556 72448
000121557 56480
000121558 96240
000121559 69120
000121560 68512
000121561 73424
000121562 98240
000121563 111360
000121564 75520
000121565 59712
000121566 112000
000121567 124560
000121568 38720
000121569 141760
000121570 119392
000121571 52800
000121572 65440
000121573 50240
000121574 101424
000121575 104880
000121576 59200
000121577 60480
000121578 58688
000121579 93984
000121580 67744
000121581 73280
000121582 50240
000121583 40432
000121584 138080
000121585 100320
000121586 67360
000121587 126384
000121588 97920
000121589 82560
000121590 60000
000121591 117440
000121592 98560
000121593 51104
000121594 112480
000121595 124032
000121596 43840
000121597 92960
000121598 79104
000121599 72896
000121600 61120
000121601 38032
000121602 56256
000121603 57440
000121604 61440
000121605 99680
000121606 96160
000121607 100960
000121608 74672
000121609 63984
000121610 92464
000121611 45328
000121612 59584
000121613 91200
000121614 63120
000121615 122240
000121616 114304
000121617 125600
000121618 60256
000121619 53568
000121620 128639
000121621 86560
000121622 78880
000121623 157648
000121624 64640
000121625 74400
000121626 93328
000121627 63584
000121628 71648
000121629 139968
000121630 136800
000121631 89920
000121632 90032
000121633 101280
000121634 130015
000121635 90720
000121636 92800
000121637 65760
000121638 93600
000121639 100960
000121640 124272
000121641 104064
000121642 73120
000121643 127344
000121644 87488
000121645 106128
000121646 90880
000121647 61472
000121648 50576
000121649 119680
000121650 87632
000121651 93264
000121652 49088
000121653 57296
000121654 98416
000121655 77280
000121656 101360
000121657 91600
000121658 71200
000121659 75408
000121660 69920
000121661 120752
000121662 127936
000121663 70880
000121664 76960
000121665 67040
000121666 86720
000121667 102272
000121668 66400
000121669 72528
000121670 76304
000121672 104304
000121673 65135
000121674 48368
000121675 117344
000121676 72960
000121677 125136
000121678 60640
000121679 76784
000121680 87552
000121681 44432
000121682 103040
000121683 130880
000121684 68640
000121685 55520
000121686 106704
000121687 71968
000121688 60960
000121689 101136
000121690 64800
000121691 45280
000121692 131392
000121693 130880
000121694 83888
000121695 62560
000121696 112160
000121697 79360
000121698 116800
000121699 84000
000121700 105136
000121701 87200
000121702 57600
000121703 74720
000121704 114720
000121705 45440
000121706 93600
000121707 67200
000121708 47360
000121709 76800
000121710 68480
000121711 64480
000121712 44544
000121713 90592
000121714 38560
000121715 77312
000121716 61600
000121717 67296
000121718 48400
000121719 99152
000121720 91360
000121721 86416
000121722 60000
000121723 87200
000121724 80368
000121725 108816
000121726 105232
000121727 73600
000121728 81248
000121729 72560
000121730 120416
000121731 76864
000121732 79040
000121733 96688
000121734 96560
000121735 104480
000121736 48800
000121737 115568
000121738 111200
000121739 72800
000121740 81120
000121741 68848
000121742 75072
000121743 57920
000121744 70640
000121745 110784
000121746 103840
000121747 111680
000121748 112800
000121749 113360
000121750 50880
000121751 102096
000121752 136400
000121753 75680
000121754 79200
000121755 67184
000121756 83840
000121757 137696
000121758 112640
000121759 131920
000121760 83744
000121761 131328
000121762 79840
000121763 85552
000121764 106976
000121765 53648
000121766 80752
000121767 77760
000121768 135552
000121769 127200
000121770 50352
000121771 70608
000121772 79360
000121773 84512
000121774 129120
000121775 61520
000121776 79920
000121777 82880
000121778 90880
000121779 46592
000121780 82240
000121781 89424
000121782 71760
000121783 44000
000121784 166752
000121785 84528
000121786 123840
000121787 41920
000121788 106304
000121789 56928
000121790 73456
000121791 103728
000121792 104000
000121793 87632
000121794 61120
000121795 64000
000121796 90240
000121797 52288
000121798 91520
000121799 62432
000121800 79488
000130001 55808
000130002 132944
000130003 73280
000130004 101760
000130005 114080
000130006 69440
000130007 82080
000130008 79360
000130009 61600
000130010 83040
000130011 59664
000130012 111840
000130014 125536
000130015 86944
000130016 133920
000130017 67904
000130018 75360
000130019 131312
000130020 66720
000130022 47008
000130023 56480
000130024 54592
000130025 74880
000130026 43600
000130027 52160
000130028 45920
000130029 55504
000130030 60112
000130031 58560
000130033 61360
000130034 78688
000130035 46816
000130036 49536
000130037 65920
000130038 46704
000130039 47520
000130040 61760
000130041 26800
000130042 33776
000130043 55840
000130044 37616
000130045 39312
000130046 39456
000130047 40000
000130048 56992
000130049 42400
000130050 44784
000130051 38800
000130052 64032
000130053 34064
000130054 35840
000130055 48704
000130056 62720
000130057 63968
000130058 65616
000130059 39968
000130060 50400
000130061 45664
000130062 50400
000130063 63360
000130064 54512
000130065 45760
000130066 44576
000130067 47424
000130068 62480
000130069 57552
000130070 48608
000130071 40480
000130072 48080
000130073 49744
000130074 62880
000130075 47136
000130076 85792
000130077 41648
000130078 70400
000130079 52160
000130080 39568
000130081 43680
000130082 73280
000130083 50752
000130084 50784
000130085 56960
000130086 57760
000130087 67216
000130088 55488
000130089 103040
000130090 66720
000130091 73168
000130092 98560
000130093 74720
000130094 58224
000130095 54896
000130096 56672
000130097 50720
000130098 72960
000130099 56640
000130100 65280
000130101 84224
000130102 73760
000130103 103680
000130104 44032
000130105 128271
000130106 122992
000130107 101264
000130108 97744
000130109 99040
000130110 75280
000130111 34544
000130112 75520
000130113 54880
000130114 57920
000130116 87360
000130117 98144
000130118 66240
000130119 115840
000130120 47680
000130121 42368
000130122 94288
000130123 57200
000130124 94720
000130125 44288
000130126 50560
000130127 110992
000130128 86320
000130129 78880
000130130 50432
000130131 41280
000130132 62976
000130133 82400
000130134 74560
000130135 39760
000130136 58416
000130137 104048
000130138 59984
000130140 72000
000130141 65280
000130142 65280
000130143 81728
000130144 59568
000130145 80960
000130146 40592
000130147 40816
000130148 112608
000130149 72336
000130150 83888
000130151 125200
000130152 79040
000130153 39200
000130154 73600
000130155 52000
000130156 43296
000130157 106080
000130158 58496
000130159 53360
000130160 81920
000130161 72448
000130162 94864
000130163 51200
000130164 108496
000130165 71136
000130166 116800
000130167 59968
000130168 114912
000130169 125440
000130170 52336
000130172 43344
000130173 64512
000130174 35776
000130175 51360
000130177 91552
000130178 59792
000130179 51312
000130180 57552
000130181 59520
000130182 43712
000130183 76592
000130185 53008
000130186 96896
000130187 92496
000130188 112800
000130189 94752
000130190 62752
000130191 41440
000130192 110000
000130193 92608
000130194 83840
000130195 73280
000130197 86496
000130198 54176
000130200 95040
000130202 62304
000130203 71616
000130204 66960
000130205 55056
000130206 103664
000130208 80736
000130209 47616
000130211 50816
000130212 88480
000130214 83680
000130215 115680
000130216 33168
000130217 79360
000130218 85216
000130219 33120
000130220 63680
000130221 125920
000130222 79712
000130223 97440
000130224 59488
000130225 37472
000130226 120016
000130227 91216
000130228 109104
000130229 114224
000130230 32320
000130231 39680
000130232 83360
000130234 32432
000130235 37280
000130236 104800
000130237 101920
000130238 56960
000130239 54368
000130240 51440
000130241 85536
000130242 49408
000130243 74400
000130244 102208
000130245 93520
000130247 61600
000130248 90896
000130249 119040
000130250 65440
000130251 79072
000130252 84592
000130253 81984
000130254 42512
000130255 44640
000130256 80960
000130257 67712
000130258 37312
000130259 57104
000130260 143200
000130261 56160
000130262 111968
000130263 102208
000130264 100608
000130265 69488
000130266 74864
000130267 72160
000130269 45552
000130270 49760
000130271 43216
000130272 81968
000130273 36000
000130274 47152
000130275 98608
000130276 94560
000130277 101600
000130278 100160
000130279 58992
000130280 58704
000130281 61856
000130282 122720
000130283 94080
000130284 48304
000130285 37280
000130286 56896
000130287 85072
000130288 69120
000130289 34944
000130290 64000
000130291 67840
000130293 47872
000130294 114400
000130296 90880
000130297 114784
000130298 95600
000130299 72144
000130300 58240
000130301 48800
000130303 95200
000130304 77856
000130305 88160
000130306 47776
000130307 78880
000130308 89232
000130309 53408
000130310 62960
000130311 87120
000130312 113648
000130313 50240
000130314 37648
000130315 44624
000130316 86768
000130317 84064
000130318 42624
000130319 58560
000130320 64319
000130321 61440
000130322 128015
000130323 66960
000130324 90288
000130325 50592
000130326 61440
000130327 40784
000130328 93024
000130329 50112
000130330 70656
000130331 68480
000130332 86720
000130333 64688
000130334 67312
000130335 82448
000130337 94080
000130338 71680
000130339 90032
000130340 48640
000130341 83680
000130342 141360
000130343 70304
000130344 31488
000130345 92320
000130346 40320
000130347 47520
000130348 98016
000130349 35648
000130350 43360
000130351 109280
000130353 57120
000130354 59008
000130355 51536
000130356 52320
000130357 45136
000130358 76000
000130359 71360
000130360 86880
000130361 91344
000130362 40160
000130363 75360
000130364 65280
000130365 62080
000130366 59520
000130367 94080
000130368 152480
000130369 131776
000130370 76192
000130371 36880
000130372 33728
000130373 73232
000130374 52208
000130376 88544
000130377 122176
000130378 117280
000130379 80800
000130380 83360
000130381 118464
000130382 53024
000130383 110512
000130387 47984
000130388 101856
000130389 55920
000130390 64640
000130391 84160
000130392 36448
000130393 62720
000130395 81392
000130396 62608
000130397 86080
000130399 99328
000130400 74944
000131402 64720
000131403 66240
000131404 76480
000131405 51120
000131406 45296
000131407 49440
000131408 52592
000131409 35264
000131410 55872
000131411 61280
000131412 57920
000131414 64800
000131416 50464
000131417 80720
000131418 56640
000131419 52640
000131421 42240
000131422 41776
000131423 38160
000131424 50448
000131425 48576
000131426 46080
000131427 66384
000131428 45024
000131429 35872
000131430 49392
000131431 38880
000131432 76320
000131433 72000
000131434 52672
000131435 45184
000131437 43328
000131438 50384
000131439 77760
000131441 52480
000131442 65440
000131443 59664
000131444 71040
000131445 39712
000131447 40928
000131448 43360
000131449 47520
000131450 48320
000131451 58400
000131452 65920
000131453 60944
000131454 37488
000131455 70752
000131456 60800
000131457 57776
000131458 69824
000131459 43904
000131460 48704
000131461 73920
000131462 45008
000131463 57472
000131464 56800
000131465 47360
000131466 57392
000131467 45280
000131470 55520
000131471 40832
000131473 39488
000131474 42400
000131475 66080
000131476 57920
000131477 66928
000131478 44608
000131479 52000
000131480 78720
000131482 47824
000131483 41632
000131485 48480
000131487 64319
000131488 39040
000131489 66368
000131490 41872
000131491 48400
000131493 41088
000131494 50608
000131495 48000
000131496 53680
000131497 49920
000131498 50288
000131499 53296
000131500 48192
000131501 58128
000131502 60240
000131503 87088
000131504 109280
000131505 98080
000131506 87760
000131507 65519
000131508 90432
000131509 82432
000131510 108160
000131511 60208
000131512 101328
000131513 48608
000131514 33760
000131516 85632
000131517 58048
000131518 112960
000131519 36928
000131520 69760
000131521 72816
000131522 96752
000131523 97184
000131524 74400
000131525 65120
000131528 35424
000131529 54896
000131530 84000
000131531 75104
000131532 86960
000131533 97920
000131534 55392
000131535 106752
000131537 45216
000131538 47680
000131539 47040
000131540 73952
000131541 81008
000131542 69312
000131543 62816
000131544 97440
000131545 82400
000131546 41120
000131547 47040
000131548 73760
000131549 46576
000131550 89600
000131551 60032
000131552 44128
000131553 86576
000131554 63696
000131555 61856
000131556 42272
000131557 124000
000131558 47280
000131559 115856
000131560 82560
000131561 32479
000131562 72352
000131563 43936
000131564 56160
000131565 77872
000131566 46256
000131567 42720
000131568 134080
000131569 85552
000131570 70880
000131571 84960
000131572 44000
000131573 65760
000131574 48432
000131576 101120
000131577 94720
000131578 92480
000131579 46640
000131580 76096
000131581 75696
000131582 55680
000131583 52176
000131584 59840
000131585 58064
000131586 130720
000131587 49120
000131588 67840
000131589 78560
000131590 58768
000131591 55952
000131592 71328
000131593 95840
000131594 71952
000131595 124976
000131596 50288
000131597 118880
000131598 63424
000131599 102720
000131600 50496
000131601 44944
000131602 45968
000131603 78800
000131604 88160
000131605 64992
000131607 72688
000131608 135904
000131609 91008
000131610 105520
000131611 69120
000131612 77280
000131613 36816
000131614 54400
000131615 96480
000131616 36112
000131617 41312
000131618 35776
000131620 57744
000131621 95616
000131623 98848
000131624 89936
000131625 48096
000131626 53264
000131627 41600
000131628 55968
000131629 73760
000131630 46480
000131631 72160
000131632 81760
000131633 60768
000131634 113280
000131635 46112
000131636 72320
000131637 104160
000131638 61808
000131639 85120
000131640 92688
000131641 72144
000131642 98160
000131643 65648
000131644 77568
000131645 97600
000131646 69888
000131647 42288
000131648 108928
000131649 47344
000131650 63824
000131651 46240
000131652 60960
000131653 64784
000131654 67328
000131655 110464
000131656 107552
000131659 61392
000131660 95360
000131661 77104
000131662 54400
000131663 89440
000131664 38320
000131665 63520
000131666 93760
000131667 84480
000131668 79120
000131669 95376
000131670 69008
000131671 41472
000131672 153120
000131673 61120
000131674 78816
000131675 54576
000131678 59728
000131679 38992
000131680 45360
000131681 61952
000131682 90384
000131683 52000
000131684 44160
000131685 105760
000131686 127376
000131687 57824
000131688 56512
000131689 42464
000131690 43872
000131691 67520
000131692 58896
000131693 87248
000131694 69584
000131695 46560
000131696 66896
000131697 48800
000131698 76368
000131699 71360
000131700 42832
000131701 52976
000131702 47664
000131703 101440
000131704 68480
000131705 46832
000131706 81280
000131707 72320
000131708 81920
000131709 80480
000131710 81760
000131711 112688
000131712 102496
000131713 58992
000131714 90592
000131715 106240
000131716 76160
000131717 86560
000131718 29536
000131719 69920
000131720 57152
000131721 83200
000131722 34192
000131723 40240
000131724 83248
000131725 72544
000131726 50704
000131727 40960
000131728 54336
000131729 82496
000131730 117600
000131731 70320
000131732 125280
000131733 100000
000131734 58960
000131735 113280
000131736 76960
000131737 62400
000131738 69072
000131739 78736
000131740 92064
000131741 65760
000131742 99536
000131743 74256
000131744 49120
000131745 105744
000131747 67168
000131748 58944
000131749 32800
000131750 111840
000131751 63072
000131752 82880
000131753 93440
000131754 99520
000131755 74624
000131756 50624
000131757 65600
000131758 53920
000131759 43200
000131761 54576
000131762 55600
000131763 44896
000131764 89280
000131765 54224
000131766 81040
000131767 61072
000131769 34288
000131771 86720
000131772 50768
000131773 59760
000131774 72000
000131775 57424
000131776 66304
000131777 41760
000131778 77440
000131779 46624
000131780 86016
000131781 52160
000131782 63120
000131783 56352
000131784 69536
000131785 59360
000131786 34656
000131787 79680
000131788 48544
000131789 63360
000131790 78432
000131791 36800
000131792 66304
000131793 49280
000131794 32031
000131795 43792
000131796 77296
000131797 38880
000131798 53600
000131799 80320
000131800 73616
000140001 72864
000140002 161280
000140003 86560
000140004 134880
000140005 143520
000140006 96160
000140007 107040
000140008 84640
000140009 71680
000140010 124000
000140011 80480
000140012 130400
000140013 130720
000140014 170896
000140015 127360
000140016 176480
000140017 103040
000140018 115200
000140019 147360
000140020 93600
000140021 39792
000140022 76640
000140024 73920
000140025 104000
000140026 55520
000140027 70080
000140028 46704
000140029 68160
000140030 73408
000140031 77600
000140032 74048
000140033 100320
000140035 56464
000140036 79040
000140037 106720
000140038 61760
000140039 58080
000140040 72896
000140041 34288
000140042 37280
000140043 69120
000140044 48208
000140045 45328
000140046 44000
000140047 41472
000140048 89280
000140049 49760
000140050 67040
000140052 89600
000140054 41184
000140055 57648
000140056 63600
000140057 90240
000140058 69760
000140059 65280
000140060 63520
000140061 58080
000140062 54208
000140063 77120
000140065 64319
000140066 58400
000140067 58240
000140068 81952
000140069 64319
000140070 66400
000140071 48976
000140072 84480
000140073 74720
000140074 91680
000140075 61760
000140076 110560
000140077 52320
000140078 93280
000140079 71520
000140080 50464
000140081 72480
000140082 110720
000140083 65120
000140084 71040
000140085 62720
000140086 76000
000140087 77920
000140089 114240
000140090 80320
000140091 85504
000140092 148960
000140093 90560
000140094 64000
000140095 93872
000140096 81072
000140097 78560
000140098 115680
000140099 84624
000140100 91376
000140101 160320
000140102 85280
000140103 107360
000140104 128960
000140105 115168
000140106 111840
000140107 106896
000140108 65120
000140109 59520
000140110 181584
000140111 109440
000140112 86720
000140113 113440
000140114 105584
000140115 75840
000140116 81920
000140117 88160
000140118 103840
000140120 75728
000140121 123888
000140122 169440
000140123 71504
000140124 223680
000140125 37600
000140126 106080
000140127 141920
000140128 127840
000140129 65280
000140130 95520
000140131 54880
000140133 80960
000140134 181440
000140135 50976
000140136 68160
000140137 96720
000140138 47568
000140139 75360
000140140 51520
000140141 68032
000140142 170880
000140143 56192
000140144 128160
000140145 144224
000140146 83728
000140147 78720
000140149 124464
000140150 147024
000140151 160976
000140153 125328
000140154 151840
000140156 112480
000140157 178080
000140158 164592
000140159 176960
000140160 66800
000140161 130704
000140163 54880
000140164 110560
000140165 67360
000140166 130832
000140167 72864
000140168 51680
000140169 103008
000140170 91200
000140171 66576
000140172 52880
000140173 77344
000140174 171840
000140175 57424
000140176 142880
000140177 88464
000140178 70832
000140179 99840
000140180 70720
000140181 81456
000140183 86560
000140184 160672
000140185 183840
000140186 82800
000140187 86976
000140188 111632
000140190 122880
000140191 115200
000140192 73440
000140193 66240
000140194 143040
000140196 134880
000140197 73440
000140198 65872
000140199 142720
000140200 103664
000140201 44160
000140202 45280
000140203 149280
000140204 134240
000140206 84000
000140208 65328
000140210 120320
000140212 128960
000140214 168640
000140215 157120
000140216 98720
000140217 77440
000140219 53760
000140220 68576
000140221 126400
000140222 102048
000140223 88000
000140224 148000
000140225 82560
000140228 133440
000140229 86720
000140230 92800
000140231 76000
000140232 83040
000140234 127936
000140235 90720
000140236 160320
000140237 155680
000140239 126032
000140240 128160
000140241 153120
000140243 59040
000140244 86400
000140245 64800
000140247 54560
000140250 118560
000140251 47360
000140252 67200
000140253 148480
000140254 102960
000140255 121584
000140256 116640
000140257 148640
000140259 73280
000140260 146560
000140261 94880
000140262 169776
000140263 68384
000140264 76832
000140265 132640
000140266 100800
000140267 114560
000140268 117824
000140269 103040
000140270 73440
000140272 111360
000140274 53920
000140275 61120
000140276 193600
000140277 117280
000140278 114880
000140279 125760
000140280 87040
000140281 85792
000140283 54944
000140284 188160
000140285 63888
000140286 96640
000140287 66720
000140288 112800
000140289 143200
000140290 135040
000140292 56320
000140294 80480
000140295 168160
000140296 116320
000140297 90032
000140298 109120
000140299 199040
000140300 78400
000140301 99520
000140302 175680
000140303 66240
000140304 119360
000140305 51200
000140306 55280
000140307 143136
000140309 152320
000140310 58080
000140311 128064
000140312 188688
000140313 96000
000140314 160320
000140315 83040
000140316 105920
000140317 56000
000140318 59360
000140319 126080
000140320 86240
000140321 95200
000140322 152960
000140323 86560
000140324 55168
000140326 142880
000140327 120960
000140328 77760
000140329 125920
000140330 68528
000140331 134704
000140334 96320
000140336 81392
000140338 98720
000140339 120144
000140340 143360
000140342 154400
000140343 119360
000140344 88960
000140345 57904
000140346 130560
000140347 56144
000140348 136640
000140349 99360
000140350 116160
000140352 124320
000140353 88160
000140354 138080
000140355 140960
000140356 71520
000140357 125920
000140358 96640
000140360 141760
000140361 63680
000140362 106880
000140363 194240
000140364 165920
000140365 148160
000140366 69760
000140367 36112
000140368 43024
000140369 93760
000140370 151520
000140371 91360
000140372 94720
000140373 152160
000140374 112960
000140376 110080
000140377 175200
000140378 63840
000140379 66064
000140380 71840
000140382 69760
000140383 96480
000140384 96640
000140386 148960
000140389 151520
000140390 122592
000140391 145920
000140392 69440
000140393 183680
000140394 81760
000140395 172576
000140396 68800
000140397 59008
000140398 107104
000141403 70880
000141405 71200
000141406 64959
000141407 69440
000141408 72800
000141409 45776
000141411 88000
000141412 86080
000141413 39312
000141414 107840
000141415 60800
000141416 75680
000141418 73984
000141419 59728
000141420 71776
000141422 56800
000141423 55600
000141424 69760
000141425 59552
000141427 88320
000141428 49280
000141429 49376
000141430 66400
000141431 45520
000141432 93600
000141433 94240
000141435 65280
000141436 78400
000141438 83520
000141440 44032
000141441 75536
000141442 112640
000141443 89712
000141444 97280
000141445 58528
000141446 98784
000141447 62480
000141448 63520
000141449 74880
000141450 83360
000141451 113600
000141453 85440
000141454 61760
000141456 107040
000141460 65840
000141461 79520
000141463 89440
000141464 89760
000141465 74704
000141466 88080
000141467 63840
000141468 74912
000141470 75440
000141471 62992
000141474 53600
000141475 75840
000141476 70992
000141477 72160
000141478 52480
000141479 77600
000141480 96480
000141481 62432
000141482 59360
000141483 58336
000141484 54544
000141485 81024
000141487 80800
000141488 65600
000141489 100480
000141491 60320
000141493 50960
000141494 61280
000141495 63040
000141496 79840
000141497 75840
000141498 85920
000141499 70880
000141500 60960
000141501 59520
000141502 97760
000141503 107456
000141504 76048
000141505 70096
000141506 81760
000141507 106720
000141508 46064
000141509 131520
000141510 116000
000141511 89440
000141512 63360
000141513 164160
000141514 92192
000141515 58240
000141516 86400
000141518 52336
000141519 109280
000141520 51680
000141521 86080
000141522 48448
000141523 68640
000141524 67840
000141525 77600
000141526 135200
000141527 102560
000141528 156960
000141529 165120
000141530 98528
000141531 131520
000141532 131840
000141533 103680
000141534 114240
000141535 95840
000141536 54240
000141538 185920
000141539 168800
000141540 127344
000141541 77632
000141542 164160
000141544 52400
000141545 77280
000141546 90656
000141547 94400
000141548 115360
000141551 53920
000141552 75040
000141553 115680
000141554 119680
000141555 151680
000141556 74080
000141557 169600
000141558 108480
000141559 44960
000141560 110752
000141561 92320
000141562 78560
000141563 98400
000141564 76800
000141565 128800
000141566 76800
000141567 85120
000141568 117440
000141569 48288
000141570 51360
000141571 193920
000141574 108480
000141575 74560
000141576 112640
000141577 51120
000141578 144960
000141579 105120
000141580 84320
000141581 80480
000141582 45280
000141584 148000
000141585 98560
000141586 156320
000141587 118400
000141588 106560
000141589 49424
000141590 85600
000141591 91520
000141592 47200
000141593 38080
000141594 116784
000141595 133760
000141596 74080
000141597 91040
000141599 59520
000141600 97600
000141601 159200
000141602 104800
000141603 129280
000141604 120480
000141606 127200
000141607 82560
000141608 59424
000141609 99392
000141610 71712
000141611 158560
000141612 148000
000141613 69120
000141614 128960
000141616 149120
000141617 95040
000141618 141280
000141621 129280
000141622 134288
000141623 102880
000141625 50640
000141626 82848
000141628 80384
000141629 95840
000141630 107360
000141631 136320
000141632 121760
000141633 123040
000141634 147680
000141636 140320
000141637 116320
000141638 104160
000141639 35648
000141640 80800
000141641 123024
000141642 175216
000141644 76368
000141645 78800
000141646 150080
000141647 105472
000141648 106128
000141649 157600
000141651 51248
000141652 119680
000141655 51360
000141656 126240
000141657 54816
000141658 134720
000141659 96800
000141661 121280
000141663 129759
000141664 118496
000141667 113440
000141669 116320
000141671 52000
000141672 69840
000141673 103680
000141674 85120
000141678 143520
000141679 67120
000141680 155680
000141681 150080
000141682 144480
000141684 74880
000141685 184448
000141687 109920
000141688 106240
000141690 65920
000141692 74304
000141693 98016
000141694 148160
000141696 48000
000141697 132752
000141698 59856
000141700 53392
000141701 67520
000141702 99520
000141703 42400
000141704 50400
000141705 99680
000141707 84640
000141708 117120
000141709 90720
000141710 100960
000141711 104640
000141712 70560
000141713 136416
000141715 67440
000141716 91040
000141718 39536
000141719 128271
000141720 79680
000141721 58720
000141722 88480
000141723 64944
000141724 125872
000141725 77600
000141726 77456
000141728 111360
000141729 60800
000141730 100480
000141733 78064
000141734 128192
000141735 37120
000141736 130160
000141738 92640
000141739 76224
000141740 47200
000141741 56640
000141742 90400
000141743 69920
000141745 49072
000141747 140640
000141748 105600
000141749 134704
000141750 80496
000141751 82080
000141752 92320
000141753 112640
000141754 94880
000141755 129759
000141756 71840
000141757 119680
000141758 80640
000141759 138080
000141761 69952
000141762 103040
000141763 119056
000141764 118080
000141765 117280
000141766 45568
000141767 118880
000141768 101120
000141769 78400
000141770 146560
000141771 89456
000141774 137136
000141775 122080
000141777 111680
000141778 135520
000141780 181440
000141781 59360
000141782 163200
000141783 97920
000141784 128127
000141785 63520
000141786 73440
000141787 76160
000141788 117440
000141789 84320
000141790 86560
000141791 113440
000141793 67680
000141794 171120
000141795 66512
000141796 61280
000141798 85280
000160005 119696
000160006 71200
000160008 76000
000160018 81920
000160021 38080
000160022 56160
000160023 54720
000160024 56160
000160027 47360
000160028 41520
000160036 54720
000160037 73808
000160040 64640
000160042 33920
000160045 43792
000160046 43520
000160047 40640
000160049 43840
000160051 41664
000160054 41712
000160055 54240
000160056 62400
000160063 66080
000160064 59520
000160066 48160
000160069 58192
000160070 48816
000160074 64640
000160079 60640
000160093 69120
000160094 58880
000160096 58720
000160098 71040
000160099 61920
000160101 102080
000160102 78560
000160103 61760
000160104 72000
000160105 35040
000160108 58720
000160111 50400
000160119 39200
000160120 35360
000160121 53280
000160122 92640
000160123 90720
000160126 109280
000160141 36320
000160142 51600
000160146 54400
000160147 94080
000160150 46048
000160151 46048
000160160 51680
000160165 63360
000160171 57120
000160174 43520
000160176 65440
000160185 47792
000160187 78080
000160188 37440
000160189 71840
000160193 83520
000160209 48304
000160215 40000
000160216 48160
000160218 36064
000160220 59840
000160222 66080
000160224 31520
000160225 53120
000160226 42512
000160227 58880
000160228 60960
000160230 68480
000160231 59136
000160237 93280
000160239 94400
000160245 66080
000160251 40240
000160252 134560
000160253 68320
000160256 53648
000160257 70720
000160259 63040
000160265 40640
000160266 43360
000160267 41184
000160268 134720
000160269 69120
000160271 90880
000160272 34288
000160276 51360
000160279 58720
000160280 72480
000160281 51520
000160282 48480
000160284 44096
000160285 87024
000160286 91360
000160288 72960
000160290 86560
000160295 82000
000160298 70080
000160299 45280
000160300 56640
000160301 76000
000160304 97600
000160306 62560
000160307 65600
000160308 79680
000160310 67360
000160311 37744
000160312 42240
000160315 50176
000160317 57440
000160318 49760
000160319 48640
000160325 71200
000160330 76160
000160331 82400
000160333 81600
000160335 88480
000160337 49280
000160338 47040
000160339 39360
000160340 53920
000160342 77120
000160345 71360
000160346 73600
000160347 96640
000160349 57760
000160350 48800
000160353 48160
000160358 40320
000160359 41600
000160361 76000
000160363 88320
000160364 68640
000160365 36624
000160367 72320
000160370 69120
000160372 75200
000160373 30432
000160374 73760
000160378 113760
000160379 74080
000160381 49120
000160383 43360
000160386 43360
000160387 37104
000160388 76160
000160390 58672
000160393 32960
000160394 56960
000160397 41280
000160399 87680
000161403 58080
000161409 43840
000161413 32159
000161415 50880
000161417 69120
000161422 45600
000161423 43008
000161428 41280
000161431 34208
000161440 30464
000161443 50240
000161444 61280
000161446 55360
000161454 36272
000161456 56640
000161461 45952
000161467 44960
000161471 42080
000161473 42400
000161474 40320
000161477 55680
000161478 46240
000161479 52384
000161483 48480
000161485 50080
000161487 55520
000161488 46160
000161490 41760
000161491 44000
000161492 48880
000161493 43424
000161494 44640
000161495 42080
000161497 45600
000161500 47360
000161501 46784
000161502 36800
000161503 73920
000161504 74560
000161505 46880
000161511 42352
000161513 45280
000161514 66720
000161516 56640
000161517 86080
000161518 77808
000161526 93280
000161530 63680
000161531 66880
000161532 51360
000161539 58720
000161540 46032
000161543 83200
000161546 68160
000161547 89600
000161551 80320
000161552 34320
000161553 94240
000161554 56800
000161556 93552
000161558 79200
000161560 66880
000161561 75520
000161566 76960
000161569 82880
000161570 48480
000161573 49920
000161575 46240
000161576 54480
000161581 43840
000161585 36800
000161586 45280
000161587 74240
000161588 44960
000161590 71680
000161598 38720
000161600 34080
000161601 59520
000161602 62080
000161610 100160
000161611 45408
000161614 62592
000161616 62736
000161617 54880
000161618 37120
000161621 54080
000161624 58560
000161625 51520
000161626 42672
000161628 55680
000161629 42880
000161637 43840
000161638 42912
000161647 94080
000161653 46240
000161654 56320
000161655 63840
000161659 36160
000161662 51120
000161664 80640
000161665 56000
000161672 78560
000161674 35360
000161678 54560
000161681 78880
000161686 155520
000161691 51200
000161703 42112
000161710 47280
000161726 43056
000161727 39520
000161734 56160
000161740 74544
000161741 39072
000161745 39840
000161749 44112
000161750 69792
000161755 58880
000161758 64800
000161763 54864
000161771 43040
000161772 35680
000161773 48480
000161775 38528
000161779 71520
000161780 47520
000161781 73440
000161783 55600
000161789 55792
000161791 67200
000161792 67360
000161796 64144
000170001 73120
000170002 169600
000170003 85440
000170004 133408
000170005 155200
000170006 93920
000170008 93856
000170009 76400
000170010 104096
000170011 78368
000170012 126400
000170013 87040
000170014 131408
000170016 154560
000170017 76000
000170018 93440
000170019 145424
000170020 77920
000170022 62512
000170023 66688
000170024 68864
000170025 94560
000170026 55680
000170027 55200
000170028 46752
000170029 70240
000170030 64256
000170031 71680
000170033 80560
000170034 94880
000170035 43360
000170036 55360
000170037 79840
000170038 53600
000170039 55520
000170040 64000
000170041 29440
000170042 37536
000170043 55360
000170044 42528
000170045 36640
000170046 42320
000170047 43856
000170049 48480
000170050 56224
000170052 70960
000170053 36656
000170054 38832
000170056 67856
000170057 64751
000170058 58400
000170060 60640
000170062 50864
000170063 73920
000170064 58720
000170066 42864
000170067 48000
000170068 65760
000170069 57760
000170070 57472
000170071 47520
000170072 59840
000170073 58560
000170074 66400
000170075 59504
000170076 86560
000170077 49920
000170078 72320
000170079 59360
000170080 45344
000170081 57920
000170082 84800
000170083 62000
000170084 62864
000170085 65120
000170086 71040
000170087 74400
000170088 59680
000170089 96320
000170090 80640
000170091 74560
000170092 99680
000170093 76960
000170094 66560
000170095 62048
000170096 60960
000170098 84160
000170099 56784
000170100 71728
000170101 139040
000170102 98400
000170103 45600
000170104 78720
000170105 70400
000170106 92480
000170107 55280
000170108 79200
000170109 88160
000170111 58880
000170112 60160
000170113 88160
000170114 81488
000170115 72960
000170117 53760
000170118 45600
000170120 57552
000170121 76640
000170122 108000
000170123 93440
000170124 81760
000170126 76160
000170127 42848
000170129 57760
000170130 121920
000170131 102240
000170132 74592
000170133 37664
000170134 64800
000170137 82720
000170138 65040
000170139 42848
000170141 75440
000170142 37600
000170144 47280
000170145 62880
000170147 94704
000170148 96320
000170149 95520
000170150 111200
000170151 49920
000170152 102240
000170153 63360
000170154 56624
000170155 69504
000170157 76960
000170158 58720
000170159 74560
000170160 108800
000170161 88640
000170162 35312
000170163 95664
000170164 88640
000170165 114880
000170166 48480
000170167 48160
000170168 98304
000170169 48000
000170170 103040
000170171 51840
000170172 122560
000170173 72640
000170174 78240
000170175 97440
000170176 138880
000170177 75264
000170178 40272
000170179 77760
000170180 63680
000170181 109120
000170182 62464
000170183 72928
000170184 50576
000170185 88800
000170186 95040
000170187 86144
000170188 73440
000170189 93600
000170190 110080
000170191 61440
000170192 40224
000170193 126400
000170194 102496
000170195 81424
000170196 76336
000170197 112000
000170198 72240
000170199 96160
000170201 74560
000170203 91360
000170204 44960
000170205 95200
000170206 101792
000170207 67360
000170208 70384
000170209 73216
000170210 69760
000170211 87200
000170212 56160
000170213 58080
000170214 61600
000170216 49440
000170217 66800
000170218 84304
000170219 120000
000170220 84640
000170221 82560
000170222 85280
000170223 89600
000170224 102880
000170225 52000
000170226 79056
000170227 63520
000170228 50224
000170229 52480
000170230 99360
000170231 77600
000170233 102240
000170234 112432
000170235 96192
000170236 75008
000170239 74720
000170240 112000
000170241 97760
000170242 59840
000170243 64768
000170244 56640
000170245 40480
000170246 102112
000170247 105872
000170248 87840
000170249 102080
000170251 75024
000170252 78880
000170253 100224
000170255 50000
000170256 52640
000170257 62928
000170258 51424
000170259 95360
000170260 83840
000170261 84480
000170262 107360
000170263 107040
000170264 76000
000170265 88640
000170266 117600
000170267 94560
000170268 89920
000170269 44800
000170270 62768
000170271 87680
000170272 72640
000170273 90944
000170274 87840
000170275 71920
000170277 121440
000170278 70240
000170279 78560
000170280 58096
000170281 77760
000170282 66080
000170283 58368
000170284 89280
000170285 84640
000170286 104960
000170287 88960
000170288 122880
000170289 69280
000170290 80640
000170291 86720
000170292 109920
000170293 80640
000170294 74080
000170295 111360
000170296 87104
000170297 54464
000170298 97920
000170299 57760
000170300 85440
000170301 134720
000170302 71360
000170303 117760
000170304 70080
000170305 87264
000170306 50560
000170307 84480
000170308 96800
000170309 41440
000170311 71520
000170312 68480
000170313 33344
000170314 61920
000170315 112960
000170316 64703
000170317 114720
000170318 70080
000170319 68384
000170320 52064
000170321 111360
000170322 94144
000170323 78560
000170324 84640
000170325 48512
000170326 55200
000170327 62880
000170328 44080
000170329 47840
000170330 95360
000170331 85360
000170332 91968
000170333 41472
000170334 88160
000170335 42448
000170336 50400
000170337 45696
000170338 48624
000170339 108160
000170340 44480
000170341 135200
000170342 71344
000170343 44480
000170344 82720
000170345 90880
000170346 82784
000170347 79040
000170350 61600
000170352 50080
000170353 42560
000170354 63680
000170355 72736
000170356 71360
000170357 87520
000170358 68640
000170359 75520
000170360 63680
000170361 75072
000170362 132960
000170363 98080
000170364 67360
000170365 69232
000170366 72320
000170367 98080
000170368 91712
000170369 84960
000170370 42240
000170371 46640
000170372 57600
000170373 61600
000170374 89920
000170375 99040
000170376 102240
000170377 104480
000170378 81760
000170379 46000
000170380 104320
000170381 37552
000170382 70240
000170383 66880
000170384 66560
000170385 76688
000170386 87360
000170387 76640
000170388 60000
000170389 77760
000170390 43520
000170391 48160
000170392 82240
000170393 70208
000170394 101600
000170395 70560
000170396 82400
000170397 149920
000170398 59136
000170399 96800
000170400 55280
000171401 49952
000171402 59680
000171403 52640
000171404 56320
000171405 51264
000171406 43232
000171407 49920
000171408 57920
000171409 36992
000171411 62720
000171412 65120
000171413 32320
000171414 65440
000171415 50720
000171416 56160
000171418 45760
000171419 41680
000171421 35120
000171422 41120
000171423 37600
000171424 53440
000171425 43840
000171426 44480
000171428 47360
000171429 43360
000171430 56000
000171431 36656
000171432 66080
000171433 69600
000171434 59968
000171435 46832
000171436 49792
000171438 49760
000171439 66112
000171440 38720
000171441 60752
000171442 57776
000171443 57920
000171444 78720
000171445 45328
000171446 64640
000171447 47104
000171448 43360
000171449 48480
000171450 53760
000171451 59136
000171452 66064
000171453 62720
000171454 35104
000171457 56912
000171458 64319
000171459 45024
000171460 50720
000171463 64800
000171464 60640
000171465 49120
000171466 67696
000171467 50400
000171468 59648
000171469 61840
000171470 55840
000171471 47392
000171472 58496
000171473 43408
000171474 44064
000171475 57056
000171476 52320
000171477 59792
000171478 51200
000171479 57760
000171480 69808
000171481 58864
000171482 51440
000171483 47056
000171484 41872
000171485 50400
000171487 70880
000171488 43520
000171489 75840
000171490 49440
000171491 50368
000171492 52128
000171493 40160
000171495 46400
000171496 53552
000171497 47200
000171498 48864
000171499 53120
000171500 54080
000171501 95200
000171502 67680
000171503 95200
000171504 32464
000171505 35504
000171506 31920
000171507 63520
000171508 57760
000171509 100480
000171510 35280
000171511 39504
000171512 62880
000171513 50784
000171514 92960
000171515 102560
000171516 64575
000171517 57120
000171518 83840
000171519 105600
000171520 67856
000171521 41168
000171522 71072
000171524 35360
000171525 40960
000171528 85216
000171529 81248
000171530 91296
000171531 33984
000171532 36560
000171534 100160
000171535 104000
000171536 76336
000171537 76160
000171538 67680
000171539 48160
000171540 74240
000171541 101920
000171542 75360
000171543 48320
000171544 75360
000171545 51680
000171546 70240
000171547 55664
000171548 79248
000171549 59600
000171550 76896
000171551 86560
000171552 96944
000171553 88240
000171554 74240
000171555 98720
000171556 97280
000171557 59408
000171559 56800
000171560 76480
000171561 101440
000171562 53488
000171563 81600
000171564 79360
000171565 39152
000171566 115536
000171567 44656
000171568 63472
000171571 69200
000171572 74400
000171573 76960
000171574 75120
000171575 64160
000171576 38544
000171577 62320
000171578 80000
000171579 55456
000171580 60160
000171581 75680
000171582 70080
000171583 48224
000171584 37120
000171585 76176
000171586 64480
000171587 76640
000171588 36736
000171589 62560
000171590 78240
000171591 99680
000171592 49920
000171593 33472
000171595 37744
000171596 102400
000171597 50592
000171598 92640
000171600 70432
000171601 32640
000171602 36640
000171603 73920
000171604 59680
000171605 61280
000171606 57280
000171607 44128
000171609 66080
000171610 57696
000171611 34208
000171612 92640
000171613 61056
000171614 69760
000171615 39584
000171616 117760
000171617 84800
000171618 87888
000171619 98400
000171620 52448
000171621 82880
000171622 97728
000171623 51840
000171624 89760
000171625 111040
000171626 103472
000171627 115840
000171628 42320
000171629 52000
000171630 114256
000171632 90720
000171633 124800
000171634 77280
000171635 126400
000171636 67520
000171637 126032
000171638 103600
000171639 80000
000171640 46400
000171641 74176
000171642 75360
000171643 67840
000171644 80480
000171645 59520
000171646 68208
000171647 69600
000171649 51152
000171651 56000
000171652 71328
000171653 37536
000171654 74240
000171655 85088
000171656 72608
000171657 127040
000171658 56480
000171659 56416
000171660 59328
000171661 131039
000171662 141760
000171664 56016
000171665 57440
000171666 91152
000171667 93600
000171668 45280
000171669 63904
000171671 57600
000171673 77456
000171674 58576
000171675 84000
000171677 92480
000171678 49120
000171679 131840
000171680 52128
000171681 83680
000171682 119040
000171683 118560
000171684 56640
000171685 83584
000171686 60000
000171687 101280
000171688 110240
000171689 61920
000171690 31312
000171691 48480
000171692 66384
000171693 64640
000171694 63840
000171696 67360
000171697 115200
000171698 110384
000171699 118816
000171700 66800
000171701 82560
000171702 108496
000171703 37472
000171704 97808
000171705 52432
000171706 48320
000171707 85440
000171708 66160
000171709 98976
000171710 77920
000171711 98256
000171712 79840
000171713 58080
000171714 102720
000171715 40192
000171717 58240
000171718 119088
000171719 124640
000171721 74240
000171722 76800
000171723 59120
000171724 40800
000171726 50320
000171727 88160
000171729 92640
000171730 68480
000171731 77120
000171732 50080
000171733 90080
000171734 96480
000171735 68640
000171736 41488
000171737 94080
000171738 52480
000171739 80640
000171740 93600
000171741 116960
000171742 41280
000171743 66672
000171744 95040
000171745 82240
000171746 91200
000171747 94272
000171748 77936
000171749 88480
000171750 88000
000171751 113120
000171752 47440
000171753 59520
000171754 76480
000171755 46240
000171756 71104
000171758 51680
000171759 63312
000171760 75840
000171761 75200
000171762 53328
000171763 46240
000171764 61936
000171765 54720
000171766 81280
000171767 45280
000171769 77120
000171770 93600
000171771 59056
000171772 71296
000171773 39712
000171775 128576
000171776 65488
000171777 81920
000171778 78720
000171779 67504
000171780 39856
000171781 92512
000171782 41264
000171783 98400
000171784 95200
000171785 43232
000171786 57664
000171787 101920
000171788 61760
000171789 36336
000171790 62080
000171791 48640
000171792 82560
000171793 69280
000171795 117920
000171797 45120
000171798 92048
000171799 78384
000171800 57600
000180001 78144
000180002 175520
000180003 112160
000180004 155040
000180006 111200
000180007 125584
000180008 114400
000180009 92320
000180010 135408
000180011 81808
000180012 141280
000180013 103040
000180014 156464
000180015 122560
000180016 177280
000180017 98560
000180018 112080
000180019 164800
000180020 100320
000180021 54816
000180023 84480
000180024 78720
000180025 101280
000180026 63840
000180027 68960
000180028 59040
000180029 78080
000180030 72480
000180031 82400
000180032 69920
000180035 46304
000180037 87360
000180038 56160
000180039 71344
000180040 73920
000180041 32512
000180042 42736
000180043 63520
000180044 49440
000180045 41920
000180046 48960
000180048 84480
000180049 51280
000180050 79440
000180052 75680
000180054 38480
000180055 56144
000180056 62560
000180057 79680
000180058 66560
000180059 55840
000180060 64640
000180061 56640
000180062 59040
000180063 83360
000180065 59840
000180066 57184
000180067 67040
000180068 71840
000180069 66384
000180070 55680
000180072 56960
000180074 78880
000180075 70080
000180076 112640
000180077 58080
000180078 88000
000180079 70720
000180080 48640
000180081 60000
000180082 89120
000180083 66880
000180084 64640
000180085 71680
000180086 75200
000180088 79840
000180089 105920
000180090 74880
000180091 89760
000180092 104480
000180093 74240
000180094 62720
000180095 68640
000180096 78880
000180097 74880
000180098 88000
000180099 60848
000180100 89920
000180101 130880
000180102 69440
000180103 68800
000180104 117920
000180105 127232
000180106 64959
000180107 108000
000180108 78880
000180109 66400
000180110 141280
000180111 63264
000180112 58240
000180113 56176
000180116 113600
000180117 119360
000180118 71680
000180119 104640
000180120 133920
000180121 81920
000180122 98240
000180123 80160
000180124 65360
000180125 54848
000180126 113568
000180127 70368
000180128 74880
000180129 127200
000180130 70560
000180131 108640
000180132 108000
000180133 76480
000180134 65280
000180135 70720
000180136 79680
000180137 99680
000180138 85120
000180139 122240
000180141 73120
000180142 115200
000180143 68800
000180145 50880
000180146 81120
000180147 84960
000180148 111680
000180149 64000
000180150 90400
000180151 151040
000180152 76480
000180153 84960
000180155 43680
000180156 138080
000180157 95200
000180158 58560
000180159 84160
000180160 87520
000180161 59200
000180162 73408
000180163 78880
000180164 85120
000180165 92000
000180166 94400
000180167 34656
000180168 86240
000180169 81440
000180170 71760
000180171 104480
000180172 79520
000180173 62720
000180174 73280
000180175 73440
000180176 98560
000180177 104000
000180178 108800
000180180 72640
000180181 65280
000180182 73280
000180183 72480
000180184 75040
000180185 133120
000180186 62400
000180187 46880
000180189 99040
000180190 75040
000180191 113600
000180192 76272
000180193 93440
000180194 134720
000180195 49760
000180196 48480
000180197 81280
000180198 89600
000180199 93696
000180200 67040
000180201 135360
000180202 110560
000180203 43360
000180204 43840
000180205 69280
000180206 97920
000180207 84880
000180208 82400
000180209 67600
000180210 83200
000180211 73472
000180212 81760
000180213 61040
000180214 53344
000180215 80480
000180216 43792
000180217 100480
000180218 100480
000180219 116800
000180220 99840
000180221 105760
000180222 82720
000180223 55840
000180224 70720
000180225 107360
000180226 95520
000180227 109120
000180228 77760
000180229 53280
000180230 157920
000180231 60000
000180232 65280
000180233 107840
000180234 65440
000180235 94096
000180236 41120
000180237 120000
000180238 50624
000180239 67520
000180240 95840
000180241 86080
000180242 118400
000180243 68160
000180244 79040
000180245 139632
000180246 118080
000180247 56800
000180248 59040
000180249 75200
000180250 95200
000180251 66080
000180252 85248
000180253 38880
000180254 119040
000180255 46080
000180256 48800
000180257 60240
000180258 105920
000180259 77280
000180260 132640
000180261 73920
000180262 108640
000180263 124320
000180264 64640
000180265 106720
000180267 57120
000180268 80320
000180269 94560
000180270 79360
000180271 52480
000180272 70544
000180273 82720
000180274 132960
000180275 55728
000180276 103840
000180277 104336
000180278 135200
000180279 85280
000180280 85616
000180281 79840
000180282 82720
000180283 45440
000180284 97440
000180286 95200
000180287 87200
000180288 83200
000180289 73120
000180290 57440
000180291 77280
000180292 56160
000180293 93760
000180294 57120
000180295 81280
000180296 83360
000180297 65840
000180298 60320
000180299 93904
000180300 127520
000180301 79840
000180302 105280
000180303 149600
000180304 136464
000180305 109280
000180306 92640
000180307 57120
000180308 70080
000180309 52800
000180310 123040
000180311 46752
000180312 80160
000180313 70080
000180314 83840
000180315 90560
000180316 77120
000180317 55200
000180318 147680
000180319 76960
000180320 76640
000180321 89600
000180322 121280
000180323 92800
000180324 87680
000180325 73040
000180326 124960
000180327 98560
000180328 137920
000180329 57280
000180330 115040
000180331 79520
000180332 117120
000180333 73952
000180334 93920
000180335 95200
000180336 92480
000180337 88160
000180338 65920
000180339 116320
000180340 80320
000180341 121280
000180342 59520
000180343 63360
000180344 125120
000180345 158880
000180346 107888
000180347 38880
000180348 79520
000180351 96320
000180352 38080
000180353 41936
000180354 85440
000180355 62560
000180356 61920
000180357 54720
000180358 125440
000180359 127520
000180360 50976
000180361 93600
000180362 96960
000180363 45280
000180364 57280
000180366 63840
000180367 84704
000180368 62080
000180369 87040
000180370 49344
000180371 95840
000180372 57600
000180373 109600
000180374 87360
000180375 107840
000180376 124000
000180377 65760
000180378 124640
000180379 132160
000180380 42448
000180381 74400
000180382 46336
000180383 106080
000180384 87312
000180385 81600
000180386 46880
000180387 91200
000180388 69440
000180389 144000
000180390 88320
000180391 101920
000180392 81120
000180393 50784
000180394 64000
000180395 57920
000180396 84000
000180397 68480
000180398 107840
000180399 128479
000180400 133120
000181401 60160
000181402 84320
000181403 69280
000181404 82080
000181405 68960
000181406 56608
000181407 59040
000181408 68640
000181409 55200
000181410 60320
000181411 75040
000181412 71680
000181413 36896
000181414 93440
000181415 57920
000181416 72000
000181417 105600
000181418 58400
000181419 59680
000181420 46400
000181422 51200
000181423 47520
000181424 61280
000181425 52320
000181426 64640
000181427 82400
000181428 51040
000181429 55520
000181430 67360
000181431 49280
000181432 70240
000181433 87680
000181434 61920
000181435 57600
000181436 73760
000181437 48672
000181438 55040
000181439 82400
000181440 42400
000181441 73760
000181442 83680
000181443 70080
000181444 85280
000181445 50880
000181446 70880
000181447 67200
000181448 58720
000181449 61280
000181451 75680
000181452 89280
000181453 67200
000181454 44208
000181455 92000
000181457 69920
000181459 55200
000181460 53920
000181461 56960
000181462 49568
000181463 77920
000181464 66880
000181465 54560
000181466 62240
000181467 49920
000181468 59680
000181469 58304
000181470 65920
000181471 55040
000181472 73600
000181473 43584
000181474 57600
000181475 62720
000181476 54400
000181477 63840
000181479 64319
000181480 92320
000181481 74880
000181483 50208
000181484 65920
000181485 66880
000181486 52640
000181487 97600
000181488 51520
000181489 76000
000181490 48480
000181491 48640
000181492 64319
000181493 44976
000181494 55840
000181495 55680
000181496 70240
000181497 49120
000181498 58128
000181499 57600
000181500 70560
000181501 99840
000181502 88480
000181503 105760
000181504 91360
000181505 92640
000181507 102400
000181508 69440
000181511 99520
000181512 82256
000181513 79520
000181514 52368
000181517 83888
000181518 109600
000181519 109600
000181520 89648
000181521 69600
000181522 56160
000181523 49328
000181524 78768
000181525 95328
000181526 81920
000181528 95200
000181529 89120
000181530 108480
000181531 76576
000181532 58560
000181533 112480
000181534 145760
000181535 134368
000181536 63040
000181537 108320
000181538 106720
000181539 98400
000181540 100480
000181541 82368
000181542 60000
000181543 56032
000181545 56000
000181546 69920
000181550 82992
000181552 70880
000181553 110240
000181554 59664
000181555 64703
000181556 45936
000181557 58816
000181558 67840
000181559 47360
000181561 94560
000181562 88640
000181563 91024
000181564 100144
000181565 109200
000181566 48640
000181567 48976
000181568 80368
000181570 107200
000181572 103840
000181573 81760
000181574 82880
000181575 77760
000181576 73344
000181577 113600
000181578 48192
000181579 73280
000181580 78928
000181581 112480
000181582 53776
000181583 66160
000181584 79360
000181585 66240
000181586 104480
000181587 81136
000181588 67920
000181589 95520
000181591 54912
000181592 120704
000181593 66240
000181594 135520
000181596 85024
000181597 89440
000181600 57408
000181602 102400
000181603 47312
000181604 61872
000181605 60304
000181606 91680
000181607 68256
000181608 94272
000181609 74464
000181611 83392
000181612 100160
000181613 81280
000181614 44544
000181616 54560
000181617 53280
000181618 82416
000181619 96160
000181620 127680
000181622 92048
000181623 96320
000181624 86048
000181625 133120
000181626 138880
000181627 65888
000181628 52208
000181629 69280
000181630 67984
000181631 57104
000181632 98720
000181633 61136
000181634 98720
000181635 86240
000181636 93920
000181637 134720
000181638 78448
000181639 67680
000181640 97600
000181641 77152
000181642 63200
000181643 76960
000181644 54400
000181645 67040
000181646 41232
000181647 112672
000181648 97600
000181649 64319
000181650 61024
000181651 78400
000181652 54256
000181653 78544
000181654 59232
000181655 90832
000181656 89440
000181657 63136
000181659 55376
000181660 93600
000181661 46944
000181662 52672
000181663 57280
000181664 79680
000181665 86400
000181666 52368
000181667 81088
000181668 70880
000181669 57632
000181670 106688
000181671 76160
000181672 112320
000181673 88160
000181674 40080
000181675 100560
000181676 44688
000181677 53440
000181678 73664
000181679 59600
000181681 137440
000181682 57824
000181683 83728
000181684 74912
000181686 97600
000181687 79232
000181688 165168
000181689 69440
000181690 119360
000181691 36992
000181692 74080
000181693 61760
000181694 88544
000181695 60800
000181696 70240
000181697 107840
000181698 85920
000181699 97600
000181700 112848
000181701 69120
000181702 49600
000181703 77824
000181704 63792
000181705 68960
000181706 103680
000181707 92912
000181708 85408
000181709 52000
000181710 64224
000181711 55280
000181712 55360
000181713 93600
000181714 100528
000181715 123168
000181716 73232
000181717 48848
000181718 44704
000181719 64768
000181720 94848
000181721 53760
000181722 61664
000181725 71712
000181726 53040
000181727 58032
000181728 48528
000181729 78576
000181730 75680
000181731 130080
000181732 64544
000181733 43248
000181734 78768
000181737 64160
000181738 63760
000181739 101600
000181740 51040
000181741 76800
000181743 83200
000181745 51360
000181746 47872
000181747 77264
000181748 88960
000181749 108640
000181750 104960
000181751 38336
000181752 76480
000181753 90096
000181754 84752
000181755 75520
000181756 93120
000181757 93760
000181758 63568
000181759 83408
000181760 127840
000181761 74288
000181762 97120
000181764 121616
000181765 45008
000181766 132800
000181767 87680
000181768 105968
000181769 98080
000181770 118880
000181771 37664
000181772 86736
000181775 106720
000181776 122192
000181778 64319
000181779 115376
000181780 133280
000181781 82064
000181782 112960
000181783 70080
000181784 75808
000181785 79600
000181786 74240
000181787 103680
000181790 103920
000181791 61280
000181792 57600
000181793 107360
000181794 88800
000181795 121760
000181796 98816
000181797 72160
000181798 87200
000181799 79680
000181800 95040
000190001 69600
000190002 185920
000190003 94240
000190005 154416
000190006 94080
000190007 118240
000190008 98080
000190009 89712
000190010 120640
000190011 77472
000190012 153616
000190013 92592
000190014 155040
000190016 176272
000190017 93280
000190019 158160
000190020 94320
000190021 43088
000190024 69808
000190025 93920
000190026 60064
000190027 48752
000190028 46720
000190029 62688
000190030 68256
000190031 71456
000190032 63280
000190033 81408
000190034 100480
000190036 53648
000190037 93392
000190038 53840
000190039 56848
000190040 71936
000190041 31744
000190042 36752
000190043 57488
000190044 41616
000190045 38384
000190046 42304
000190047 36736
000190048 78720
000190049 43808
000190050 57664
000190052 72000
000190053 36288
000190054 36576
000190056 72592
000190057 77280
000190058 62400
000190059 53312
000190060 68736
000190061 52048
000190062 52080
000190063 67568
000190064 53616
000190065 53920
000190067 48896
000190070 49728
000190071 44960
000190072 68032
000190073 65168
000190074 63120
000190075 53056
000190076 87376
000190077 51664
000190078 76800
000190079 61616
000190081 49856
000190082 81920
000190083 57280
000190084 60480
000190085 65760
000190086 57600
000190087 64672
000190088 65920
000190089 96816
000190090 78560
000190091 76816
000190092 105920
000190093 67520
000190094 58640
000190095 63616
000190096 66080
000190097 58080
000190098 80816
000190099 58592
000190101 55600
000190102 92000
000190103 95344
000190104 68624
000190105 138560
000190106 72000
000190107 116480
000190108 40160
000190109 93760
000190110 111808
000190111 77280
000190112 111312
000190114 93120
000190116 98208
000190117 72144
000190118 56000
000190119 70416
000190120 64575
000190121 100000
000190123 87968
000190124 54848
000190125 88288
000190126 107200
000190127 116800
000190128 134720
000190129 127040
000190130 81392
000190131 97024
000190132 94592
000190133 133600
000190134 70880
000190135 55520
000190136 122400
000190137 82480
000190138 100960
000190139 98288
000190140 107760
000190141 136960
000190142 56016
000190143 93120
000190144 35872
000190146 41760
000190147 97600
000190148 98720
000190150 39184
000190151 68992
000190152 44720
000190153 76304
000190154 62720
000190155 50672
000190156 70240
000190157 57120
000190158 50080
000190159 44000
000190160 98416
000190161 77600
000190162 73120
000190163 44080
000190164 91200
000190165 82976
000190167 61312
000190168 109920
000190169 63824
000190170 54080
000190171 69200
000190172 41920
000190173 54912
000190174 52976
000190175 56512
000190176 59600
000190177 126880
000190178 105280
000190179 37248
000190180 103104
000190181 49440
000190182 83424
000190183 80800
000190184 110720
000190185 54080
000190186 52336
000190188 58240
000190189 59040
000190190 73008
000190191 49872
000190192 44176
000190193 121440
000190194 102240
000190195 55840
000190196 42560
000190198 86720
000190199 56160
000190200 128639
000190201 145760
000190202 95840
000190203 65648
000190204 84320
000190205 45936
000190207 56000
000190208 62080
000190209 117120
000190210 60640
000190211 50240
000190212 92032
000190213 113600
000190214 113456
000190215 54608
000190216 105552
000190217 40160
000190218 103840
000190219 69600
000190220 60928
000190221 41024
000190222 52640
000190223 88272
000190224 43040
000190225 76960
000190226 121600
000190227 79392
000190228 74240
000190229 54720
000190230 54752
000190231 80768
000190232 98000
000190233 91872
000190234 55440
000190235 77120
000190236 78224
000190238 52512
000190239 108320
000190240 90560
000190241 81440
000190242 118816
000190245 35392
000190247 97568
000190248 67680
000190249 92800
000190250 107360
000190251 52480
000190252 57440
000190253 71040
000190255 60960
000190256 96256
000190257 97120
000190258 128000
000190259 89888
000190260 137408
000190261 73600
000190262 89184
000190263 87200
000190264 46080
000190265 144640
000190266 93120
000190267 74560
000190269 78560
000190270 45280
000190271 82880
000190272 79328
000190273 101760
000190274 116960
000190275 54464
000190276 39632
000190277 71520
000190278 65760
000190279 70416
000190280 96480
000190282 64160
000190283 80656
000190284 82112
000190285 55040
000190286 48960
000190288 71728
000190289 78352
000190290 44640
000190291 47184
000190292 71200
000190293 107360
000190295 52960
000190296 58720
000190297 101280
000190298 69600
000190299 37600
000190300 105440
000190301 82832
000190302 39936
000190303 62464
000190304 124320
000190305 81600
000190306 79200
000190307 129424
000190308 69312
000190309 40320
000190310 67712
000190311 106000
000190312 80480
000190313 45840
000190314 39040
000190315 99472
000190317 130400
000190320 53488
000190321 99520
000190322 108320
000190323 75904
000190324 106720
000190325 124480
000190326 74304
000190327 62928
000190328 72000
000190329 64800
000190330 125600
000190331 133888
000190332 56960
000190333 65552
000190335 68640
000190337 70928
000190338 48320
000190340 100576
000190341 70784
000190342 143680
000190343 41984
000190344 98336
000190345 78624
000190346 69120
000190347 98128
000190348 55840
000190349 116480
000190350 89760
000190351 59360
000190352 86208
000190353 47840
000190354 65600
000190355 60592
000190356 48544
000190357 63200
000190358 61600
000190359 112464
000190360 97776
000190361 54720
000190362 109248
000190364 104480
000190365 61264
000190366 59632
000190367 99840
000190369 72608
000190371 117440
000190372 120528
000190374 94208
000190375 51824
000190376 39680
000190377 56352
000190378 88800
000190379 48992
000190380 73600
000190381 53680
000190382 106000
000190383 88320
000190385 105280
000190388 77600
000190389 45904
000190390 95024
000190391 74880
000190392 72960
000190393 85920
000190394 64111
000190395 116320
000190397 51296
000190399 66656
000191402 73472
000191403 58976
000191404 71984
000191405 58880
000191406 46128
000191407 56416
000191408 55520
000191409 36640
000191411 64992
000191412 64480
000191413 33024
000191414 73600
000191415 48576
000191416 55360
000191418 54880
000191422 41760
000191423 38320
000191424 50080
000191426 42944
000191427 63984
000191429 42240
000191430 57728
000191432 60832
000191433 64384
000191434 49120
000191435 44960
000191436 48320
000191438 48000
000191439 71968
000191440 31344
000191441 56800
000191442 51632
000191443 58544
000191444 76960
000191445 43360
000191446 70960
000191447 50976
000191448 49120
000191449 60000
000191450 52368
000191451 63584
000191452 65552
000191453 70240
000191454 34880
000191457 62784
000191460 50720
000191463 62560
000191464 52320
000191465 43328
000191466 58608
000191467 44160
000191470 51520
000191471 43392
000191472 53872
000191473 38800
000191474 42176
000191475 58096
000191476 58096
000191477 57200
000191478 42800
000191479 55856
000191480 73920
000191481 51952
000191482 52000
000191483 48640
000191485 51200
000191487 71024
000191488 43216
000191489 68000
000191490 41696
000191494 46096
000191495 46416
000191496 60320
000191497 48320
000191498 49760
000191499 50032
000191501 83280
000191502 66688
000191503 71984
000191504 39632
000191505 75200
000191506 91040
000191508 69440
000191509 38912
000191510 87984
000191511 106080
000191512 50592
000191513 64000
000191514 52496
000191515 48480
000191516 79680
000191517 54608
000191520 42064
000191521 67360
000191523 65760
000191524 67568
000191525 42928
000191526 84704
000191527 98304
000191528 109440
000191529 75616
000191530 57904
000191531 55712
000191532 71200
000191534 103136
000191537 116064
000191538 110400
000191539 113392
000191540 74928
000191541 57312
000191542 69600
000191544 81440
000191545 53664
000191546 51072
000191548 72160
000191551 91872
000191552 38976
000191553 46864
000191554 57120
000191555 74560
000191556 47936
000191557 73712
000191558 117280
000191560 87040
000191564 65600
000191565 78240
000191566 92064
000191567 80640
000191568 91728
000191569 73440
000191573 80832
000191574 101008
000191575 70560
000191576 93600
000191577 59056
000191579 53280
000191580 106400
000191581 47088
000191584 53568
000191585 76960
000191586 105760
000191587 78960
000191588 127840
000191593 57312
000191595 118256
000191596 105120
000191597 39504
000191598 69856
000191599 59728
000191600 132272
000191601 58816
000191602 53808
000191603 62560
000191604 33664
000191605 77088
000191607 54880
000191608 94240
000191609 103904
000191610 96640
000191611 58672
000191612 90720
000191613 50064
000191615 86192
000191616 94560
000191617 51840
000191618 74080
000191619 62672
000191621 100640
000191624 90496
000191625 63408
000191626 44096
000191627 48832
000191628 73280
000191629 112000
000191630 91360
000191631 84160
000191636 111520
000191637 70320
000191638 94720
000191639 40048
000191640 149120
000191641 105088
000191643 93024
000191647 64256
000191650 95248
000191651 115488
000191652 104096
000191655 115488
000191657 124560
000191658 86192
000191659 94928
000191660 51744
000191661 93760
000191662 72976
000191663 45120
000191664 146784
000191666 108800
000191667 45600
000191668 75280
000191670 41072
000191671 63824
000191674 82096
000191677 98768
000191678 62352
000191681 102560
000191682 80000
000191685 139952
000191686 77888
000191687 65760
000191688 100800
000191690 113344
000191693 53248
000191695 142240
000191698 120640
000191700 107120
000191709 40224
000191711 46400
000191712 54800
000191714 84160
000191718 77888
000191719 121120
000191721 64800
000191722 104688
000191724 84048
000191726 48000
000191730 83664
000191731 71648
000191738 91440
000191739 61360
000191740 98256
000191741 100160
000191742 108048
000191743 59328
000191744 43408
000191745 99664
000191746 81776
000191747 87072
000191748 64560
000191750 124640
000191754 74240
000191755 43408
000191756 90976
000191757 83680
000191758 96304
000191760 62128
000191761 71712
000191762 100880
000191764 94720
000191766 31808
000191767 107680
000191769 66720
000191771 85648
000191772 102304
000191773 57120
000191774 77600
000191775 96320
000191776 78224
000191777 72640
000191778 58176
000191780 93936
000191781 62736
000191782 88000
000191783 72640
000191784 57408
000191785 88800
000191786 79840
000191787 66640
000191788 44128
000191789 53200
000191790 97792
000191791 80640
000191793 44480
000191794 87280
000191795 81904
000191796 102560
000191797 49120
000191798 61280
000191799 48640
000191800 81744
000200001 74560
000200002 172000
000200003 103680
000200004 129919
000200005 166080
000200006 91840
000200007 123040
000200008 98080
000200009 76000
000200010 103840
000200011 74240
000200012 148000
000200013 115680
000200014 160000
000200015 126880
000200016 179200
000200017 105440
000200018 104800
000200019 168800
000200020 92800
000200021 43040
000200022 62880
000200023 72016
000200024 63840
000200025 95680
000200026 64319
000200027 62400
000200028 49584
000200029 70560
000200030 68480
000200031 82560
000200032 65600
000200033 87200
000200034 116480
000200035 44320
000200036 69120
000200037 96800
000200038 61440
000200039 65440
000200040 75040
000200041 32479
000200042 36640
000200043 63200
000200044 45280
000200045 41760
000200046 48320
000200047 53248
000200048 87680
000200049 53760
000200050 56320
000200051 42064
000200052 80960
000200053 43680
000200054 41280
000200055 55840
000200056 76336
000200057 81760
000200058 65120
000200059 55680
000200060 72640
000200061 66080
000200062 60320
000200063 87360
000200064 58400
000200065 60800
000200066 52640
000200067 56000
000200068 79840
000200069 70080
000200070 67200
000200071 56800
000200072 68160
000200073 73280
000200074 78032
000200075 60480
000200076 104320
000200077 59200
000200078 100960
000200079 66544
000200080 45920
000200081 56160
000200082 98880
000200083 59200
000200084 79360
000200085 71520
000200086 82880
000200087 79040
000200088 74720
000200089 112800
000200090 79360
000200091 96000
000200092 117760
000200093 80480
000200094 63040
000200095 80320
000200096 74560
000200097 71360
000200098 94560
000200099 66208
000200100 80160
000200101 55744
000200102 133440
000200103 116800
000200104 107360
000200105 134240
000200106 129759
000200107 88640
000200108 54720
000200109 116000
000200110 40320
000200111 64160
000200112 52000
000200113 99520
000200114 112000
000200115 107040
000200116 130400
000200117 46240
000200118 57440
000200119 69280
000200120 50560
000200121 110880
000200122 83728
000200123 123200
000200124 59200
000200125 159200
000200126 102400
000200127 98880
000200128 103840
000200129 123200
000200130 106720
000200131 112160
000200132 60160
000200133 101600
000200134 120800
000200135 96640
000200136 105760
000200137 58880
000200138 78240
000200139 77280
000200140 95040
000200141 84960
000200142 49760
000200143 100960
000200144 78400
000200145 119200
000200146 71840
000200147 86720
000200148 48000
000200149 98400
000200150 73088
000200151 68160
000200152 114080
000200153 85440
000200154 38400
000200155 126560
000200156 78880
000200157 70880
000200158 85120
000200159 40320
000200160 100960
000200161 87840
000200162 86080
000200163 117920
000200164 93376
000200165 118560
000200166 104800
000200167 72640
000200168 62240
000200169 62400
000200170 44960
000200171 71360
000200172 75360
000200173 68640
000200174 106880
000200175 103360
000200176 83680
000200177 53920
000200178 45440
000200179 92160
000200180 51840
000200181 53760
000200182 116320
000200183 75520
000200184 57760
000200185 96800
000200186 142720
000200187 59040
000200188 104000
000200189 56640
000200190 91040
000200191 87680
000200192 117920
000200193 155040
000200194 104160
000200195 60160
000200196 109264
000200197 89920
000200198 114400
000200199 90720
000200200 146880
000200201 65280
000200202 117280
000200203 111200
000200204 98240
000200205 103360
000200206 62080
000200207 132800
000200208 56480
000200209 67680
000200211 106880
000200212 47872
000200213 100160
000200214 67680
000200215 101440
000200216 76640
000200217 46720
000200218 59840
000200219 145120
000200220 141280
000200221 85760
000200222 120464
000200224 130560
000200225 105120
000200226 76160
000200227 98720
000200228 43200
000200229 88320
000200230 59520
000200231 87360
000200233 102080
000200234 126720
000200235 99840
000200236 138400
000200237 102880
000200238 108640
000200239 82560
000200240 85760
000200241 73120
000200242 108960
000200243 90880
000200244 52720
000200245 91680
000200246 95360
000200247 63728
000200248 114720
000200249 52672
000200250 39680
000200251 129600
000200252 65471
000200253 50016
000200254 104160
000200255 92480
000200256 90400
000200257 100640
000200258 131200
000200259 55200
000200260 106480
000200261 107360
000200262 65440
000200264 143840
000200265 64528
000200266 76800
000200267 105920
000200268 72960
000200269 65920
000200270 66560
000200271 100160
000200272 90400
000200273 78240
000200274 98240
000200275 44640
000200276 130880
000200277 77120
000200278 67200
000200279 121600
000200280 100320
000200281 106720
000200282 66720
000200283 91680
000200284 88000
000200285 158560
000200286 157920
000200287 51520
000200288 57600
000200289 125600
000200290 77920
000200291 71680
000200292 97440
000200293 79680
000200294 34240
000200295 57280
000200296 115680
000200297 80160
000200301 164000
000200302 99680
000200303 59712
000200304 90880
000200305 110400
000200306 76320
000200307 82880
000200308 77760
000200309 108800
000200310 97920
000200311 81440
000200312 143040
000200313 102080
000200314 74400
000200315 97440
000200317 58400
000200318 106400
000200319 87200
000200322 57920
000200323 68640
000200324 75360
000200325 116400
000200326 65280
000200327 69920
000200328 84320
000200329 100960
000200330 56480
000200331 123520
000200333 53120
000200334 72320
000200335 112640
000200337 81920
000200338 133440
000200339 72320
000200340 81120
000200341 103680
000200342 75520
000200344 64319
000200346 100640
000200348 107520
000200349 164640
000200350 83360
000200351 66240
000200354 135200
000200355 41600
000200356 89120
000200359 97920
000200361 100160
000200364 86240
000200365 98080
000200366 62880
000200367 57760
000200368 69440
000200370 56160
000200371 125120
000200372 100320
000200373 77440
000200374 49920
000200375 71200
000200376 49920
000200377 109792
000200378 50240
000200379 96800
000200380 64319
000200381 68688
000200382 48640
000200383 106080
000200384 82720
000200385 69120
000200386 69920
000200388 94240
000200389 99520
000200390 87840
000200391 51744
000200392 106240
000200393 80160
000200394 138384
000200395 159840
000200396 150240
000200397 125120
000200398 112000
000200399 57280
000200400 51984
000201401 69920
000201402 76000
000201403 76960
000201404 83680
000201405 64800
000201406 56800
000201407 62880
000201408 72960
000201409 49872
000201410 60160
000201411 77760
000201412 85120
000201413 37600
000201414 81760
000201415 53600
000201416 71840
000201417 99680
000201418 60480
000201419 56640
000201421 43680
000201422 54560
000201423 48000
000201424 63840
000201425 53920
000201426 59360
000201427 79360
000201428 51360
000201429 49904
000201430 77600
000201431 44800
000201432 80160
000201433 86720
000201434 60800
000201435 51680
000201436 63360
000201437 44480
000201438 54720
000201439 76800
000201440 49280
000201441 60480
000201442 64160
000201443 72000
000201444 90400
000201445 52640
000201446 78000
000201447 60800
000201448 55840
000201449 53920
000201450 64640
000201451 70720
000201452 78720
000201453 73440
000201454 45104
000201456 67680
000201457 64000
000201458 91520
000201459 45280
000201460 58560
000201461 60704
000201463 73280
000201464 64959
000201465 64000
000201466 68320
000201467 53280
000201468 69008
000201469 62880
000201470 60160
000201471 53280
000201472 65120
000201473 41600
000201474 50720
000201475 65440
000201476 66080
000201478 52160
000201479 64319
000201480 90080
000201481 66640
000201482 57120
000201483 52416
000201484 52400
000201485 57920
000201486 48928
000201487 70560
000201488 51488
000201489 82880
000201490 45280
000201491 55040
000201492 56208
000201494 50720
000201495 56640
000201496 83680
000201497 45120
000201498 55680
000201499 53440
000201500 69440
000201501 105920
000201502 68800
000201503 53600
000201504 136960
000201505 65920
000201506 75200
000201507 45280
000201508 51200
000201509 70080
000201510 95680
000201511 85760
000201512 96576
000201513 71680
000201514 63360
000201515 84640
000201516 71520
000201517 57600
000201518 67680
000201519 92320
000201520 122400
000201521 60640
000201522 64959
000201523 78080
000201524 52960
000201525 110080
000201526 55360
000201527 79200
000201528 39200
000201529 88160
000201530 82560
000201531 59040
000201532 34720
000201533 94720
000201534 102240
000201535 82880
000201536 52960
000201537 91200
000201538 47360
000201539 63520
000201540 131424
000201542 65440
000201543 127680
000201544 70880
000201545 59520
000201546 47840
000201547 50032
000201548 70512
000201549 142880
000201550 104000
000201551 34880
000201552 43680
000201553 96960
000201554 57440
000201555 76000
000201556 85280
000201557 38240
000201558 104480
000201559 101280
000201560 46544
000201561 110288
000201562 141760
000201563 42880
000201564 156960
000201565 89760
000201566 89280
000201567 74400
000201568 52960
000201569 50880
000201570 41120
000201571 50400
000201572 159520
000201573 61936
000201574 137920
000201575 156480
000201577 152640
000201578 106720
000201579 107520
000201580 111840
000201581 133920
000201582 126720
000201583 55840
000201584 119680
000201585 61920
000201586 93920
000201587 122080
000201588 67680
000201589 70560
000201590 104160
000201591 56816
000201592 96800
000201593 78944
000201594 52480
000201595 84480
000201596 104000
000201597 77920
000201598 107680
000201599 100112
000201600 91200
000201601 100800
000201602 64640
000201603 148480
000201604 69120
000201605 142720
000201606 121600
000201607 109600
000201608 92320
000201609 152000
000201610 52480
000201611 142400
000201612 50560
000201613 66064
000201614 117760
000201615 90720
000201616 77920
000201617 116960
000201618 122400
000201619 56960
000201620 119680
000201621 124800
000201622 83520
000201623 82240
000201624 172640
000201625 41136
000201626 78720
000201627 65920
000201628 168160
000201629 76960
000201630 41008
000201631 76480
000201632 120624
000201633 83680
000201634 69760
000201635 62720
000201636 99200
000201637 112320
000201638 68736
000201639 138240
000201641 158080
000201642 114880
000201643 77312
000201644 83200
000201645 61120
000201646 85600
000201647 71200
000201648 111680
000201649 49920
000201650 101920
000201651 92960
000201652 68800
000201653 83040
000201654 72320
000201655 122560
000201656 72480
000201657 85120
000201658 171680
000201659 79680
000201660 66720
000201661 69120
000201662 45808
000201663 106240
000201664 95632
000201665 123840
000201666 86448
000201667 70352
000201668 109440
000201669 132960
000201670 61440
000201671 71840
000201672 68480
000201673 124960
000201674 97296
000201675 71520
000201676 87040
000201677 42608
000201678 86880
000201679 96480
000201680 69440
000201681 70560
000201682 52192
000201683 114720
000201684 69280
000201685 64416
000201686 92240
000201687 126560
000201688 85824
000201689 59600
000201690 111840
000201691 85760
000201692 44288
000201693 157440
000201694 109760
000201695 66240
000201696 86400
000201697 147520
000201698 57280
000201699 101280
000201700 64816
000201701 76800
000201702 122720
000201703 73920
000201704 103360
000201705 83424
000201706 61760
000201707 60960
000201708 47680
000201709 91200
000201710 196640
000201711 136464
000201712 86560
000201713 39840
000201714 57120
000201715 67808
000201716 61408
000201717 47040
000201718 48000
000201719 146720
000201720 127200
000201721 108480
000201722 117600
000201723 112064
000201724 47840
000201725 51680
000201726 55200
000201727 104480
000201728 126720
000201729 97344
000201730 116960
000201731 59200
000201733 97760
000201734 102240
000201735 67520
000201736 102720
000201737 145120
000201738 37568
000201739 72160
000201740 112320
000201741 69440
000201742 83680
000201743 90944
000201744 127520
000201745 52640
000201746 102816
000201747 70400
000201748 48000
000201749 64800
000201750 132640
000201751 67680
000201752 115680
000201753 103392
000201754 55792
000201755 73120
000201756 45440
000201757 125760
000201758 99520
000201759 109920
000201760 115840
000201761 98240
000201762 102080
000201763 78560
000201765 129600
000201766 92640
000201767 49760
000201768 42352
000201769 54720
000201770 68176
000201771 61600
000201772 114880
000201773 73280
000201774 93920
000201775 100480
000201776 56320
000201777 39488
000201778 98720
000201779 99840
000201780 96000
000201781 73120
000201782 84800
000201783 88640
000201784 91840
000201785 50080
000201786 100320
000201787 43680
000201788 71520
000201789 96480
000201790 47840
000201791 122080
000201792 109600
000201793 97280
000201794 153760
000201795 108480
000201796 74080
000201797 62080
