000100324 16
000100325 10
000100326 11
000100327 15
000100328 19
000100329 38
000100330 16
000100331 47
000100332 30
000100333 18
000100334 9
000100335 26
000100336 12
000100337 28
000100338 5
000100339 20
000100340 29
000100341 16
000100342 14
000100343 10
000100344 8
000100345 16
000100346 20
000100347 19
000100348 18
000100350 18
000100351 15
000100352 32
000100353 13
000100354 28
000100357 29
000100361 12
000100362 19
000100366 9
000100367 26
000100368 29
000100369 32
000100370 28
000100371 9
000100372 14
000100373 22
000100374 26
000100375 16
000100376 18
000100377 35
000100378 9
000100379 22
000100380 15
000100381 24
000100382 17
000100383 21
000100384 16
000100385 10
000100386 11
000100387 17
000100388 20
000100389 8
000100391 12
000100392 10
000100393 24
000100394 23
000100395 8
000100396 17
000100397 32
000100398 24
000100399 15
000100400 20
000110001 10
000110003 16
000110004 33
000110005 35
000110007 30
000110008 24
000110010 27
000110011 20
000110013 20
000110014 37
000110015 27
000110016 46
000110017 18
000110018 25
000110019 42
000110022 11
000110023 14
000110024 12
000110025 19
000110027 12
000110029 11
000110030 14
000110031 15
000110032 19
000110033 20
000110034 20
000110035 8
000110036 8
000110037 17
000110038 10
000110039 11
000110040 14
000110042 4
000110043 14
000110044 10
000110045 6
000110046 9
000110047 10
000110048 15
000110049 7
000110050 14
000110052 17
000110053 8
000110054 7
000110055 12
000110056 13
000110057 16
000110058 14
000110060 14
000110061 17
000110062 11
000110063 20
000110064 13
000110067 11
000110068 13
000110069 20
000110070 19
000110071 14
000110072 12
000110073 15
000110074 14
000110075 13
000110076 18
000110077 7
000110078 20
000110079 14
000110080 10
000110081 13
000110082 17
000110083 14
000110084 13
000110085 11
000110087 15
000110088 15
000110089 21
000110091 15
000110092 35
000110093 16
000110094 13
000110095 14
000110096 14
000110097 13
000110098 19
000110099 17
000110100 17
000110101 26
000110102 10
000110103 30
000110104 27
000110105 31
000110106 20
000110107 9
000110108 31
000110109 22
000110110 23
000110111 23
000110112 27
000110113 31
000110115 20
000110116 9
000110117 12
000110118 10
000110119 20
000110120 16
000110121 17
000110122 17
000110123 19
000110125 12
000110126 24
000110127 26
000110130 14
000110131 29
000110132 27
000110133 17
000110134 28
000110135 18
000110136 26
000110137 38
000110138 22
000110139 13
000110140 12
000110141 27
000110142 18
000110143 26
000110144 17
000110145 5
000110146 19
000110147 6
000110148 8
000110150 13
000110151 21
000110152 30
000110153 6
000110154 22
000110155 10
000110156 10
000110157 22
000110158 10
000110159 23
000110160 28
000110161 23
000110162 16
000110163 22
000110164 24
000110165 14
000110166 25
000110167 15
000110168 12
000110169 14
000110171 14
000110172 25
000110173 17
000110174 9
000110176 24
000110177 14
000110178 32
000110179 18
000110180 24
000110181 16
000110182 28
000110183 24
000110184 26
000110185 16
000110186 21
000110187 18
000110188 30
000110189 24
000110190 16
000110191 14
000110192 18
000110193 26
000110194 26
000110195 24
000110196 17
000110197 16
000110198 16
000110199 20
000110200 25
000110201 6
000110202 24
000110203 24
000110204 16
000110205 22
000110206 35
000110207 34
000110209 19
000110210 7
000110211 16
000110212 10
000110213 23
000110214 39
000110215 9
000110216 15
000110217 32
000110218 29
000110219 17
000110220 22
000110221 17
000110223 36
000110224 23
000110227 26
000110228 5
000110229 23
000110230 37
000110231 8
000110232 15
000110233 33
000110235 25
000110236 7
000110237 24
000110238 13
000110239 14
000110240 18
000110241 23
000110242 8
000110243 5
000110244 19
000110245 16
000110246 23
000110247 20
000110249 26
000110250 38
000110251 18
000110252 8
000110253 14
000110254 14
000110255 12
000110256 16
000110257 16
000110258 36
000110259 21
000110260 9
000110261 27
000110262 11
000110263 14
000110264 33
000110265 22
000110266 14
000110267 16
000110268 24
000110271 17
000110272 8
000110273 20
000110274 24
000110275 15
000110276 9
000110278 32
000110279 19
000110280 12
000110281 26
000110282 14
000110284 18
000110285 26
000110286 33
000110287 11
000110288 28
000110289 18
000110290 18
000110291 17
000110292 29
000110293 22
000110294 21
000110295 11
000110296 22
000110297 23
000110298 19
000110299 8
000110300 35
000110301 9
000110302 13
000110303 18
000110305 12
000110306 10
000110308 5
000110309 22
000110310 23
000110311 31
000110312 20
000110313 8
000110314 21
000110315 24
000110316 34
000110317 26
000110318 19
000110319 28
000110320 18
000110321 30
000110322 19
000110323 18
000110324 25
000110325 24
000110327 9
000110328 19
000110329 14
000110330 10
000110331 25
000110332 17
000110333 17
000110334 17
000110336 6
000110337 15
000110338 20
000110339 20
000110340 17
000110341 15
000110343 20
000110344 19
000110345 23
000110346 20
000110347 22
000110348 15
000110349 10
000110350 5
000110351 18
000110352 18
000110353 17
000110354 29
000110355 10
000110356 9
000110358 13
000110359 26
000110360 15
000110362 23
000110363 21
000110364 15
000110365 12
000110366 17
000110367 16
000110368 14
000110369 22
000110370 30
000110371 10
000110372 12
000110373 31
000110374 6
000110375 14
000110377 11
000110378 19
000110379 23
000110380 10
000110381 29
000110382 20
000110383 19
000110384 15
000110385 16
000110386 33
000110387 33
000110388 25
000110389 14
000110391 24
000110392 17
000110394 29
000110395 31
000110396 11
000110397 11
000110398 14
000110399 34
000110400 23
000111401 12
000111402 18
000111403 13
000111404 21
000111405 13
000111406 15
000111407 17
000111408 17
000111409 10
000111410 19
000111411 19
000111412 21
000111414 19
000111415 11
000111416 13
000111418 12
000111419 16
000111420 13
000111421 8
000111422 13
000111423 10
000111424 15
000111425 10
000111426 12
000111427 22
000111428 10
000111429 15
000111430 17
000111432 20
000111433 19
000111434 14
000111436 12
000111437 12
000111438 16
000111439 19
000111440 8
000111441 17
000111442 21
000111443 17
000111444 19
000111445 15
000111446 21
000111447 11
000111448 16
000111449 12
000111451 21
000111452 25
000111453 15
000111454 6
000111455 21
000111456 20
000111458 23
000111460 15
000111461 16
000111463 21
000111464 16
000111465 13
000111466 19
000111467 9
000111468 15
000111470 18
000111471 14
000111474 8
000111475 20
000111477 13
000111478 14
000111479 17
000111480 33
000111481 12
000111482 14
000111483 17
000111484 15
000111485 10
000111487 18
000111488 15
000111489 25
000111490 13
000111492 16
000111493 11
000111495 12
000111496 21
000111500 18
000111501 14
000111502 24
000111503 9
000111504 24
000111505 17
000111506 17
000111507 18
000111508 24
000111509 27
000111510 31
000111511 8
000111512 24
000111513 14
000111514 7
000111516 12
000111517 22
000111518 21
000111520 14
000111521 23
000111522 13
000111523 16
000111524 6
000111525 30
000111526 18
000111530 19
000111531 18
000111532 26
000111533 6
000111534 17
000111535 12
000111536 17
000111537 30
000111538 22
000111539 12
000111540 19
000111541 36
000111543 23
000111544 18
000111545 10
000111546 14
000111547 27
000111548 11
000111549 13
000111550 28
000111551 17
000111552 14
000111553 20
000111554 13
000111555 20
000111556 8
000111557 19
000111558 10
000111559 15
000111560 18
000111561 29
000111563 13
000111564 10
000111565 12
000111566 18
000111567 18
000111568 25
000111569 31
000111570 22
000111572 28
000111573 7
000111574 11
000111575 28
000111576 6
000111577 24
000111578 22
000111579 9
000111580 31
000111582 11
000111583 16
000111584 19
000111585 19
000111586 14
000111587 17
000111588 9
000111589 17
000111590 27
000111592 17
000111593 28
000111594 25
000111595 17
000111596 22
000111597 23
000111598 22
000111599 18
000111600 33
000111601 22
000111602 11
000111603 13
000111604 8
000111605 17
000111606 28
000111607 15
000111608 7
000111609 24
000111610 23
000111611 5
000111612 13
000111613 14
000111614 26
000111615 12
000111616 16
000111617 29
000111618 12
000111619 23
000111620 26
000111621 29
000111622 27
000111623 13
000111624 9
000111625 36
000111626 25
000111627 5
000111628 16
000111630 25
000111631 14
000111632 14
000111633 5
000111634 23
000111635 16
000111636 12
000111637 13
000111638 17
000111639 16
000111640 17
000111641 35
000111642 31
000111644 19
000111646 14
000111647 21
000111648 5
000111649 14
000111650 32
000111651 20
000111653 19
000111654 21
000111655 19
000111656 15
000111657 24
000111658 23
000111659 14
000111660 20
000111661 17
000111662 29
000111663 24
000111664 16
000111665 19
000111666 10
000111667 17
000111668 36
000111669 24
000111670 26
000111671 35
000111673 23
000111674 22
000111675 30
000111676 12
000111677 12
000111678 9
000111681 15
000111682 23
000111683 9
000111684 17
000111685 20
000111686 20
000111687 19
000111688 15
000111689 18
000111690 25
000111692 15
000111693 18
000111694 13
000111695 16
000111696 11
000111697 25
000111698 10
000111699 17
000111700 9
000111701 25
000111702 19
000111703 25
000111704 15
000111705 11
000111706 13
000111707 25
000111709 21
000111710 16
000111712 5
000111713 20
000111714 11
000111715 14
000111716 22
000111718 29
000111719 15
000111720 22
000111721 6
000111722 16
000111723 24
000111724 23
000111725 25
000111726 20
000111727 21
000111728 5
000111729 28
000111730 7
000111731 21
000111732 21
000111733 15
000111734 35
000111735 20
000111737 18
000111738 19
000111739 21
000111741 18
000111742 21
000111743 23
000111745 17
000111746 10
000111747 13
000111748 37
000111749 17
000111750 9
000111751 14
000111752 27
000111753 23
000111754 20
000111755 37
000111756 26
000111757 20
000111758 28
000111759 33
000111760 20
000111761 17
000111762 29
000111763 8
000111764 22
000111765 9
000111766 11
000111767 16
000111768 35
000111769 25
000111770 20
000111771 20
000111772 16
000111773 17
000111775 17
000111776 22
000111777 18
000111778 32
000111780 24
000111783 17
000111784 23
000111785 42
000111786 23
000111787 15
000111789 24
000111790 23
000111791 14
000111792 13
000111793 6
000111794 41
000111795 8
000111796 27
000111797 7
000111798 15
000111799 28
000111800 14
000120001 10
000120002 41
000120003 16
000120004 33
000120005 35
000120006 21
000120007 30
000120008 24
000120009 14
000120010 27
000120011 20
000120012 34
000120013 20
000120014 37
000120015 27
000120016 46
000120017 17
000120018 25
000120019 42
000120020 23
000120021 7
000120022 11
000120023 14
000120024 12
000120025 20
000120026 8
000120027 12
000120028 8
000120029 11
000120030 14
000120031 15
000120032 19
000120033 20
000120034 20
000120035 7
000120036 8
000120037 17
000120038 10
000120039 11
000120040 14
000120041 4
000120042 4
000120043 14
000120044 10
000120045 6
000120046 9
000120047 10
000120048 15
000120049 7
000120050 14
000120052 17
000120053 8
000120054 7
000120055 12
000120056 13
000120057 16
000120058 14
000120059 9
000120060 14
000120061 17
000120062 11
000120063 20
000120064 13
000120065 18
000120066 8
000120067 11
000120068 13
000120069 19
000120070 19
000120071 14
000120072 12
000120073 15
000120074 14
000120075 13
000120076 18
000120077 7
000120078 20
000120079 14
000120080 10
000120081 13
000120082 17
000120083 14
000120084 13
000120085 11
000120086 14
000120087 15
000120088 15
000120089 21
000120090 22
000120091 15
000120092 35
000120093 16
000120094 13
000120095 14
000120096 14
000120097 13
000120098 19
000120099 17
000120100 17
000120101 24
000120102 14
000120103 26
000120104 23
000120105 25
000120106 32
000120107 23
000120108 18
000120109 17
000120110 13
000120111 17
000120112 19
000120114 31
000120115 12
000120116 27
000120117 23
000120118 25
000120119 9
000120120 7
000120121 25
000120122 24
000120124 35
000120125 22
000120126 17
000120127 7
000120128 11
000120129 17
000120130 19
000120131 32
000120132 12
000120133 22
000120134 29
000120135 31
000120136 13
000120137 21
000120138 12
000120139 19
000120140 32
000120141 15
000120142 32
000120143 22
000120144 5
000120145 11
000120146 12
000120147 19
000120148 25
000120149 39
000120150 31
000120151 9
000120152 20
000120153 10
000120154 22
000120155 18
000120156 13
000120157 19
000120158 28
000120159 8
000120161 38
000120162 31
000120163 13
000120164 14
000120165 17
000120166 31
000120167 43
000120168 28
000120169 7
000120170 19
000120171 35
000120172 8
000120173 33
000120174 26
000120175 17
000120176 21
000120178 16
000120179 6
000120180 38
000120181 26
000120182 26
000120183 27
000120184 22
000120185 37
000120186 8
000120187 26
000120188 18
000120189 19
000120190 22
000120191 20
000120192 13
000120193 7
000120194 6
000120195 31
000120196 31
000120197 23
000120198 26
000120199 10
000120200 18
000120201 16
000120202 20
000120203 22
000120204 12
000120205 22
000120206 6
000120207 10
000120208 32
000120209 20
000120210 21
000120211 14
000120212 16
000120213 21
000120214 18
000120215 20
000120216 13
000120217 35
000120218 35
000120219 23
000120220 8
000120221 18
000120222 18
000120223 23
000120224 6
000120225 20
000120226 9
000120227 20
000120228 10
000120229 18
000120230 15
000120231 29
000120232 16
000120233 19
000120234 24
000120235 22
000120236 24
000120237 9
000120238 22
000120239 14
000120240 12
000120241 15
000120242 22
000120243 34
000120244 18
000120245 19
000120246 22
000120248 24
000120249 18
000120250 22
000120251 23
000120252 8
000120253 16
000120254 13
000120255 39
000120256 30
000120257 16
000120258 29
000120259 12
000120260 12
000120262 13
000120263 30
000120264 24
000120265 11
000120266 9
000120267 15
000120268 18
000120269 11
000120270 26
000120271 19
000120272 16
000120273 9
000120274 17
000120275 27
000120276 7
000120277 26
000120278 7
000120279 9
000120280 8
000120281 22
000120282 8
000120283 21
000120284 16
000120285 12
000120286 32
000120287 6
000120288 16
000120289 27
000120290 28
000120291 22
000120292 18
000120293 17
000120294 8
000120295 27
000120296 19
000120297 16
000120298 6
000120299 28
000120300 20
000120301 17
000120302 15
000120303 24
000120304 7
000120305 32
000120306 24
000120307 23
000120308 22
000120309 35
000120310 5
000120311 30
000120312 23
000120313 34
000120314 20
000120315 32
000120316 18
000120317 16
000120318 14
000120319 27
000120320 11
000120321 16
000120322 8
000120323 20
000120325 23
000120326 15
000120327 25
000120328 29
000120329 12
000120330 28
000120331 24
000120332 23
000120333 34
000120334 17
000120336 13
000120337 7
000120338 14
000120339 10
000120340 21
000120341 26
000120342 14
000120343 23
000120344 12
000120345 19
000120346 10
000120347 12
000120348 24
000120349 39
000120350 16
000120351 24
000120352 38
000120353 29
000120354 9
000120355 23
000120356 8
000120357 19
000120358 17
000120359 21
000120360 30
000120361 27
000120362 17
000120363 13
000120364 19
000120365 22
000120366 12
000120367 8
000120368 14
000120369 38
000120370 23
000120371 19
000120372 14
000120373 5
000120374 18
000120375 22
000120376 23
000120377 24
000120379 16
000120380 18
000120381 26
000120382 18
000120383 11
000120384 26
000120385 34
000120386 27
000120387 26
000120388 11
000120389 16
000120390 11
000120391 19
000120392 15
000120393 14
000120394 23
000120395 14
000120396 14
000120397 27
000120398 15
000120399 7
000120400 21
000121401 12
000121402 18
000121403 13
000121404 21
000121405 13
000121406 15
000121407 17
000121408 16
000121409 10
000121410 19
000121411 19
000121412 21
000121413 6
000121414 19
000121415 11
000121416 13
000121417 27
000121418 12
000121419 16
000121420 14
000121421 8
000121422 13
000121423 10
000121424 15
000121425 10
000121426 12
000121427 22
000121428 10
000121429 15
000121430 17
000121431 14
000121432 20
000121433 19
000121434 14
000121435 10
000121436 11
000121438 16
000121439 19
000121440 8
000121441 17
000121442 20
000121443 17
000121444 19
000121445 15
000121446 21
000121447 11
000121448 16
000121449 12
000121450 16
000121451 21
000121452 25
000121453 15
000121454 6
000121455 20
000121456 20
000121457 12
000121458 23
000121459 15
000121460 15
000121461 16
000121462 14
000121463 21
000121464 16
000121465 13
000121466 19
000121467 9
000121468 15
000121470 18
000121471 14
000121472 20
000121473 12
000121474 8
000121475 20
000121476 13
000121477 12
000121478 14
000121479 17
000121480 33
000121481 12
000121482 14
000121483 17
000121484 15
000121485 9
000121486 8
000121487 17
000121488 15
000121489 25
000121490 13
000121491 15
000121492 16
000121493 11
000121494 13
000121495 11
000121496 21
000121497 15
000121498 15
000121499 14
000121500 18
000121501 33
000121502 19
000121503 21
000121504 19
000121505 12
000121506 24
000121507 18
000121508 28
000121509 23
000121510 11
000121511 15
000121512 20
000121513 25
000121514 21
000121515 21
000121516 7
000121517 8
000121518 18
000121519 15
000121520 19
000121521 13
000121522 22
000121523 18
000121524 30
000121525 21
000121526 17
000121527 32
000121528 28
000121529 19
000121531 34
000121532 24
000121533 31
000121534 10
000121535 30
000121536 27
000121537 9
000121538 30
000121539 10
000121540 11
000121541 15
000121542 29
000121543 10
000121544 12
000121545 14
000121546 10
000121547 13
000121548 13
000121549 10
000121550 37
000121551 13
000121552 10
000121553 17
000121554 23
000121555 19
000121556 17
000121557 9
000121558 27
000121559 14
000121560 16
000121561 12
000121562 26
000121563 27
000121564 17
000121565 15
000121566 21
000121567 28
000121568 7
000121569 39
000121570 27
000121571 5
000121572 15
000121573 8
000121574 25
000121575 18
000121576 15
000121577 13
000121578 14
000121579 18
000121580 16
000121581 19
000121582 9
000121583 10
000121584 32
000121585 25
000121586 16
000121587 27
000121588 25
000121589 29
000121590 14
000121591 24
000121592 22
000121593 11
000121594 27
000121595 20
000121596 8
000121597 21
000121598 20
000121599 15
000121600 14
000121601 9
000121602 9
000121603 9
000121604 14
000121605 43
000121606 26
000121607 28
000121608 17
000121609 14
000121610 23
000121611 6
000121612 8
000121613 19
000121614 14
000121615 24
000121616 23
000121617 37
000121618 15
000121619 8
000121620 37
000121621 24
000121622 17
000121623 37
000121624 13
000121625 20
000121626 22
000121627 13
000121628 11
000121629 28
000121630 32
000121631 26
000121632 23
000121633 22
000121634 26
000121635 22
000121636 24
000121637 21
000121638 27
000121639 28
000121640 25
000121641 24
000121642 15
000121643 23
000121644 24
000121645 21
000121646 27
000121647 13
000121648 10
000121649 28
000121650 18
000121651 16
000121652 9
000121653 9
000121654 23
000121655 14
000121656 21
000121657 18
000121658 12
000121659 20
000121660 15
000121661 31
000121662 34
000121663 14
000121664 19
000121665 18
000121666 15
000121667 30
000121668 13
000121669 15
000121670 18
000121672 31
000121673 14
000121674 12
000121675 28
000121676 18
000121677 32
000121678 10
000121679 13
000121680 19
000121681 10
000121682 22
000121683 34
000121684 15
000121685 14
000121686 26
000121687 14
000121688 10
000121689 29
000121690 12
000121691 6
000121692 33
000121693 30
000121694 21
000121695 10
000121696 31
000121697 20
000121698 27
000121699 20
000121700 26
000121701 22
000121702 7
000121703 11
000121704 37
000121705 6
000121706 20
000121707 11
000121708 10
000121709 16
000121710 13
000121711 14
000121712 9
000121713 13
000121714 7
000121715 19
000121716 9
000121717 14
000121718 7
000121719 18
000121720 25
000121721 18
000121722 10
000121723 18
000121724 24
000121725 19
000121726 26
000121727 14
000121728 21
000121729 16
000121730 28
000121731 17
000121732 15
000121733 21
000121734 26
000121735 20
000121736 9
000121737 27
000121738 28
000121739 13
000121740 17
000121741 16
000121742 15
000121743 12
000121744 19
000121745 23
000121746 31
000121747 28
000121748 31
000121749 29
000121750 7
000121751 20
000121752 37
000121753 16
000121754 14
000121755 12
000121756 12
000121757 33
000121758 21
000121759 24
000121760 25
000121761 34
000121762 19
000121763 18
000121764 23
000121765 11
000121766 18
000121767 21
000121768 37
000121769 24
000121770 9
000121771 10
000121772 17
000121773 19
000121774 34
000121775 11
000121776 15
000121777 25
000121778 24
000121779 13
000121780 21
000121781 23
000121782 12
000121783 8
000121784 34
000121785 26
000121786 24
000121787 5
000121788 23
000121789 8
000121790 20
000121791 16
000121792 21
000121793 17
000121794 8
000121795 15
000121796 19
000121797 11
000121798 31
000121799 10
000121800 15
000130001 10
000130002 40
000130003 16
000130004 32
000130005 35
000130006 21
000130007 30
000130008 24
000130009 14
000130010 28
000130011 20
000130012 34
000130014 36
000130015 27
000130016 46
000130017 17
000130018 25
000130019 42
000130020 23
000130022 11
000130023 14
000130024 12
000130025 20
000130026 8
000130027 12
000130028 8
000130029 11
000130030 15
000130031 15
000130033 25
000130034 21
000130035 7
000130036 8
000130037 17
000130038 10
000130039 11
000130040 14
000130041 4
000130042 4
000130043 14
000130044 10
000130045 6
000130046 9
000130047 10
000130048 15
000130049 7
000130050 14
000130051 11
000130052 17
000130053 8
000130054 7
000130055 12
000130056 16
000130057 16
000130058 14
000130059 8
000130060 14
000130061 16
000130062 11
000130063 20
000130064 13
000130065 18
000130066 8
000130067 12
000130068 14
000130069 20
000130070 19
000130071 14
000130072 12
000130073 15
000130074 10
000130075 13
000130076 18
000130077 7
000130078 20
000130079 14
000130080 10
000130081 13
000130082 17
000130083 14
000130084 13
000130085 10
000130086 14
000130087 17
000130088 15
000130089 21
000130090 22
000130091 15
000130092 36
000130093 16
000130094 13
000130095 14
000130096 15
000130097 13
000130098 19
000130099 17
000130100 17
000130101 28
000130102 12
000130103 27
000130104 9
000130105 41
000130106 33
000130107 30
000130108 25
000130109 23
000130110 24
000130111 6
000130112 25
000130113 9
000130114 14
000130116 19
000130117 31
000130118 18
000130119 27
000130120 13
000130121 9
000130122 35
000130123 12
000130124 23
000130125 13
000130126 13
000130127 31
000130128 25
000130129 27
000130130 13
000130131 8
000130132 22
000130133 21
000130134 31
000130135 6
000130136 13
000130137 28
000130138 12
000130140 19
000130141 14
000130142 16
000130143 25
000130144 21
000130145 22
000130146 11
000130147 10
000130148 28
000130149 14
000130150 16
000130151 29
000130152 23
000130153 9
000130154 16
000130155 8
000130156 8
000130157 31
000130158 17
000130159 10
000130160 21
000130161 23
000130162 27
000130163 16
000130164 30
000130165 18
000130166 34
000130167 20
000130168 32
000130169 33
000130170 11
000130172 13
000130173 16
000130174 9
000130175 8
000130177 27
000130178 13
000130179 10
000130180 12
000130181 13
000130182 8
000130183 21
000130185 10
000130186 37
000130187 25
000130188 22
000130189 28
000130190 15
000130191 8
000130192 35
000130193 19
000130194 28
000130195 16
000130197 31
000130198 15
000130200 30
000130202 13
000130203 18
000130204 14
000130205 15
000130206 28
000130208 20
000130209 10
000130211 15
000130212 23
000130214 33
000130215 23
000130216 6
000130217 27
000130218 20
000130219 10
000130220 15
000130221 29
000130222 16
000130223 38
000130224 17
000130225 9
000130226 29
000130227 27
000130228 30
000130229 34
000130230 5
000130231 9
000130232 17
000130234 6
000130235 6
000130236 26
000130237 28
000130238 13
000130239 14
000130240 9
000130241 21
000130242 11
000130243 22
000130244 31
000130245 28
000130247 14
000130248 23
000130249 24
000130250 18
000130251 23
000130252 20
000130253 22
000130254 6
000130255 8
000130256 24
000130257 21
000130258 12
000130259 14
000130260 26
000130261 11
000130262 22
000130263 23
000130264 33
000130265 15
000130266 19
000130267 20
000130269 9
000130270 12
000130271 8
000130272 16
000130273 8
000130274 13
000130275 20
000130276 24
000130277 25
000130278 25
000130279 20
000130280 12
000130281 14
000130282 35
000130283 22
000130284 14
000130285 7
000130286 17
000130287 26
000130288 18
000130289 7
000130290 16
000130291 18
000130293 10
000130294 30
000130296 22
000130297 21
000130298 23
000130299 21
000130300 18
000130301 12
000130303 26
000130304 19
000130305 23
000130306 8
000130307 19
000130308 31
000130309 19
000130310 13
000130311 25
000130312 29
000130313 14
000130314 14
000130315 12
000130316 25
000130317 24
000130318 8
000130319 14
000130320 18
000130321 17
000130322 28
000130323 13
000130324 31
000130325 16
000130326 18
000130327 8
000130328 33
000130329 12
000130330 16
000130331 23
000130332 24
000130333 18
000130334 15
000130335 17
000130337 23
000130338 11
000130339 26
000130340 11
000130341 19
000130342 41
000130343 27
000130344 5
000130345 19
000130346 8
000130347 12
000130348 26
000130349 7
000130350 7
000130351 26
000130353 19
000130354 17
000130355 11
000130356 16
000130357 10
000130358 18
000130359 15
000130360 28
000130361 29
000130362 6
000130363 25
000130364 17
000130365 17
000130366 15
000130367 22
000130368 33
000130369 41
000130370 20
000130371 7
000130372 5
000130373 18
000130374 13
000130376 26
000130377 34
000130378 38
000130379 24
000130380 29
000130381 30
000130382 11
000130383 37
000130387 8
000130388 27
000130389 13
000130390 12
000130391 21
000130392 10
000130393 17
000130395 19
000130396 14
000130397 30
000130399 40
000130400 14
000131402 18
000131403 13
000131404 21
000131405 13
000131406 15
000131407 17
000131408 15
000131409 10
000131410 19
000131411 19
000131412 21
000131414 19
000131416 13
000131417 27
000131418 12
000131419 16
000131421 12
000131422 13
000131423 10
000131424 15
000131425 10
000131426 12
000131427 21
000131428 10
000131429 15
000131430 17
000131431 15
000131432 20
000131433 20
000131434 14
000131435 10
000131437 12
000131438 16
000131439 19
000131441 17
000131442 21
000131443 17
000131444 19
000131445 15
000131447 11
000131448 16
000131449 12
000131450 16
000131451 21
000131452 25
000131453 15
000131454 6
000131455 20
000131456 20
000131457 12
000131458 23
000131459 15
000131460 15
000131461 17
000131462 14
000131463 21
000131464 16
000131465 13
000131466 19
000131467 9
000131470 18
000131471 14
000131473 12
000131474 8
000131475 20
000131476 14
000131477 13
000131478 14
000131479 17
000131480 33
000131482 14
000131483 17
000131485 9
000131487 18
000131488 15
000131489 25
000131490 13
000131491 15
000131493 11
000131494 13
000131495 12
000131496 20
000131497 16
000131498 15
000131499 15
000131500 18
000131501 13
000131502 14
000131503 22
000131504 29
000131505 27
000131506 17
000131507 14
000131508 25
000131509 22
000131510 30
000131511 17
000131512 26
000131513 10
000131514 6
000131516 23
000131517 12
000131518 36
000131519 9
000131520 23
000131521 26
000131522 32
000131523 23
000131524 29
000131525 14
000131528 12
000131529 11
000131530 26
000131531 24
000131532 24
000131533 28
000131534 22
000131535 26
000131537 9
000131538 11
000131539 10
000131540 19
000131541 20
000131542 14
000131543 12
000131544 32
000131545 18
000131546 8
000131547 14
000131548 25
000131549 13
000131550 27
000131551 16
000131552 10
000131553 29
000131554 20
000131555 17
000131556 7
000131557 28
000131558 13
000131559 40
000131560 25
000131561 6
000131562 20
000131563 9
000131564 12
000131565 28
000131566 8
000131567 12
000131568 34
000131569 21
000131570 17
000131571 24
000131572 10
000131573 26
000131574 10
000131576 35
000131577 20
000131578 23
000131579 7
000131580 19
000131581 19
000131582 15
000131583 14
000131584 10
000131585 12
000131586 38
000131587 14
000131588 18
000131589 25
000131590 14
000131591 15
000131592 20
000131593 23
000131594 24
000131595 36
000131596 12
000131597 34
000131598 16
000131599 30
000131600 14
000131601 11
000131602 9
000131603 16
000131604 22
000131605 16
000131607 26
000131608 32
000131609 28
000131610 25
000131611 16
000131612 22
000131613 14
000131614 13
000131615 33
000131616 8
000131617 6
000131618 13
000131620 12
000131621 33
000131623 32
000131624 33
000131625 9
000131626 18
000131627 8
000131628 11
000131629 30
000131630 15
000131631 23
000131632 20
000131633 17
000131634 28
000131635 7
000131636 18
000131637 34
000131638 19
000131639 31
000131640 38
000131641 22
000131642 34
000131643 22
000131644 15
000131645 28
000131646 21
000131647 19
000131648 27
000131649 15
000131650 16
000131651 9
000131652 17
000131653 26
000131654 17
000131655 35
000131656 34
000131659 19
000131660 26
000131661 22
000131662 16
000131663 28
000131664 12
000131665 11
000131666 23
000131667 20
000131668 25
000131669 34
000131670 12
000131671 14
000131672 51
000131673 19
000131674 21
000131675 15
000131678 16
000131679 10
000131680 13
000131681 21
000131682 26
000131683 15
000131684 6
000131685 34
000131686 36
000131687 19
000131688 10
000131689 7
000131690 11
000131691 14
000131692 21
000131693 31
000131694 23
000131695 7
000131696 29
000131697 11
000131698 22
000131699 23
000131700 12
000131701 15
000131702 14
000131703 28
000131704 22
000131705 8
000131706 25
000131707 25
000131708 22
000131709 16
000131710 20
000131711 27
000131712 32
000131713 21
000131714 29
000131715 32
000131716 20
000131717 21
000131718 11
000131719 19
000131720 11
000131721 20
000131722 12
000131723 9
000131724 25
000131725 23
000131726 18
000131727 9
000131728 14
000131729 22
000131730 42
000131731 15
000131732 34
000131733 29
000131734 15
000131735 30
000131736 28
000131737 15
000131738 18
000131739 29
000131740 19
000131741 23
000131742 21
000131743 21
000131744 15
000131745 27
000131747 23
000131748 14
000131749 9
000131750 33
000131751 17
000131752 23
000131753 33
000131754 28
000131755 21
000131756 13
000131757 28
000131758 18
000131759 10
000131761 9
000131762 15
000131763 17
000131764 21
000131765 14
000131766 25
000131767 16
000131769 10
000131771 32
000131772 26
000131773 29
000131774 24
000131775 25
000131776 15
000131777 8
000131778 21
000131779 16
000131780 28
000131781 14
000131782 21
000131783 14
000131784 26
000131785 18
000131786 9
000131787 23
000131788 15
000131789 17
000131790 11
000131791 9
000131792 19
000131793 9
000131794 6
000131795 12
000131796 20
000131797 11
000131798 11
000131799 22
000131800 23
000140001 10
000140002 41
000140003 16
000140004 33
000140005 34
000140006 21
000140007 32
000140008 24
000140009 14
000140010 27
000140011 20
000140012 34
000140013 20
000140014 37
000140015 27
000140016 46
000140017 18
000140018 25
000140019 42
000140020 23
000140021 7
000140022 11
000140024 12
000140025 20
000140026 8
000140027 12
000140028 8
000140029 16
000140030 14
000140031 15
000140032 25
000140033 20
000140035 7
000140036 8
000140037 17
000140038 10
000140039 11
000140040 14
000140041 4
000140042 4
000140043 14
000140044 10
000140045 6
000140046 9
000140047 10
000140048 15
000140049 7
000140050 14
000140052 17
000140054 13
000140055 12
000140056 13
000140057 16
000140058 14
000140059 9
000140060 14
000140061 17
000140062 11
000140063 20
000140065 18
000140066 8
000140067 11
000140068 14
000140069 20
000140070 19
000140071 20
000140072 18
000140073 15
000140074 14
000140075 13
000140076 18
000140077 7
000140078 20
000140079 14
000140080 10
000140081 13
000140082 17
000140083 20
000140084 13
000140085 11
000140086 14
000140087 15
000140089 21
000140090 22
000140091 15
000140092 37
000140093 16
000140094 13
000140095 14
000140096 20
000140097 13
000140098 19
000140099 23
000140100 17
000140101 27
000140102 13
000140103 20
000140104 20
000140105 23
000140106 20
000140107 21
000140108 9
000140109 11
000140110 25
000140111 24
000140112 16
000140113 22
000140114 21
000140115 18
000140116 22
000140117 20
000140118 22
000140120 15
000140121 22
000140122 35
000140123 12
000140124 31
000140125 5
000140126 17
000140127 19
000140128 18
000140129 13
000140130 25
000140131 8
000140133 12
000140134 35
000140135 10
000140136 12
000140137 13
000140138 7
000140139 18
000140140 9
000140141 9
000140142 38
000140143 11
000140144 24
000140145 33
000140146 18
000140147 15
000140149 30
000140150 28
000140151 28
000140153 28
000140154 33
000140156 23
000140157 29
000140158 39
000140159 26
000140160 12
000140161 32
000140163 9
000140164 30
000140165 13
000140166 41
000140167 15
000140168 15
000140169 26
000140170 18
000140171 11
000140172 12
000140173 14
000140174 35
000140175 20
000140176 27
000140177 23
000140178 21
000140179 17
000140180 16
000140181 14
000140183 23
000140184 34
000140185 27
000140186 12
000140187 15
000140188 26
000140190 26
000140191 28
000140192 14
000140193 22
000140194 39
000140196 26
000140197 10
000140198 11
000140199 34
000140200 22
000140201 5
000140202 10
000140203 35
000140204 26
000140206 20
000140208 14
000140210 21
000140212 26
000140214 28
000140215 30
000140216 19
000140217 17
000140219 7
000140220 15
000140221 26
000140222 24
000140223 13
000140224 27
000140225 16
000140228 27
000140229 13
000140230 19
000140231 11
000140232 21
000140234 18
000140235 16
000140236 37
000140237 20
000140239 18
000140240 18
000140241 22
000140243 10
000140244 21
000140245 9
000140247 8
000140250 20
000140251 7
000140252 16
000140253 23
000140254 16
000140255 27
000140256 27
000140257 20
000140259 9
000140260 25
000140261 25
000140262 43
000140263 10
000140264 13
000140265 33
000140266 23
000140267 19
000140268 31
000140269 21
000140270 12
000140272 18
000140274 11
000140275 11
000140276 38
000140277 31
000140278 21
000140279 18
000140280 16
000140281 16
000140283 9
000140284 32
000140285 11
000140286 17
000140287 9
000140288 24
000140289 30
000140290 17
000140292 8
000140294 18
000140295 35
000140296 27
000140297 19
000140298 29
000140299 37
000140300 13
000140301 18
000140302 28
000140303 13
000140304 23
000140305 9
000140306 11
000140307 29
000140309 31
000140310 9
000140311 26
000140312 32
000140313 21
000140314 23
000140315 13
000140316 21
000140317 10
000140318 11
000140319 24
000140320 16
000140321 15
000140322 26
000140323 14
000140324 7
000140326 22
000140327 26
000140328 18
000140329 21
000140330 13
000140331 27
000140334 19
000140336 17
000140338 21
000140339 30
000140340 31
000140342 26
000140343 29
000140344 18
000140345 11
000140346 27
000140347 8
000140348 18
000140349 24
000140350 21
000140352 26
000140353 20
000140354 24
000140355 24
000140356 10
000140357 28
000140358 25
000140360 35
000140361 18
000140362 22
000140363 36
000140364 38
000140365 25
000140366 9
000140367 6
000140368 7
000140369 16
000140370 26
000140371 12
000140372 21
000140373 28
000140374 21
000140376 19
000140377 38
000140378 10
000140379 12
000140380 12
000140382 10
000140383 18
000140384 12
000140386 29
000140389 35
000140390 27
000140391 34
000140392 9
000140393 43
000140394 15
000140395 33
000140396 15
000140397 11
000140398 18
000141403 13
000141405 13
000141406 15
000141407 19
000141408 16
000141409 10
000141411 19
000141412 21
000141413 6
000141414 19
000141415 11
000141416 13
000141418 12
000141419 16
000141420 16
000141422 13
000141423 10
000141424 15
000141425 10
000141427 22
000141428 10
000141429 15
000141430 17
000141431 14
000141432 19
000141433 19
000141435 10
000141436 12
000141438 16
000141440 8
000141441 17
000141442 20
000141443 17
000141444 19
000141445 15
000141446 21
000141447 11
000141448 16
000141449 12
000141450 16
000141451 21
000141453 15
000141454 6
000141456 20
000141460 15
000141461 16
000141463 21
000141464 16
000141465 13
000141466 19
000141467 9
000141468 15
000141470 18
000141471 14
000141474 8
000141475 20
000141476 13
000141477 13
000141478 14
000141479 17
000141480 33
000141481 11
000141482 14
000141483 17
000141484 15
000141485 11
000141487 18
000141488 13
000141489 25
000141491 15
000141493 11
000141494 13
000141495 12
000141496 21
000141497 15
000141498 17
000141499 14
000141500 18
000141501 10
000141502 19
000141503 23
000141504 12
000141505 10
000141506 18
000141507 20
000141508 12
000141509 26
000141510 18
000141511 14
000141512 13
000141513 22
000141514 17
000141515 16
000141516 15
000141518 11
000141519 22
000141520 9
000141521 18
000141522 7
000141523 13
000141524 11
000141525 15
000141526 25
000141527 23
000141528 37
000141529 30
000141530 22
000141531 22
000141532 26
000141533 19
000141534 23
000141535 22
000141536 15
000141538 37
000141539 31
000141540 19
000141541 16
000141542 26
000141544 11
000141545 18
000141546 19
000141547 23
000141548 26
000141551 10
000141552 7
000141553 24
000141554 16
000141555 25
000141556 20
000141557 41
000141558 12
000141559 7
000141560 21
000141561 24
000141562 9
000141563 14
000141564 21
000141565 21
000141566 13
000141567 20
000141568 25
000141569 8
000141570 7
000141571 38
000141574 16
000141575 22
000141576 28
000141577 9
000141578 24
000141579 26
000141580 23
000141581 10
000141582 7
000141584 30
000141585 21
000141586 29
000141587 20
000141588 17
000141589 5
000141590 17
000141591 19
000141592 5
000141593 7
000141594 21
000141595 32
000141596 13
000141597 22
000141599 6
000141600 22
000141601 26
000141602 17
000141603 32
000141604 31
000141606 26
000141607 22
000141608 8
000141609 17
000141610 15
000141611 29
000141612 28
000141613 17
000141614 26
000141616 41
000141617 20
000141618 34
000141621 24
000141622 35
000141623 20
000141625 7
000141626 16
000141628 13
000141629 18
000141630 21
000141631 27
000141632 24
000141633 24
000141634 25
000141636 26
000141637 22
000141638 22
000141639 5
000141640 21
000141641 27
000141642 26
000141644 15
000141645 11
000141646 23
000141647 24
000141648 23
000141649 35
000141651 10
000141652 23
000141655 13
000141656 16
000141657 11
000141658 20
000141659 25
000141661 27
000141663 33
000141664 20
000141667 25
000141669 22
000141671 10
000141672 20
000141673 23
000141674 19
000141678 33
000141679 9
000141680 27
000141681 20
000141682 35
000141684 11
000141685 34
000141687 23
000141688 20
000141690 15
000141692 22
000141693 23
000141694 29
000141696 7
000141697 29
000141698 8
000141700 11
000141701 9
000141702 21
000141703 6
000141704 12
000141705 20
000141707 17
000141708 29
000141709 17
000141710 19
000141711 28
000141712 16
000141713 17
000141715 15
000141716 25
000141718 6
000141719 30
000141720 23
000141721 10
000141722 20
000141723 14
000141724 28
000141725 12
000141726 15
000141728 23
000141729 11
000141730 22
000141733 13
000141734 28
000141735 5
000141736 29
000141738 24
000141739 22
000141740 11
000141741 8
000141742 20
000141743 10
000141745 6
000141747 32
000141748 21
000141749 24
000141750 13
000141751 14
000141752 18
000141753 30
000141754 19
000141755 25
000141756 15
000141757 20
000141758 22
000141759 24
000141761 14
000141762 26
000141763 23
000141764 25
000141765 19
000141766 8
000141767 27
000141768 20
000141769 16
000141770 31
000141771 21
000141774 37
000141775 21
000141777 34
000141778 33
000141780 29
000141781 14
000141782 33
000141783 23
000141784 27
000141785 8
000141786 14
000141787 11
000141788 23
000141789 19
000141790 17
000141791 19
000141793 14
000141794 57
000141795 9
000141796 16
000141798 14
000160005 35
000160006 21
000160008 24
000160018 25
000160021 7
000160022 11
000160023 14
000160024 12
000160027 12
000160028 8
000160036 8
000160037 17
000160040 15
000160042 4
000160045 6
000160046 9
000160047 10
000160049 7
000160051 12
000160054 7
000160055 12
000160056 14
000160063 20
000160064 13
000160066 8
000160069 20
000160070 19
000160074 14
000160079 14
000160093 16
000160094 13
000160096 14
000160098 19
000160099 17
000160101 36
000160102 24
000160103 16
000160104 19
000160105 5
000160108 16
000160111 8
000160119 9
000160120 5
000160121 16
000160122 24
000160123 28
000160126 31
000160141 7
000160142 11
000160146 19
000160147 28
000160150 9
000160151 9
000160160 10
000160165 12
000160171 14
000160174 6
000160176 15
000160185 8
000160187 25
000160188 10
000160189 20
000160193 18
000160209 12
000160215 6
000160216 13
000160218 6
000160220 14
000160222 14
000160224 8
000160225 15
000160226 6
000160227 14
000160228 10
000160230 17
000160231 15
000160237 24
000160239 16
000160245 19
000160251 6
000160252 40
000160253 11
000160256 14
000160257 21
000160259 15
000160265 6
000160266 13
000160267 7
000160268 34
000160269 14
000160271 16
000160272 11
000160276 9
000160279 14
000160280 16
000160281 8
000160282 9
000160284 12
000160285 25
000160286 33
000160288 20
000160290 13
000160295 22
000160298 15
000160299 7
000160300 14
000160301 14
000160304 26
000160306 18
000160307 13
000160308 31
000160310 22
000160311 7
000160312 8
000160315 11
000160317 14
000160318 8
000160319 13
000160325 16
000160330 20
000160331 21
000160333 36
000160335 21
000160337 13
000160338 7
000160339 12
000160340 17
000160342 27
000160345 22
000160346 22
000160347 42
000160349 13
000160350 14
000160353 13
000160358 11
000160359 10
000160361 31
000160363 24
000160364 21
000160365 13
000160367 30
000160370 14
000160372 28
000160373 5
000160374 20
000160378 27
000160379 15
000160381 9
000160383 8
000160386 8
000160387 8
000160388 18
000160390 12
000160393 8
000160394 13
000160397 7
000160399 17
000161403 13
000161409 10
000161413 6
000161415 9
000161417 27
000161422 13
000161423 10
000161428 10
000161431 14
000161440 8
000161443 17
000161444 19
000161446 21
000161454 6
000161456 20
000161461 16
000161467 9
000161471 14
000161473 12
000161474 8
000161477 13
000161478 14
000161479 17
000161483 17
000161485 12
000161487 17
000161488 15
000161490 13
000161491 15
000161492 16
000161493 11
000161494 13
000161495 12
000161497 15
000161500 18
000161501 14
000161502 9
000161503 24
000161504 25
000161505 12
000161511 10
000161513 15
000161514 18
000161516 12
000161517 17
000161518 22
000161526 29
000161530 18
000161531 19
000161532 12
000161539 15
000161540 12
000161543 25
000161546 21
000161547 28
000161551 16
000161552 8
000161553 22
000161554 18
000161556 27
000161558 21
000161560 21
000161561 22
000161566 24
000161569 18
000161570 14
000161573 17
000161575 12
000161576 11
000161581 10
000161585 6
000161586 12
000161587 20
000161588 8
000161590 14
000161598 10
000161600 7
000161601 14
000161602 19
000161610 27
000161611 10
000161614 15
000161616 19
000161617 15
000161618 9
000161621 14
000161624 13
000161625 9
000161626 8
000161628 11
000161629 7
000161637 11
000161638 11
000161647 25
000161653 12
000161654 13
000161655 22
000161659 6
000161662 10
000161664 28
000161665 17
000161672 15
000161674 10
000161678 15
000161681 23
000161686 35
000161691 13
000161703 11
000161710 11
000161726 10
000161727 9
000161734 13
000161740 19
000161741 9
000161745 9
000161749 8
000161750 26
000161755 16
000161758 19
000161763 12
000161771 8
000161772 7
000161773 7
000161775 6
000161779 21
000161780 11
000161781 24
000161783 11
000161789 11
000161791 16
000161792 17
000161796 16
000170001 10
000170002 41
000170003 16
000170004 33
000170005 35
000170006 21
000170008 24
000170009 14
000170010 27
000170011 20
000170012 34
000170013 20
000170014 37
000170016 46
000170017 18
000170018 25
000170019 42
000170020 23
000170022 11
000170023 14
000170024 12
000170025 20
000170026 8
000170027 12
000170028 8
000170029 11
000170030 14
000170031 15
000170033 20
000170034 20
000170035 7
000170036 8
000170037 17
000170038 10
000170039 11
000170040 14
000170041 4
000170042 4
000170043 14
000170044 10
000170045 6
000170046 9
000170047 10
000170049 7
000170050 14
000170052 17
000170053 8
000170054 7
000170056 13
000170057 16
000170058 14
000170060 14
000170062 11
000170063 20
000170064 13
000170066 8
000170067 11
000170068 13
000170069 20
000170070 19
000170071 14
000170072 12
000170073 15
000170074 14
000170075 13
000170076 18
000170077 7
000170078 20
000170079 14
000170080 10
000170081 14
000170082 17
000170083 14
000170084 13
000170085 11
000170086 14
000170087 15
000170088 15
000170089 21
000170090 22
000170091 15
000170092 35
000170093 16
000170094 13
000170095 14
000170096 14
000170098 19
000170099 17
000170100 17
000170101 35
000170102 23
000170103 12
000170104 16
000170105 17
000170106 19
000170107 9
000170108 17
000170109 17
000170111 15
000170112 15
000170113 16
000170114 21
000170115 18
000170117 12
000170118 10
000170120 10
000170121 14
000170122 26
000170123 27
000170124 26
000170126 15
000170127 7
000170129 13
000170130 30
000170131 17
000170132 13
000170133 6
000170134 13
000170137 15
000170138 14
000170139 11
000170141 19
000170142 5
000170144 5
000170145 11
000170147 31
000170148 18
000170149 27
000170150 23
000170151 12
000170152 26
000170153 11
000170154 11
000170155 16
000170157 22
000170158 12
000170159 21
000170160 43
000170161 22
000170162 7
000170163 28
000170164 28
000170165 35
000170166 11
000170167 11
000170168 28
000170169 13
000170170 28
000170171 13
000170172 29
000170173 15
000170174 18
000170175 23
000170176 33
000170177 16
000170178 6
000170179 20
000170180 10
000170181 38
000170182 16
000170183 15
000170184 8
000170185 20
000170186 23
000170187 21
000170188 18
000170189 19
000170190 38
000170191 14
000170192 7
000170193 31
000170194 28
000170195 14
000170196 21
000170197 33
000170198 21
000170199 31
000170201 19
000170203 21
000170204 10
000170205 27
000170206 25
000170207 10
000170208 10
000170209 20
000170210 19
000170211 20
000170212 10
000170213 14
000170214 9
000170216 7
000170217 14
000170218 17
000170219 35
000170220 19
000170221 32
000170222 19
000170223 27
000170224 34
000170225 13
000170226 26
000170227 18
000170228 9
000170229 9
000170230 33
000170231 18
000170233 30
000170234 25
000170235 34
000170236 19
000170239 19
000170240 24
000170241 29
000170242 12
000170243 15
000170244 14
000170245 7
000170246 26
000170247 26
000170248 23
000170249 17
000170251 22
000170252 23
000170253 24
000170255 9
000170256 12
000170257 12
000170258 8
000170259 27
000170260 19
000170261 19
000170262 30
000170263 22
000170264 18
000170265 31
000170266 43
000170267 25
000170268 23
000170269 7
000170270 17
000170271 28
000170272 15
000170273 25
000170274 20
000170275 25
000170277 27
000170278 19
000170279 26
000170280 8
000170281 18
000170282 13
000170283 14
000170284 21
000170285 21
000170286 26
000170287 24
000170288 39
000170289 16
000170290 19
000170291 21
000170292 26
000170293 23
000170294 19
000170295 36
000170296 25
000170297 14
000170298 23
000170299 13
000170300 23
000170301 35
000170302 16
000170303 43
000170304 15
000170305 25
000170306 8
000170307 19
000170308 29
000170309 11
000170311 20
000170312 23
000170313 7
000170314 14
000170315 38
000170316 15
000170317 29
000170318 18
000170319 21
000170320 11
000170321 24
000170322 34
000170323 24
000170324 26
000170325 11
000170326 13
000170327 15
000170328 10
000170329 11
000170330 30
000170331 23
000170332 21
000170333 8
000170334 20
000170335 9
000170336 8
000170337 8
000170338 9
000170339 27
000170340 11
000170341 43
000170342 18
000170343 8
000170344 21
000170345 19
000170346 18
000170347 22
000170350 18
000170352 11
000170353 8
000170354 17
000170355 19
000170356 22
000170357 24
000170358 24
000170359 20
000170360 24
000170361 20
000170362 44
000170363 26
000170364 13
000170365 18
000170366 19
000170367 29
000170368 22
000170369 26
000170370 13
000170371 13
000170372 15
000170373 13
000170374 25
000170375 37
000170376 34
000170377 34
000170378 19
000170379 13
000170380 26
000170381 11
000170382 20
000170383 20
000170384 22
000170385 16
000170386 25
000170387 19
000170388 17
000170389 24
000170390 12
000170391 13
000170392 21
000170393 21
000170394 34
000170395 12
000170396 24
000170397 41
000170398 15
000170399 29
000170400 12
000171401 12
000171402 18
000171403 13
000171404 21
000171405 13
000171406 15
000171407 17
000171408 16
000171409 10
000171411 19
000171412 21
000171413 6
000171414 19
000171415 11
000171416 13
000171418 12
000171419 16
000171421 8
000171422 13
000171423 10
000171424 15
000171425 10
000171426 12
000171428 10
000171429 15
000171430 17
000171431 14
000171432 23
000171433 19
000171434 14
000171435 10
000171436 12
000171438 16
000171439 18
000171440 8
000171441 17
000171442 20
000171443 17
000171444 19
000171445 15
000171446 21
000171447 11
000171448 16
000171449 12
000171450 16
000171451 21
000171452 25
000171453 15
000171454 6
000171457 13
000171458 23
000171459 15
000171460 15
000171463 21
000171464 16
000171465 13
000171466 19
000171467 9
000171468 15
000171469 19
000171470 18
000171471 14
000171472 20
000171473 12
000171474 8
000171475 20
000171476 13
000171477 13
000171478 14
000171479 17
000171480 33
000171481 12
000171482 14
000171483 17
000171484 14
000171485 10
000171487 18
000171488 15
000171489 25
000171490 13
000171491 21
000171492 16
000171493 11
000171495 11
000171496 21
000171497 15
000171498 15
000171499 14
000171500 18
000171501 22
000171502 17
000171503 34
000171504 5
000171505 7
000171506 6
000171507 16
000171508 16
000171509 25
000171510 11
000171511 10
000171512 15
000171513 11
000171514 23
000171515 29
000171516 22
000171517 12
000171518 24
000171519 29
000171520 17
000171521 6
000171522 22
000171524 5
000171525 9
000171528 25
000171529 26
000171530 21
000171531 6
000171532 9
000171534 24
000171535 35
000171536 17
000171537 21
000171538 19
000171539 9
000171540 22
000171541 24
000171542 21
000171543 11
000171544 20
000171545 11
000171546 18
000171547 13
000171548 27
000171549 21
000171550 22
000171551 28
000171552 28
000171553 24
000171554 19
000171555 32
000171556 34
000171557 14
000171559 12
000171560 19
000171561 25
000171562 10
000171563 23
000171564 18
000171565 7
000171566 46
000171567 9
000171568 11
000171571 17
000171572 22
000171573 27
000171574 18
000171575 20
000171576 8
000171577 16
000171578 18
000171579 13
000171580 21
000171581 21
000171582 19
000171583 9
000171584 7
000171585 22
000171586 16
000171587 17
000171588 7
000171589 18
000171590 21
000171591 34
000171592 11
000171593 5
000171595 7
000171596 29
000171597 12
000171598 36
000171600 30
000171601 6
000171602 7
000171603 17
000171604 16
000171605 14
000171606 15
000171607 12
000171609 10
000171610 16
000171611 6
000171612 34
000171613 15
000171614 17
000171615 10
000171616 24
000171617 23
000171618 22
000171619 27
000171620 14
000171621 24
000171622 30
000171623 12
000171624 26
000171625 30
000171626 25
000171627 40
000171628 9
000171629 10
000171630 29
000171632 20
000171633 23
000171634 31
000171635 42
000171636 15
000171637 24
000171638 23
000171639 18
000171640 12
000171641 26
000171642 20
000171643 18
000171644 21
000171645 14
000171646 18
000171647 16
000171649 16
000171651 15
000171652 19
000171653 10
000171654 21
000171655 28
000171656 18
000171657 46
000171658 12
000171659 14
000171660 19
000171661 32
000171662 34
000171664 18
000171665 13
000171666 16
000171667 25
000171668 11
000171669 17
000171671 21
000171673 28
000171674 11
000171675 24
000171677 26
000171678 7
000171679 34
000171680 10
000171681 23
000171682 22
000171683 26
000171684 13
000171685 27
000171686 11
000171687 28
000171688 25
000171689 11
000171690 5
000171691 9
000171692 11
000171693 18
000171694 17
000171696 19
000171697 28
000171698 29
000171699 49
000171700 21
000171701 22
000171702 21
000171703 6
000171704 20
000171705 13
000171706 13
000171707 25
000171708 26
000171709 27
000171710 19
000171711 37
000171712 22
000171713 16
000171714 26
000171715 17
000171717 15
000171718 35
000171719 35
000171721 12
000171722 20
000171723 16
000171724 9
000171726 11
000171727 19
000171729 16
000171730 21
000171731 25
000171732 15
000171733 22
000171734 31
000171735 19
000171736 9
000171737 30
000171738 15
000171739 16
000171740 22
000171741 29
000171742 11
000171743 18
000171744 26
000171745 20
000171746 21
000171747 27
000171748 22
000171749 14
000171750 23
000171751 24
000171752 9
000171753 17
000171754 18
000171755 10
000171756 23
000171758 9
000171759 19
000171760 31
000171761 21
000171762 11
000171763 9
000171764 14
000171765 15
000171766 25
000171767 14
000171769 25
000171770 22
000171771 9
000171772 19
000171773 7
000171775 31
000171776 16
000171777 24
000171778 19
000171779 18
000171780 7
000171781 22
000171782 9
000171783 26
000171784 33
000171785 7
000171786 20
000171787 27
000171788 24
000171789 5
000171790 17
000171791 8
000171792 14
000171793 16
000171795 27
000171797 14
000171798 25
000171799 14
000171800 16
000180001 10
000180002 41
000180003 16
000180004 32
000180006 19
000180007 30
000180008 24
000180009 14
000180010 29
000180011 20
000180012 34
000180013 20
000180014 36
000180015 27
000180016 45
000180017 18
000180018 25
000180019 40
000180020 23
000180021 7
000180023 14
000180024 12
000180025 20
000180026 8
000180027 12
000180028 8
000180029 11
000180030 14
000180031 15
000180032 19
000180035 7
000180037 15
000180038 10
000180039 11
000180040 14
000180041 4
000180042 4
000180043 14
000180044 10
000180045 6
000180046 9
000180048 14
000180049 7
000180050 14
000180052 17
000180054 7
000180055 12
000180056 12
000180057 16
000180058 14
000180059 9
000180060 14
000180061 16
000180062 11
000180063 20
000180065 18
000180066 8
000180067 11
000180068 13
000180069 20
000180070 19
000180072 12
000180074 14
000180075 14
000180076 18
000180077 7
000180078 17
000180079 14
000180080 10
000180081 13
000180082 17
000180083 14
000180084 12
000180085 11
000180086 14
000180088 15
000180089 21
000180090 22
000180091 15
000180092 35
000180093 16
000180094 13
000180095 13
000180096 14
000180097 19
000180098 17
000180099 17
000180100 17
000180101 36
000180102 10
000180103 14
000180104 29
000180105 22
000180106 7
000180107 24
000180108 18
000180109 18
000180110 32
000180111 10
000180112 10
000180113 8
000180116 33
000180117 27
000180118 14
000180119 23
000180120 35
000180121 20
000180122 28
000180123 18
000180124 17
000180125 14
000180126 19
000180127 15
000180128 17
000180129 28
000180130 19
000180131 25
000180132 24
000180133 17
000180134 12
000180135 10
000180136 16
000180137 15
000180138 16
000180139 29
000180141 16
000180142 21
000180143 9
000180145 10
000180146 17
000180147 22
000180148 33
000180149 10
000180150 17
000180151 36
000180152 20
000180153 21
000180155 5
000180156 36
000180157 29
000180158 12
000180159 22
000180160 21
000180161 15
000180162 21
000180163 16
000180164 24
000180165 21
000180166 26
000180167 5
000180168 25
000180169 17
000180170 17
000180171 19
000180172 17
000180173 16
000180174 20
000180175 19
000180176 30
000180177 15
000180178 26
000180180 16
000180181 17
000180182 11
000180183 13
000180184 14
000180185 33
000180186 12
000180187 6
000180189 30
000180190 22
000180191 26
000180192 18
000180193 20
000180194 29
000180195 11
000180196 14
000180197 22
000180198 21
000180199 22
000180200 19
000180201 40
000180202 25
000180203 6
000180204 12
000180205 13
000180206 23
000180207 26
000180208 14
000180209 16
000180210 22
000180211 21
000180212 15
000180213 13
000180214 11
000180215 12
000180216 14
000180217 19
000180218 21
000180219 27
000180220 25
000180221 28
000180222 24
000180223 15
000180224 9
000180225 19
000180226 19
000180227 20
000180228 18
000180229 8
000180230 32
000180231 17
000180232 14
000180233 25
000180234 13
000180235 28
000180236 5
000180237 24
000180238 13
000180239 17
000180240 22
000180241 20
000180242 25
000180243 13
000180244 16
000180245 29
000180246 23
000180247 8
000180248 10
000180249 15
000180250 24
000180251 14
000180252 14
000180253 6
000180254 37
000180255 7
000180256 8
000180257 12
000180258 31
000180259 16
000180260 27
000180261 18
000180262 22
000180263 47
000180264 10
000180265 23
000180267 11
000180268 23
000180269 20
000180270 18
000180271 12
000180272 15
000180273 21
000180274 26
000180275 14
000180276 32
000180277 25
000180278 26
000180279 14
000180280 22
000180281 19
000180282 20
000180283 7
000180284 24
000180286 18
000180287 23
000180288 18
000180289 15
000180290 12
000180291 21
000180292 8
000180293 28
000180294 12
000180295 21
000180296 15
000180297 12
000180298 10
000180299 24
000180300 38
000180301 17
000180302 22
000180303 35
000180304 29
000180305 26
000180306 13
000180307 10
000180308 19
000180309 7
000180310 31
000180311 7
000180312 24
000180313 21
000180314 16
000180315 13
000180316 20
000180317 12
000180318 35
000180319 17
000180320 15
000180321 11
000180322 37
000180323 20
000180324 16
000180325 14
000180326 18
000180327 23
000180328 34
000180329 10
000180330 25
000180331 23
000180332 26
000180333 21
000180334 18
000180335 18
000180336 25
000180337 19
000180338 16
000180339 35
000180340 21
000180341 31
000180342 14
000180343 13
000180344 39
000180345 29
000180346 30
000180347 9
000180348 17
000180351 18
000180352 6
000180353 10
000180354 22
000180355 11
000180356 16
000180357 16
000180358 29
000180359 34
000180360 14
000180361 26
000180362 18
000180363 7
000180364 11
000180366 19
000180367 22
000180368 16
000180369 19
000180370 8
000180371 30
000180372 14
000180373 30
000180374 19
000180375 28
000180376 31
000180377 17
000180378 38
000180379 30
000180380 7
000180381 16
000180382 8
000180383 21
000180384 24
000180385 21
000180386 6
000180387 13
000180388 14
000180389 37
000180390 17
000180391 22
000180392 20
000180393 10
000180394 19
000180395 6
000180396 18
000180397 19
000180398 27
000180399 30
000180400 23
000181401 12
000181402 18
000181403 13
000181404 21
000181405 13
000181406 15
000181407 17
000181408 16
000181409 10
000181410 18
000181411 19
000181412 20
000181413 7
000181414 19
000181415 11
000181416 13
000181417 23
000181418 12
000181419 12
000181420 14
000181422 13
000181423 10
000181424 15
000181425 9
000181426 12
000181427 23
000181428 10
000181429 15
000181430 17
000181431 15
000181432 20
000181433 19
000181434 14
000181435 10
000181436 12
000181437 12
000181438 16
000181439 19
000181440 8
000181441 17
000181442 15
000181443 16
000181444 19
000181445 15
000181446 18
000181447 11
000181448 16
000181449 9
000181451 20
000181452 24
000181453 15
000181454 6
000181455 19
000181457 13
000181459 15
000181460 15
000181461 16
000181462 14
000181463 21
000181464 14
000181465 13
000181466 19
000181467 9
000181468 10
000181469 16
000181470 17
000181471 14
000181472 20
000181473 12
000181474 8
000181475 20
000181476 13
000181477 13
000181479 17
000181480 33
000181481 12
000181483 17
000181484 13
000181485 10
000181486 8
000181487 18
000181488 13
000181489 25
000181490 11
000181491 15
000181492 16
000181493 8
000181494 13
000181495 12
000181496 21
000181497 16
000181498 15
000181499 14
000181500 18
000181501 21
000181502 18
000181503 22
000181504 20
000181505 21
000181507 28
000181508 15
000181511 20
000181512 25
000181513 25
000181514 10
000181517 23
000181518 27
000181519 30
000181520 22
000181521 18
000181522 11
000181523 9
000181524 20
000181525 21
000181526 24
000181528 25
000181529 27
000181530 27
000181531 20
000181532 10
000181533 25
000181534 30
000181535 23
000181536 15
000181537 24
000181538 26
000181539 19
000181540 25
000181541 18
000181542 12
000181543 10
000181545 12
000181546 16
000181550 18
000181552 20
000181553 30
000181554 14
000181555 13
000181556 6
000181557 10
000181558 19
000181559 6
000181561 24
000181562 27
000181563 22
000181564 26
000181565 32
000181566 6
000181567 10
000181568 19
000181570 33
000181572 34
000181573 23
000181574 18
000181575 12
000181576 15
000181577 25
000181578 7
000181579 24
000181580 26
000181581 27
000181582 12
000181583 19
000181584 18
000181585 20
000181586 26
000181587 16
000181588 16
000181589 25
000181591 16
000181592 34
000181593 13
000181594 44
000181596 19
000181597 21
000181600 17
000181602 19
000181603 9
000181604 10
000181605 14
000181606 17
000181607 14
000181608 16
000181609 20
000181611 17
000181612 14
000181613 15
000181614 7
000181616 11
000181617 11
000181618 23
000181619 27
000181620 35
000181622 23
000181623 19
000181624 24
000181625 35
000181626 32
000181627 13
000181628 9
000181629 13
000181630 22
000181631 12
000181632 24
000181633 10
000181634 32
000181635 23
000181636 24
000181637 33
000181638 14
000181639 21
000181640 21
000181641 20
000181642 10
000181643 15
000181644 10
000181645 18
000181646 11
000181647 32
000181648 19
000181649 14
000181650 14
000181651 19
000181652 9
000181653 21
000181654 10
000181655 19
000181656 21
000181657 12
000181659 12
000181660 23
000181661 14
000181662 12
000181663 18
000181664 21
000181665 22
000181666 10
000181667 22
000181668 15
000181669 17
000181670 29
000181671 23
000181672 21
000181673 18
000181674 7
000181675 22
000181676 11
000181677 11
000181678 18
000181679 11
000181681 30
000181682 13
000181683 20
000181684 22
000181686 32
000181687 19
000181688 36
000181689 25
000181690 19
000181691 7
000181692 16
000181693 15
000181694 24
000181695 18
000181696 13
000181697 26
000181698 18
000181699 27
000181700 23
000181701 14
000181702 9
000181703 25
000181704 16
000181705 16
000181706 32
000181707 29
000181708 31
000181709 15
000181710 14
000181711 21
000181712 11
000181713 26
000181714 30
000181715 34
000181716 11
000181717 8
000181718 13
000181719 22
000181720 35
000181721 13
000181722 15
000181725 19
000181726 8
000181727 19
000181728 10
000181729 16
000181730 18
000181731 34
000181732 14
000181733 10
000181734 11
000181737 17
000181738 14
000181739 23
000181740 10
000181741 14
000181743 21
000181745 8
000181746 13
000181747 18
000181748 24
000181749 29
000181750 30
000181751 5
000181752 20
000181753 23
000181754 23
000181755 18
000181756 27
000181757 28
000181758 15
000181759 17
000181760 22
000181761 11
000181762 21
000181764 33
000181765 8
000181766 40
000181767 15
000181768 25
000181769 20
000181770 21
000181771 5
000181772 20
000181775 33
000181776 34
000181778 17
000181779 26
000181780 37
000181781 24
000181782 28
000181783 17
000181784 19
000181785 15
000181786 12
000181787 25
000181790 25
000181791 10
000181792 12
000181793 36
000181794 15
000181795 33
000181796 23
000181797 17
000181798 17
000181799 23
000181800 17
000190001 10
000190002 41
000190003 16
000190005 35
000190006 21
000190007 30
000190008 24
000190009 14
000190010 27
000190011 20
000190012 34
000190013 20
000190014 37
000190016 46
000190017 18
000190019 41
000190020 24
000190021 7
000190024 12
000190025 20
000190026 8
000190027 12
000190028 8
000190029 11
000190030 14
000190031 15
000190032 19
000190033 20
000190034 20
000190036 8
000190037 15
000190038 10
000190039 11
000190040 14
000190041 4
000190042 4
000190043 14
000190044 10
000190045 6
000190046 9
000190047 10
000190048 15
000190049 7
000190050 14
000190052 17
000190053 8
000190054 7
000190056 13
000190057 16
000190058 14
000190059 9
000190060 14
000190061 17
000190062 11
000190063 20
000190064 13
000190065 18
000190067 11
000190070 19
000190071 14
000190072 12
000190073 16
000190074 14
000190075 13
000190076 18
000190077 7
000190078 20
000190079 14
000190081 13
000190082 17
000190083 13
000190084 13
000190085 11
000190086 15
000190087 15
000190088 15
000190089 21
000190090 22
000190091 15
000190092 35
000190093 16
000190094 13
000190095 14
000190096 14
000190097 13
000190098 19
000190099 17
000190101 13
000190102 21
000190103 31
000190104 13
000190105 30
000190106 15
000190107 24
000190108 6
000190109 25
000190110 27
000190111 22
000190112 31
000190114 22
000190116 22
000190117 12
000190118 15
000190119 17
000190120 15
000190121 29
000190123 39
000190124 16
000190125 22
000190126 30
000190127 23
000190128 36
000190129 35
000190130 23
000190131 25
000190132 21
000190133 31
000190134 21
000190135 15
000190136 31
000190137 30
000190138 33
000190139 26
000190140 25
000190141 43
000190142 11
000190143 21
000190144 6
000190146 9
000190147 24
000190148 38
000190150 7
000190151 14
000190152 6
000190153 20
000190154 22
000190155 14
000190156 18
000190157 13
000190158 12
000190159 8
000190160 21
000190161 20
000190162 18
000190163 12
000190164 23
000190165 27
000190167 15
000190168 27
000190169 10
000190170 21
000190171 13
000190172 8
000190173 10
000190174 11
000190175 18
000190176 12
000190177 26
000190178 30
000190179 7
000190180 30
000190181 15
000190182 27
000190183 20
000190184 26
000190185 12
000190186 10
000190188 9
000190189 11
000190190 13
000190191 11
000190192 7
000190193 30
000190194 32
000190195 13
000190196 7
000190198 21
000190199 13
000190200 32
000190201 22
000190202 23
000190203 16
000190204 19
000190205 11
000190207 9
000190208 10
000190209 23
000190210 13
000190211 10
000190212 36
000190213 21
000190214 24
000190215 12
000190216 23
000190217 6
000190218 32
000190219 15
000190220 17
000190221 7
000190222 10
000190223 17
000190224 6
000190225 17
000190226 34
000190227 19
000190228 21
000190229 18
000190230 10
000190231 14
000190232 21
000190233 24
000190234 14
000190235 19
000190236 25
000190238 10
000190239 22
000190240 31
000190241 14
000190242 31
000190245 6
000190247 25
000190248 16
000190249 20
000190250 28
000190251 11
000190252 14
000190253 17
000190255 12
000190256 22
000190257 26
000190258 35
000190259 27
000190260 29
000190261 17
000190262 22
000190263 17
000190264 9
000190265 40
000190266 22
000190267 17
000190269 15
000190270 11
000190271 27
000190272 23
000190273 23
000190274 28
000190275 9
000190276 11
000190277 17
000190278 14
000190279 13
000190280 19
000190282 14
000190283 19
000190284 15
000190285 14
000190286 9
000190288 20
000190289 22
000190290 10
000190291 10
000190292 13
000190293 23
000190295 13
000190296 17
000190297 25
000190298 14
000190299 6
000190300 17
000190301 15
000190302 7
000190303 10
000190304 25
000190305 18
000190306 18
000190307 34
000190308 11
000190309 11
000190310 13
000190311 20
000190312 15
000190313 11
000190314 8
000190315 26
000190317 26
000190320 13
000190321 24
000190322 23
000190323 14
000190324 29
000190325 35
000190326 13
000190327 13
000190328 14
000190329 21
000190330 33
000190331 39
000190332 18
000190333 11
000190335 17
000190337 16
000190338 8
000190340 33
000190341 20
000190342 28
000190343 6
000190344 25
000190345 20
000190346 14
000190347 20
000190348 11
000190349 40
000190350 19
000190351 16
000190352 22
000190353 8
000190354 12
000190355 15
000190356 9
000190357 15
000190358 11
000190359 25
000190360 21
000190361 12
000190362 28
000190364 26
000190365 16
000190366 14
000190367 21
000190369 15
000190371 29
000190372 30
000190374 22
000190375 10
000190376 7
000190377 12
000190378 20
000190379 12
000190380 13
000190381 16
000190382 22
000190383 25
000190385 22
000190388 15
000190389 12
000190390 24
000190391 21
000190392 15
000190393 25
000190394 12
000190395 23
000190397 11
000190399 14
000191402 18
000191403 13
000191404 21
000191405 13
000191406 15
000191407 17
000191408 16
000191409 10
000191411 19
000191412 21
000191413 6
000191414 19
000191415 11
000191416 13
000191418 12
000191422 13
000191423 10
000191424 15
000191426 12
000191427 22
000191429 15
000191430 17
000191432 20
000191433 19
000191434 14
000191435 10
000191436 12
000191438 16
000191439 19
000191440 8
000191441 17
000191442 20
000191443 17
000191444 19
000191445 15
000191446 21
000191447 11
000191448 16
000191449 12
000191450 13
000191451 21
000191452 25
000191453 15
000191454 6
000191457 13
000191460 15
000191463 21
000191464 16
000191465 13
000191466 19
000191467 9
000191470 18
000191471 14
000191472 20
000191473 12
000191474 8
000191475 20
000191476 13
000191477 13
000191478 14
000191479 17
000191480 33
000191481 12
000191482 14
000191483 17
000191485 10
000191487 18
000191488 15
000191489 25
000191490 13
000191494 13
000191495 12
000191496 21
000191497 16
000191498 15
000191499 14
000191501 23
000191502 15
000191503 15
000191504 12
000191505 22
000191506 25
000191508 16
000191509 7
000191510 28
000191511 26
000191512 14
000191513 24
000191514 17
000191515 10
000191516 21
000191517 14
000191520 9
000191521 18
000191523 15
000191524 25
000191525 13
000191526 27
000191527 34
000191528 25
000191529 23
000191530 19
000191531 12
000191532 17
000191534 31
000191537 34
000191538 27
000191539 30
000191540 23
000191541 12
000191542 19
000191544 18
000191545 17
000191546 14
000191548 18
000191551 20
000191552 6
000191553 8
000191554 17
000191555 17
000191556 9
000191557 21
000191558 35
000191560 25
000191564 14
000191565 19
000191566 22
000191567 15
000191568 25
000191569 24
000191573 28
000191574 32
000191575 16
000191576 34
000191577 16
000191579 15
000191580 22
000191581 10
000191584 11
000191585 19
000191586 27
000191587 18
000191588 33
000191593 12
000191595 22
000191596 30
000191597 6
000191598 14
000191599 18
000191600 36
000191601 17
000191602 12
000191603 14
000191604 8
000191605 19
000191607 17
000191608 24
000191609 31
000191610 31
000191611 14
000191612 22
000191613 12
000191615 17
000191616 24
000191617 11
000191618 19
000191619 14
000191621 26
000191624 29
000191625 16
000191626 11
000191627 10
000191628 14
000191629 36
000191630 21
000191631 23
000191636 23
000191637 17
000191638 20
000191639 7
000191640 36
000191641 31
000191643 20
000191647 16
000191650 26
000191651 20
000191652 24
000191655 31
000191657 34
000191658 23
000191659 26
000191660 14
000191661 19
000191662 19
000191663 13
000191664 35
000191666 21
000191667 8
000191668 12
000191670 8
000191671 14
000191674 21
000191677 35
000191678 17
000191681 29
000191682 17
000191685 27
000191686 22
000191687 12
000191688 30
000191690 25
000191693 15
000191695 28
000191698 36
000191700 24
000191709 6
000191711 10
000191712 12
000191714 22
000191718 22
000191719 28
000191721 10
000191722 22
000191724 26
000191726 9
000191730 24
000191731 18
000191738 21
000191739 13
000191740 30
000191741 24
000191742 26
000191743 14
000191744 10
000191745 23
000191746 21
000191747 18
000191748 20
000191750 44
000191754 20
000191755 8
000191756 30
000191757 18
000191758 29
000191760 11
000191761 17
000191762 28
000191764 26
000191766 6
000191767 24
000191769 11
000191771 22
000191772 21
000191773 12
000191774 23
000191775 27
000191776 24
000191777 16
000191778 13
000191780 27
000191781 13
000191782 27
000191783 17
000191784 11
000191785 27
000191786 23
000191787 15
000191788 11
000191789 14
000191790 28
000191791 22
000191793 7
000191794 21
000191795 24
000191796 25
000191797 14
000191798 14
000191799 7
000191800 21
000200001 10
000200002 41
000200003 15
000200004 33
000200005 35
000200006 21
000200007 30
000200008 24
000200009 14
000200010 27
000200011 20
000200012 33
000200013 22
000200014 37
000200015 27
000200016 46
000200017 18
000200018 25
000200019 42
000200020 23
000200021 7
000200022 11
000200023 14
000200024 12
000200025 20
000200026 8
000200027 12
000200028 8
000200029 11
000200030 14
000200031 15
000200032 19
000200033 20
000200034 20
000200035 7
000200036 8
000200037 17
000200038 10
000200039 11
000200040 14
000200041 4
000200042 4
000200043 14
000200044 10
000200045 6
000200046 9
000200047 11
000200048 15
000200049 7
000200050 14
000200051 11
000200052 16
000200053 8
000200054 7
000200055 12
000200056 13
000200057 16
000200058 14
000200059 9
000200060 14
000200061 16
000200062 11
000200063 20
000200064 14
000200065 18
000200066 8
000200067 11
000200068 13
000200069 20
000200070 19
000200071 14
000200072 12
000200073 15
000200074 14
000200075 13
000200076 18
000200077 7
000200078 20
000200079 14
000200080 10
000200081 13
000200082 17
000200083 14
000200084 13
000200085 11
000200086 14
000200087 14
000200088 15
000200089 21
000200090 22
000200091 15
000200092 34
000200093 16
000200094 13
000200095 14
000200096 14
000200097 13
000200098 19
000200099 17
000200100 17
000200101 12
000200102 19
000200103 21
000200104 20
000200105 35
000200106 26
000200107 22
000200108 9
000200109 23
000200110 8
000200111 17
000200112 13
000200113 34
000200114 24
000200115 22
000200116 25
000200117 10
000200118 8
000200119 13
000200120 9
000200121 32
000200122 15
000200123 30
000200124 16
000200125 23
000200126 25
000200127 12
000200128 25
000200129 26
000200130 19
000200131 21
000200132 8
000200133 19
000200134 22
000200135 18
000200136 23
000200137 9
000200138 22
000200139 18
000200140 17
000200141 17
000200142 10
000200143 21
000200144 17
000200145 29
000200146 16
000200147 16
000200148 6
000200149 21
000200150 16
000200151 9
000200152 22
000200153 21
000200154 6
000200155 28
000200156 15
000200157 17
000200158 17
000200159 7
000200160 18
000200161 17
000200162 13
000200163 22
000200164 30
000200165 22
000200166 24
000200167 13
000200168 17
000200169 17
000200170 6
000200171 13
000200172 21
000200173 13
000200174 24
000200175 25
000200176 19
000200177 12
000200178 10
000200179 21
000200180 10
000200181 12
000200182 24
000200183 13
000200184 12
000200185 26
000200186 23
000200187 10
000200188 20
000200189 8
000200190 29
000200191 19
000200192 24
000200193 41
000200194 20
000200195 12
000200196 27
000200197 28
000200198 18
000200199 18
000200200 28
000200201 15
000200202 22
000200203 27
000200204 22
000200205 27
000200206 12
000200207 26
000200208 9
000200209 12
000200211 24
000200212 12
000200213 19
000200214 15
000200215 23
000200216 14
000200217 8
000200218 10
000200219 33
000200220 26
000200221 15
000200222 22
000200224 22
000200225 25
000200226 17
000200227 25
000200228 7
000200229 20
000200230 13
000200231 28
000200233 17
000200234 28
000200235 21
000200236 39
000200237 23
000200238 34
000200239 18
000200240 19
000200241 17
000200242 26
000200243 19
000200244 11
000200245 20
000200246 25
000200247 14
000200248 26
000200249 16
000200250 5
000200251 34
000200252 11
000200253 10
000200254 24
000200255 27
000200256 27
000200257 12
000200258 34
000200259 8
000200260 26
000200261 19
000200262 18
000200264 35
000200265 20
000200266 21
000200267 19
000200268 14
000200269 13
000200270 15
000200271 24
000200272 19
000200273 18
000200274 18
000200275 7
000200276 28
000200277 14
000200278 10
000200279 28
000200280 22
000200281 21
000200282 16
000200283 23
000200284 21
000200285 36
000200286 43
000200287 13
000200288 12
000200289 30
000200290 19
000200291 9
000200292 22
000200293 23
000200294 5
000200295 9
000200296 24
000200297 19
000200301 29
000200302 18
000200303 8
000200304 24
000200305 24
000200306 11
000200307 15
000200308 21
000200309 26
000200310 20
000200311 18
000200312 37
000200313 23
000200314 14
000200315 21
000200317 14
000200318 28
000200319 16
000200322 10
000200323 11
000200324 14
000200325 20
000200326 17
000200327 17
000200328 21
000200329 21
000200330 11
000200331 25
000200333 7
000200334 18
000200335 29
000200337 22
000200338 30
000200339 11
000200340 14
000200341 22
000200342 14
000200344 11
000200346 17
000200348 31
000200349 43
000200350 22
000200351 11
000200354 43
000200355 8
000200356 27
000200359 20
000200361 27
000200364 20
000200365 20
000200366 12
000200367 13
000200368 13
000200370 8
000200371 36
000200372 23
000200373 18
000200374 11
000200375 13
000200376 9
000200377 28
000200378 7
000200379 22
000200380 18
000200381 17
000200382 7
000200383 20
000200384 19
000200385 13
000200386 9
000200388 22
000200389 19
000200390 20
000200391 16
000200392 25
000200393 17
000200394 25
000200395 46
000200396 28
000200397 22
000200398 30
000200399 9
000200400 11
000201401 12
000201402 18
000201403 13
000201404 21
000201405 12
000201406 15
000201407 17
000201408 16
000201409 10
000201410 19
000201411 19
000201412 21
000201413 6
000201414 18
000201415 11
000201416 13
000201417 27
000201418 12
000201419 16
000201421 8
000201422 13
000201423 10
000201424 15
000201425 10
000201426 12
000201427 22
000201428 10
000201429 15
000201430 17
000201431 14
000201432 20
000201433 19
000201434 14
000201435 10
000201436 12
000201437 12
000201438 16
000201439 17
000201440 8
000201441 17
000201442 20
000201443 18
000201444 19
000201445 15
000201446 21
000201447 11
000201448 16
000201449 12
000201450 16
000201451 21
000201452 26
000201453 16
000201454 6
000201456 20
000201457 13
000201458 23
000201459 15
000201460 15
000201461 16
000201463 21
000201464 15
000201465 19
000201466 19
000201467 9
000201468 16
000201469 18
000201470 18
000201471 14
000201472 20
000201473 12
000201474 8
000201475 20
000201476 13
000201478 14
000201479 17
000201480 32
000201481 12
000201482 14
000201483 17
000201484 15
000201485 10
000201486 8
000201487 18
000201488 15
000201489 25
000201490 12
000201491 15
000201492 16
000201494 13
000201495 18
000201496 21
000201497 15
000201498 15
000201499 14
000201500 24
000201501 28
000201502 18
000201503 9
000201504 31
000201505 14
000201506 19
000201507 11
000201508 10
000201509 16
000201510 20
000201511 20
000201512 25
000201513 23
000201514 14
000201515 17
000201516 17
000201517 13
000201518 14
000201519 23
000201520 32
000201521 8
000201522 14
000201523 20
000201524 11
000201525 20
000201526 10
000201527 17
000201528 8
000201529 18
000201530 21
000201531 11
000201532 5
000201533 23
000201534 25
000201535 25
000201536 14
000201537 25
000201538 10
000201539 19
000201540 24
000201542 15
000201543 33
000201544 19
000201545 14
000201546 10
000201547 12
000201548 17
000201549 25
000201550 21
000201551 7
000201552 7
000201553 21
000201554 10
000201555 15
000201556 24
000201557 9
000201558 33
000201559 23
000201560 10
000201561 23
000201562 38
000201563 7
000201564 40
000201565 25
000201566 23
000201567 15
000201568 9
000201569 15
000201570 8
000201571 11
000201572 30
000201573 12
000201574 21
000201575 43
000201577 27
000201578 19
000201579 22
000201580 27
000201581 36
000201582 24
000201583 14
000201584 21
000201585 9
000201586 24
000201587 35
000201588 11
000201589 12
000201590 19
000201591 12
000201592 16
000201593 20
000201594 17
000201595 16
000201596 20
000201597 13
000201598 25
000201599 24
000201600 26
000201601 27
000201602 9
000201603 38
000201604 13
000201605 34
000201606 25
000201607 20
000201608 27
000201609 42
000201610 8
000201611 39
000201612 11
000201613 12
000201614 24
000201615 21
000201616 14
000201617 30
000201618 30
000201619 11
000201620 26
000201621 34
000201622 13
000201623 29
000201624 31
000201625 9
000201626 14
000201627 12
000201628 27
000201629 10
000201630 6
000201631 17
000201632 26
000201633 21
000201634 17
000201635 13
000201636 25
000201637 24
000201638 15
000201639 38
000201641 32
000201642 26
000201643 22
000201644 19
000201645 10
000201646 22
000201647 17
000201648 29
000201649 14
000201650 26
000201651 24
000201652 13
000201653 14
000201654 14
000201655 23
000201656 12
000201657 18
000201658 41
000201659 15
000201660 17
000201661 13
000201662 8
000201663 29
000201664 18
000201665 40
000201666 22
000201667 16
000201668 29
000201669 27
000201670 16
000201671 21
000201672 23
000201673 32
000201674 25
000201675 13
000201676 19
000201677 8
000201678 15
000201679 17
000201680 17
000201681 11
000201682 11
000201683 23
000201684 17
000201685 9
000201686 20
000201687 31
000201688 13
000201689 9
000201690 18
000201691 17
000201692 8
000201693 39
000201694 25
000201695 13
000201696 19
000201697 30
000201698 19
000201699 17
000201700 16
000201701 16
000201702 23
000201703 11
000201704 21
000201705 18
000201706 11
000201707 8
000201708 8
000201709 24
000201710 42
000201711 29
000201712 22
000201713 5
000201714 9
000201715 14
000201716 14
000201717 8
000201718 7
000201719 25
000201720 24
000201721 23
000201722 27
000201723 22
000201724 6
000201725 8
000201726 11
000201727 21
000201728 35
000201729 22
000201730 23
000201731 17
000201733 15
000201734 22
000201735 15
000201736 26
000201737 32
000201738 5
000201739 18
000201740 22
000201741 16
000201742 13
000201743 15
000201744 29
000201745 9
000201746 21
000201747 13
000201748 9
000201749 10
000201750 29
000201751 12
000201752 25
000201753 31
000201754 14
000201755 13
000201756 10
000201757 30
000201758 17
000201759 31
000201760 24
000201761 18
000201762 22
000201763 23
000201765 26
000201766 16
000201767 9
000201768 8
000201769 7
000201770 11
000201771 14
000201772 29
000201773 16
000201774 20
000201775 24
000201776 10
000201777 9
000201778 18
000201779 24
000201780 19
000201781 22
000201782 25
000201783 21
000201784 16
000201785 10
000201786 20
000201787 10
000201788 13
000201789 18
000201790 9
000201791 22
000201792 18
000201793 22
000201794 32
000201795 18
000201796 13
000201797 15
