000831416 60192
000831417 89632
000831418 60160
000831419 63040
000831420 40464
000831421 42800
000831422 56480
000831423 50880
000831424 49600
000831425 54672
000831426 57040
000831427 68320
000831428 42848
000831429 39792
000831430 61552
000831431 43088
000831432 92000
000831433 88640
000831434 71040
000831435 62384
000831437 45936
000831438 63040
000831439 103200
000831440 45760
000831441 60800
000831442 105312
000831443 71072
000831444 99840
000831445 51296
000831446 76512
000831447 53824
000831448 53216
000831449 49744
000831450 55680
000831451 69424
000831452 78400
000831453 62064
000831454 35424
000831455 59280
000831456 78560
000831457 70352
000831458 86400
000831459 49376
000831460 57520
000831461 65808
000831462 44608
000831463 65280
000831464 66400
000831465 51040
000831466 58400
000831467 47680
000831468 75040
000831469 55120
000831470 55584
000831471 58880
000831472 63088
000831473 41584
000831474 42816
000831475 66400
000831476 64464
000831477 66880
000831478 63200
000831479 61760
000831480 117920
000831481 70720
000831482 57568
000831483 50400
000831484 57680
000831485 55680
000831486 49840
000831487 73088
000831488 49712
000831489 119200
000831490 49136
000831491 69088
000831492 65760
000831493 47776
000831494 51840
000831495 53920
000831496 68784
000831497 61056
000831498 51840
000831499 53120
000831500 67840
000831501 99840
000831502 90480
000831503 38880
000831504 125952
000831505 143840
000831506 128479
000831507 45872
000831508 60336
000831509 92848
000831510 62240
000831511 101760
000831512 88384
000831513 72352
000831514 128479
000831515 85120
000831516 114112
000831517 164480
000831518 120672
000831519 46240
000831520 80816
000831521 110240
000831522 91360
000831523 81536
000831524 73712
000831525 65519
000831526 121920
000831527 157760
000831528 101120
000831529 187360
000831530 68960
000831531 98880
000831532 111680
000831533 70176
000831534 44800
000831535 93760
000831536 99680
000831537 61872
000831538 92000
000831539 45920
000831540 59680
000831541 42480
000831542 131360
000831543 54240
000831544 69760
000831545 78560
000831546 102240
000831547 64160
000831548 93792
000831549 120960
000831550 77760
000831551 162560
000831552 54000
000831553 123040
000831554 106992
000831555 99680
000831556 155680
000831557 56304
000831558 45280
000831559 84320
000831560 82080
000831561 156000
000831562 89328
000831563 91680
000831564 60752
000831565 78400
000831566 89360
000831567 110240
000831568 46560
000831569 48480
000831570 58160
000831571 92000
000831572 100320
000831573 128320
000831574 101760
000831575 60000
000831576 103840
000831577 134880
000831578 34880
000831579 81280
000831580 91488
000831581 79680
000831582 72320
000831583 43632
000831584 116160
000831585 53760
000831586 78768
000831587 101120
000831588 64000
000831589 82240
000831590 54240
000831591 68960
000831592 114240
000831593 78720
000831594 105296
000831595 79824
000831596 77120
000831597 111840
000831598 51200
000831599 74400
000831600 97168
000831601 88640
000831602 93920
000831603 67440
000831604 106544
000831605 88000
000831606 50400
000831607 57856
000831608 101600
000831609 55360
000831610 39040
000831611 54560
000831612 40480
000831613 52352
000831614 148000
000831615 82976
000831616 48960
000831617 119952
000831618 59840
000831619 78240
000831620 110400
000831621 82560
000831622 56160
000831623 118720
000831624 131680
000831625 126400
000831626 62368
000831627 70240
000831628 69120
000831629 83680
000831630 71200
000831631 99328
000831632 52304
000831633 81824
000831634 53920
000831635 88320
000831636 114720
000831638 128800
000831639 61120
000831640 99680
000831641 80960
000831642 48960
000831643 113280
000831644 53440
000831645 39344
000831646 181280
000831647 60000
000831649 100000
000831650 66384
000831651 90976
000831652 88208
000831653 112320
000831654 109600
000831655 75360
000831656 61440
000831657 83680
000831658 74576
000831659 84912
000831660 48960
000831661 86512
000831662 101760
000831663 176320
000831664 62400
000831665 105600
000831666 82080
000831667 42400
000831668 155680
000831669 107728
000831670 56320
000831671 90720
000831672 42096
000831673 85760
000831674 108640
000831675 110560
000831676 36320
000831677 106080
000831678 138880
000831679 89280
000831680 162560
000831681 91520
000831682 139680
000831683 77920
000831684 149120
000831686 122240
000831687 136240
000831688 92000
000831689 120000
000831690 94448
000831691 85120
000831692 115200
000831693 140000
000831694 165184
000831695 57952
000831696 86880
000831697 69680
000831698 48000
000831699 85552
000831700 102720
000831701 66560
000831702 84160
000831703 128800
000831704 105440
000831705 104800
000831706 69120
000831707 115360
000831708 72000
000831709 86560
000831710 98880
000831711 130880
000831712 77440
000831713 75680
000831714 108800
000831715 38800
000831717 88160
000831718 117280
000831719 100480
000831720 45120
000831721 56960
000831722 57568
000831723 81600
000831724 60960
000831725 55680
000831726 103680
000831727 86400
000831728 63376
000831729 83200
000831730 62240
000831731 70400
000831732 87680
000831733 103712
000831734 63904
000831735 133440
000831736 74896
000831737 96320
000831738 37856
000831739 71536
000831740 96960
000831741 77632
000831742 80960
000831743 131360
000831744 122112
000831745 165760
000831746 101808
000831747 62880
000831748 49120
000831749 99520
000831750 77856
000831751 102464
000831752 50880
000831753 35312
000831754 70512
000831755 114240
000831756 112160
000831757 139216
000831758 138400
000831759 61280
000831760 69120
000831761 89600
000831762 73280
000831763 90240
000831764 123680
000831765 87840
000831766 85920
000831767 64959
000831768 50080
000831769 87840
000831770 140160
000831771 76000
000831772 118080
000831773 57504
000831774 73920
000831775 85760
000831776 157600
000831777 66496
000831778 108352
000831779 111680
000831780 140800
000831781 173120
000831782 130720
000831783 110400
000831784 58400
000831785 72800
000831786 109920
000831787 99520
000831788 60160
000831789 143024
000831790 74016
000831791 110000
000831792 110560
000831793 96160
000831794 96432
000831795 46896
000831796 58080
000831797 127840
000831798 194720
000831799 112960
000831800 84000
000840001 59200
000840002 165440
000840003 84800
000840004 119488
000840005 170960
000840006 87232
000840007 93936
000840008 114400
000840009 79888
000840012 133600
000840013 101600
000840014 175840
000840015 113120
000840016 168320
000840017 85600
000840018 97552
000840019 147520
000840020 86960
000840021 57392
000840024 55136
000840025 88160
000840026 65280
000840027 59312
000840028 50080
000840029 66560
000840030 73392
000840031 84480
000840032 68960
000840034 95840
000840035 46800
000840036 67984
000840037 82256
000840038 58720
000840039 58784
000840040 76640
000840042 42016
000840043 61280
000840044 45152
000840045 48800
000840046 49120
000840047 52480
000840048 88944
000840049 57040
000840050 69760
000840052 89280
000840053 44320
000840054 46368
000840055 66384
000840057 71360
000840058 77568
000840059 63520
000840060 70080
000840061 69024
000840062 57760
000840063 81680
000840064 61760
000840065 70400
000840066 64592
000840067 60752
000840068 86176
000840069 76416
000840070 70560
000840071 65728
000840072 74064
000840073 75200
000840074 79040
000840075 64048
000840076 107712
000840077 56016
000840078 96208
000840079 73600
000840081 61376
000840082 103680
000840083 66816
000840084 74080
000840085 72480
000840086 67200
000840088 67520
000840089 121280
000840090 88320
000840091 93600
000840092 120384
000840093 84864
000840094 71680
000840095 72640
000840096 78400
000840097 77440
000840098 90880
000840099 78608
000840100 72320
000840101 62240
000840102 88160
000840103 175456
000840104 76368
000840105 121440
000840106 105920
000840107 130720
000840109 81280
000840110 113328
000840111 110080
000840112 72320
000840113 134800
000840114 52000
000840115 86080
000840116 76320
000840117 66128
000840118 101120
000840119 67632
000840120 145120
000840121 63024
000840122 64896
000840123 91744
000840124 60976
000840125 90560
000840126 94880
000840127 152160
000840128 126880
000840129 94560
000840130 89440
000840131 67616
000840132 74080
000840133 93600
000840134 84912
000840135 58080
000840136 130704
000840137 106096
000840138 100352
000840139 85088
000840140 90560
000840141 75696
000840142 103744
000840143 79232
000840144 111520
000840145 153120
000840146 61120
000840147 85280
000840149 78400
000840150 54720
000840151 152960
000840153 126976
000840154 51520
000840155 161280
000840156 70960
000840157 142240
000840158 143040
000840160 107120
000840161 99200
000840162 41968
000840163 114240
000840164 77440
000840165 139520
000840166 150736
000840167 140640
000840168 121920
000840169 68960
000840170 59984
000840171 126720
000840172 119680
000840173 122560
000840174 160000
000840175 142912
000840176 99328
000840177 111184
000840178 114992
000840179 132640
000840180 62128
000840182 60016
000840183 98032
000840184 84800
000840185 129280
000840186 98080
000840187 53472
000840188 134240
000840189 131200
000840190 78704
000840191 96480
000840192 160784
000840193 82368
000840194 100800
000840195 84800
000840196 103360
000840197 71760
000840198 115216
000840201 69600
000840202 129232
000840203 99680
000840206 91360
000840208 85504
000840209 126240
000840211 58160
000840212 103904
000840213 104960
000840214 115840
000840216 111984
000840217 55360
000840218 84240
000840220 124160
000840221 126672
000840222 132640
000840223 139840
000840224 77104
000840225 125984
000840226 76256
000840227 44000
000840228 77472
000840229 81120
000840230 102064
000840231 124320
000840232 112000
000840233 86768
000840234 104480
000840235 80640
000840237 134432
000840238 99040
000840239 155040
000840240 131680
000840241 70448
000840243 104960
000840244 83696
000840245 86160
000840246 111360
000840247 120960
000840248 90400
000840249 58144
000840251 78816
000840252 100640
000840253 59376
000840254 119040
000840258 129919
000840259 137456
000840263 125808
000840267 58912
000840268 105760
000840269 80000
000840270 162240
000840272 129280
000840273 86560
000840274 104320
000840275 123840
000840276 67520
000840277 51088
000840278 65120
000840279 137504
000840281 94736
000840283 124480
000840284 148960
000840285 57600
000840286 195360
000840287 100992
000840288 165760
000840289 73440
000840290 77856
000840291 99520
000840292 97232
000840293 78848
000840294 159360
000840295 72240
000840296 93920
000840297 135792
000840298 91296
000840299 66320
000840300 112640
000840302 124320
000840303 75808
000840304 140624
000840306 92800
000840307 91552
000840308 88048
000840309 78240
000840310 65072
000840311 62272
000840313 111520
000840314 61904
000840317 51696
000840318 73920
000840319 50832
000840320 82080
000840321 152112
000840322 142560
000840324 128000
000840325 89824
000840326 109920
000840327 109104
000840328 47680
000840330 63744
000840332 87648
000840333 67840
000840334 73440
000840336 69696
000840337 125680
000840338 89120
000840339 110720
000840340 136480
000840341 121120
000840342 111040
000840343 49680
000840344 114800
000840345 97504
000840346 92096
000840347 111872
000840349 126160
000840350 117744
000840351 97280
000840354 117760
000840355 48320
000840356 51984
000840357 146608
000840358 90768
000840359 104160
000840360 67136
000840361 68464
000840363 127056
000840364 98384
000840365 129919
000840366 67504
000840368 62992
000840369 54416
000840370 65343
000840371 90880
000840372 126400
000840373 144784
000840374 99536
000840375 152000
000840376 186672
000840377 74240
000840378 108016
000840379 124496
000840380 87856
000840381 160160
000840384 96800
000840385 87296
000840387 79520
000840388 142560
000840389 99360
000840390 79744
000840391 74288
000840392 118400
000840393 87520
000840394 125440
000840395 129919
000840396 69760
000840397 168160
000840398 76480
000840399 101280
000840400 69280
000841402 90144
000841403 80752
000841404 109600
000841407 74256
000841408 86528
000841409 50080
000841411 103040
000841412 104640
000841413 47520
000841414 109280
000841415 64000
000841416 84480
000841418 72640
000841419 65536
000841420 50544
000841422 65920
000841423 52800
000841424 67360
000841426 65120
000841427 84608
000841432 97120
000841433 116000
000841436 76800
000841437 55200
000841439 98880
000841441 71856
000841442 106880
000841443 99104
000841444 112000
000841445 80480
000841447 83360
000841448 81280
000841449 75680
000841450 84368
000841451 79040
000841452 84480
000841453 80800
000841454 45984
000841457 77168
000841458 97776
000841459 58992
000841460 73904
000841461 87280
000841463 100320
000841464 86240
000841465 61440
000841466 80400
000841467 77120
000841468 79408
000841470 74560
000841471 58240
000841472 90816
000841473 59360
000841474 55664
000841475 83888
000841476 77808
000841477 83200
000841478 57216
000841479 77472
000841480 120960
000841482 86240
000841483 63184
000841484 62208
000841485 61680
000841487 93440
000841488 58224
000841489 99680
000841490 60320
000841491 52880
000841493 49936
000841494 68144
000841495 61920
000841496 72160
000841497 59328
000841498 65408
000841500 80800
000841502 64959
000841504 71840
000841505 96464
000841506 116000
000841508 118240
000841509 96624
000841510 176640
000841511 87040
000841512 78512
000841514 84000
000841515 67792
000841516 132960
000841517 177920
000841518 130560
000841519 94400
000841520 98976
000841521 68800
000841523 102704
000841524 78832
000841525 71040
000841526 114880
000841527 134608
000841528 188032
000841529 77552
000841530 108416
000841531 76480
000841532 53472
000841533 108160
000841534 51520
000841535 49568
000841536 97104
000841537 98928
000841538 65760
000841539 104736
000841540 50752
000841541 90080
000841542 113280
000841543 96480
000841544 77312
000841545 184000
000841546 73280
000841550 137760
000841552 71280
000841553 66064
000841554 55776
000841555 173600
000841557 95744
000841558 115040
000841560 80800
000841563 50880
000841565 136672
000841566 104208
000841568 129919
000841570 73840
000841571 77920
000841572 168800
000841576 127040
000841577 156960
000841578 89376
000841579 76496
000841581 108320
000841582 143744
000841583 108304
000841584 102880
000841585 158720
000841586 99440
000841587 134512
000841589 98736
000841590 110720
000841591 124640
000841592 104640
000841593 76208
000841594 50416
000841595 62080
000841597 100480
000841599 80320
000841601 111680
000841602 103360
000841603 130320
000841604 134896
000841606 47200
000841607 124576
000841609 107520
000841610 65888
000841611 45968
000841612 73120
000841613 135680
000841614 54848
000841615 63840
000841616 166240
000841619 75360
000841620 94464
000841621 109424
000841624 80864
000841626 83840
000841627 157728
000841628 52832
000841630 143040
000841631 102928
000841633 124576
000841634 75680
000841636 70448
000841637 115360
000841638 84640
000841639 43824
000841641 119696
000841642 54720
000841643 47376
000841644 152320
000841645 125120
000841646 81216
000841647 76160
000841648 156320
000841649 153712
000841650 96160
000841651 75040
000841652 71648
000841653 82400
000841654 113248
000841655 95360
000841656 174560
000841658 180000
000841660 103056
000841661 96208
000841663 158080
000841664 67536
000841665 116960
000841666 54720
000841667 121840
000841668 160464
000841669 141248
000841670 57824
000841671 113440
000841672 103840
000841673 75680
000841674 66288
000841675 81120
000841676 84192
000841677 140896
000841678 81120
000841679 130864
000841680 81248
000841681 103744
000841682 116480
000841683 81440
000841684 96800
000841685 141792
000841686 98656
000841687 107424
000841688 134080
000841689 124368
000841690 127680
000841691 46912
000841692 83680
000841693 104160
000841694 153760
000841695 112896
000841696 86400
000841697 50048
000841698 122080
000841699 148800
000841700 183840
000841701 82272
000841702 95200
000841703 106288
000841704 81360
000841706 62240
000841708 80352
000841709 83840
000841710 94368
000841711 164320
000841712 174560
000841713 124640
000841715 106080
000841716 142880
000841717 105120
000841718 77120
000841719 76160
000841721 91040
000841722 71680
000841723 84960
000841724 86512
000841725 64480
000841726 77120
000841727 129600
000841728 45728
000841729 64736
000841730 129759
000841732 145920
000841733 144320
000841734 141920
000841735 116384
000841736 128639
000841737 77760
000841738 57120
000841739 77120
000841740 99040
000841741 109376
000841742 124480
000841743 110928
000841744 91520
000841745 90400
000841746 76000
000841747 94080
000841748 131360
000841749 99088
000841750 67408
000841751 105920
000841752 133760
000841753 82560
000841754 111200
000841755 136000
000841756 46528
000841757 101616
000841758 127840
000841759 62720
000841760 113120
000841761 110752
000841762 73376
000841763 137440
000841764 148624
000841766 93632
000841767 77968
000841768 65152
000841769 119664
000841770 84480
000841771 93600
000841772 94368
000841773 99200
000841775 85120
000841777 153136
000841778 166064
000841779 94416
000841780 76480
000841781 134544
000841782 126720
000841783 63632
000841784 98880
000841786 123200
000841787 92032
000841788 144960
000841789 66944
000841790 62496
000841791 99520
000841793 53920
000841794 62560
000841795 149488
000841797 78240
000841798 68160
000841800 147408
000850001 67472
000850002 169600
000850003 96640
000850005 149440
000850006 82720
000850007 105440
000850008 97600
000850009 80160
000850010 97440
000850011 74240
000850014 148960
000850016 165456
000850017 88928
000850018 107520
000850019 160160
000850020 104480
000850021 64480
000850024 75616
000850025 105120
000850026 75056
000850027 75200
000850028 63136
000850029 79424
000850030 84192
000850031 91856
000850032 73664
000850033 94080
000850034 112432
000850036 68320
000850037 99376
000850038 62880
000850039 65760
000850040 76640
000850041 46240
000850042 52960
000850043 78176
000850044 50608
000850045 61280
000850046 62080
000850047 52432
000850048 90080
000850049 67040
000850050 73440
000850052 107520
000850053 62960
000850054 54640
000850055 72528
000850057 83216
000850058 83680
000850059 82880
000850060 96000
000850061 76688
000850063 105920
000850064 72480
000850065 74672
000850068 93600
000850070 71360
000850071 57600
000850072 80176
000850073 74240
000850074 84800
000850075 66080
000850076 108000
000850077 62928
000850078 90880
000850079 77280
000850080 55152
000850081 65600
000850082 99680
000850083 65920
000850085 71840
000850086 75680
000850087 87024
000850089 108560
000850090 81920
000850091 92480
000850092 124480
000850093 87520
000850094 74880
000850095 81120
000850096 68160
000850097 70496
000850098 96640
000850100 78240
000850101 69440
000850102 106624
000850103 84544
000850104 54528
000850105 100640
000850106 90288
000850107 154080
000850108 55984
000850109 144960
000850110 89760
000850112 57600
000850113 147456
000850114 135408
000850115 158048
000850116 116320
000850117 64528
000850118 141120
000850119 110480
000850120 94704
000850121 117760
000850122 92160
000850123 59744
000850124 158880
000850125 134816
000850126 51360
000850128 135200
000850129 78240
000850130 87680
000850131 86432
000850132 96160
000850133 150080
000850134 63632
000850135 68800
000850136 111088
000850138 91488
000850139 65776
000850140 157440
000850142 107840
000850143 60368
000850144 81440
000850145 87200
000850146 54880
000850147 55088
000850148 124320
000850149 132000
000850151 101120
000850152 111536
000850153 91696
000850154 68864
000850157 57440
000850158 131952
000850159 133616
000850160 133280
000850161 111200
000850164 149600
000850165 75264
000850166 146080
000850167 113088
000850168 130848
000850169 157008
000850170 72768
000850171 105936
000850172 66192
000850174 52480
000850175 109600
000850176 100320
000850177 112480
000850178 51840
000850179 63680
000850180 89600
000850181 107360
000850183 136320
000850185 74560
000850186 133440
000850187 114896
000850189 52016
000850193 85376
000850194 107216
000850195 147360
000850196 54032
000850197 145600
000850198 119136
000850199 104960
000850200 72160
000850201 91680
000850202 104960
000850204 98704
000850207 149440
000850208 129280
000850209 81120
000850210 104000
000850211 98400
000850212 92752
000850213 76256
000850214 100960
000850215 84640
000850218 51520
000850219 103680
000850220 58240
000850221 58880
000850222 103200
000850223 91520
000850224 115360
000850225 133920
000850226 86896
000850227 99424
000850228 113392
000850229 70880
000850230 72000
000850231 149600
000850232 140608
000850234 112512
000850235 123200
000850236 105328
000850237 140800
000850238 74176
000850239 70320
000850241 64000
000850242 107520
000850244 102192
000850245 123520
000850246 106112
000850247 117440
000850248 104496
000850249 78400
000850250 167536
000850251 186784
000850252 76112
000850253 89184
000850254 85264
000850255 70704
000850256 94976
000850257 74592
000850258 146320
000850259 92896
000850260 66768
000850261 110400
000850262 105760
000850263 127168
000850265 103584
000850266 120640
000850267 70560
000850268 79840
000850270 70096
000850271 119920
000850272 92960
000850274 69088
000850276 57808
000850277 127072
000850278 73296
000850279 65760
000850280 62240
000850281 101280
000850282 62496
000850283 93696
000850284 107072
000850285 66576
000850287 78864
000850288 87040
000850289 113760
000850291 112592
000850292 93440
000850294 105312
000850295 58048
000850296 54304
000850297 118960
000850298 108480
000850299 113440
000850300 75984
000850301 111520
000850302 154720
000850303 86416
000850304 108160
000850305 165888
000850306 126400
000850307 102976
000850308 74384
000850309 87136
000850310 132480
000850311 146784
000850312 88896
000850314 102560
000850315 153424
000850317 106400
000850318 83728
000850319 147328
000850320 160688
000850321 126496
000850322 89008
000850323 71552
000850324 124848
000850325 110784
000850327 127840
000850328 72800
000850329 105824
000850330 137920
000850331 83888
000850332 132000
000850333 98512
000850334 80640
000850335 127680
000850336 155200
000850337 69440
000850338 77136
000850339 66464
000850341 144640
000850342 113280
000850343 92720
000850344 106224
000850347 117952
000850348 118688
000850349 114880
000850350 105232
000850351 83440
000850352 127360
000850353 72736
000850354 85440
000850355 140480
000850356 124480
000850357 100832
000850358 158864
000850359 76592
000850360 66656
000850361 139184
000850362 131408
000850363 110352
000850364 71360
000850365 86544
000850366 68352
000850367 95520
000850368 58784
000850369 119680
000850371 60880
000850373 62256
000850374 82816
000850375 145120
000850376 114080
000850377 70400
000850378 124976
000850379 75024
000850380 83920
000850382 81760
000850383 91840
000850384 59712
000850387 141600
000850388 86400
000850389 88256
000850390 55840
000850391 110400
000850392 62272
000850393 64416
000850395 126720
000850397 147360
000850398 91680
000850399 77136
000851401 69568
000851402 87328
000851403 74944
000851404 83040
000851405 74576
000851406 61152
000851407 69120
000851408 72544
000851411 84480
000851412 80160
000851413 48560
000851414 109760
000851415 66240
000851416 74080
000851418 68800
000851419 64528
000851422 57120
000851423 52896
000851424 66736
000851425 58240
000851426 67520
000851427 78320
000851428 57760
000851429 51088
000851430 75520
000851431 49280
000851432 78448
000851433 90944
000851434 68128
000851435 63840
000851436 71888
000851438 67344
000851439 101440
000851440 46480
000851441 71040
000851442 73600
000851443 77920
000851444 87248
000851445 65280
000851446 86400
000851447 66176
000851448 63744
000851449 60960
000851450 68320
000851451 76640
000851452 76336
000851453 84912
000851454 50240
000851456 77248
000851457 82240
000851458 88640
000851459 56704
000851460 70080
000851463 78560
000851464 70080
000851465 63680
000851466 70448
000851467 57760
000851468 69568
000851469 71936
000851470 66400
000851471 57120
000851473 52192
000851474 60000
000851475 74864
000851476 74560
000851477 72096
000851478 63040
000851479 73920
000851480 104160
000851482 68000
000851483 61600
000851485 69120
000851487 79200
000851488 63520
000851489 96000
000851490 58800
000851491 66496
000851494 64000
000851495 56416
000851496 64768
000851497 53120
000851498 65600
000851499 71488
000851500 68528
000851501 125120
000851502 136496
000851503 139984
000851504 128160
000851505 91888
000851506 111680
000851507 69104
000851508 110400
000851509 76912
000851510 105888
000851511 91872
000851512 156640
000851513 73408
000851514 79792
000851515 65072
000851516 100800
000851517 119520
000851518 60176
000851519 130720
000851520 96336
000851521 111488
000851522 65280
000851523 67600
000851524 91040
000851525 115472
000851526 71520
000851527 89920
000851528 76320
000851529 101152
000851530 103264
000851531 97104
000851532 69584
000851533 115040
000851534 76000
000851535 123632
000851536 77184
000851537 84000
000851538 100640
000851539 65408
000851540 55440
000851541 62400
000851542 90384
000851543 74624
000851544 127520
000851545 78080
000851546 93888
000851547 53952
000851548 100320
000851549 54304
000851550 68000
000851552 91840
000851553 109280
000851554 56320
000851555 59840
000851556 91680
000851558 67232
000851559 118400
000851560 109280
000851561 89600
000851562 62448
000851563 53392
000851564 108048
000851565 87200
000851566 82240
000851567 87840
000851569 97328
000851570 115520
000851571 50480
000851572 111680
000851573 71424
000851574 125984
000851575 61600
000851577 59040
000851578 87040
000851579 98112
000851580 68960
000851581 70560
000851582 106880
000851583 134080
000851584 96640
000851585 120160
000851586 101536
000851587 91968
000851588 65904
000851589 119840
000851592 73584
000851593 47440
000851595 70720
000851596 102928
000851597 68592
000851598 63520
000851599 145744
000851600 119952
000851601 124112
000851602 58240
000851603 67984
000851604 134560
000851605 80880
000851606 58624
000851607 106080
000851608 81280
000851609 62336
000851610 114240
000851611 51040
000851612 102720
000851613 81600
000851614 111360
000851615 95840
000851616 61408
000851618 97440
000851619 80096
000851620 98752
000851621 87520
000851622 62400
000851624 127200
000851625 120000
000851626 85600
000851627 121760
000851628 72416
000851629 64384
000851630 106880
000851631 71680
000851632 111360
000851633 87840
000851634 68032
000851635 58560
000851636 138720
000851637 78400
000851638 82640
000851639 96640
000851640 111520
000851641 71264
000851642 76064
000851643 51936
000851644 114080
000851645 67200
000851646 73280
000851647 103760
000851648 65600
000851649 63504
000851650 53760
000851651 112160
000851652 59104
000851653 117920
000851655 90880
000851656 94560
000851657 55168
000851658 90624
000851659 72528
000851660 75328
000851661 89792
000851662 76448
000851663 106560
000851664 104880
000851665 64160
000851666 99744
000851667 91200
000851668 86496
000851669 70448
000851670 109120
000851672 79040
000851673 69120
000851674 66832
000851675 115952
000851676 89232
000851677 56960
000851678 76912
000851679 64319
000851681 60320
000851682 121280
000851684 102240
000851685 119520
000851686 131039
000851687 83984
000851688 107680
000851689 112480
000851690 60752
000851691 129280
000851692 89120
000851693 78400
000851694 81824
000851695 103680
000851696 70880
000851697 106400
000851698 125440
000851699 105920
000851700 49920
000851701 115680
000851702 88032
000851703 70928
000851704 44016
000851705 76784
000851706 124640
000851707 69744
000851709 71680
000851710 51504
000851711 115360
000851712 86672
000851713 73120
000851714 104800
000851715 109120
000851716 53376
000851717 69040
000851718 61280
000851719 102432
000851720 61120
000851722 71520
000851723 92480
000851724 123664
000851725 125600
000851727 69440
000851728 86880
000851729 75040
000851730 63520
000851731 41024
000851735 72960
000851736 96480
000851737 112080
000851738 78240
000851740 79104
000851741 50928
000851742 84240
000851743 143200
000851744 85632
000851745 98400
000851746 77120
000851747 80560
000851748 73760
000851749 68160
000851750 63552
000851751 105904
000851752 88800
000851753 141120
000851754 92576
000851755 61760
000851756 76880
000851757 108480
000851758 97440
000851759 87680
000851760 66400
000851761 74560
000851762 51824
000851763 82880
000851764 100608
000851765 76800
000851766 58912
000851767 85440
000851768 84960
000851769 72800
000851770 91648
000851771 107680
000851772 56480
000851773 119360
000851775 68320
000851776 134240
000851777 71360
000851778 83840
000851779 104832
000851780 98080
000851781 62144
000851782 82080
000851783 81664
000851784 121120
000851785 96832
000851786 79200
000851787 88160
000851788 101120
000851789 69760
000851791 73920
000851792 77680
000851793 45920
000851794 79840
000851795 63520
000851796 117760
000851797 81312
000851798 91360
000851799 80672
000860001 60432
000860002 207680
000860003 94400
000860004 120800
000860005 162400
000860006 85920
000860007 102240
000860008 106240
000860009 82240
000860010 103840
000860012 170400
000860013 104960
000860014 183840
000860015 154272
000860016 176960
000860017 97760
000860018 99840
000860019 179840
000860020 96960
000860021 63040
000860023 77920
000860024 60000
000860025 95840
000860026 60848
000860028 52272
000860030 67680
000860032 65280
000860033 130096
000860034 89712
000860036 68400
000860039 67360
000860040 70320
000860042 38208
000860043 67136
000860044 46032
000860046 46304
000860048 77600
000860050 56960
000860056 89920
000860057 93440
000860058 60000
000860061 70816
000860063 80896
000860066 49552
000860069 83696
000860070 62368
000860074 76000
000860075 65440
000860076 114720
000860078 96320
000860079 62080
000860081 59520
000860082 104320
000860083 60960
000860084 69120
000860085 74048
000860086 74560
000860087 72320
000860088 94144
000860089 119520
000860090 96880
000860091 86560
000860092 107520
000860093 90880
000860094 68960
000860095 72960
000860096 121760
000860097 87680
000860098 94880
000860099 71392
000860100 79840
000860101 109648
000860102 150240
000860103 64800
000860104 94400
000860105 80640
000860106 97920
000860107 61600
000860108 150400
000860111 109440
000860113 126400
000860114 140800
000860115 129600
000860117 51344
000860118 97120
000860119 145600
000860121 70768
000860122 63680
000860123 115360
000860124 80640
000860126 168800
000860127 65920
000860128 130400
000860130 67040
000860131 120960
000860133 100320
000860135 46720
000860136 63840
000860137 157440
000860138 69552
000860139 75840
000860140 117440
000860141 121600
000860142 81600
000860143 58400
000860144 127296
000860145 49232
000860146 156160
000860147 97056
000860148 194720
000860150 127520
000860151 117760
000860153 104352
000860155 181040
000860157 105120
000860158 103200
000860159 200480
000860160 118080
000860163 54944
000860164 42560
000860165 135520
000860166 67360
000860168 72320
000860169 58096
000860170 104640
000860171 123680
000860172 45440
000860173 57760
000860174 67360
000860175 58240
000860176 161600
000860177 111200
000860178 104320
000860179 47392
000860180 128639
000860182 140784
000860183 152000
000860184 53472
000860185 121440
000860186 174720
000860188 71344
000860189 52720
000860190 109760
000860191 90720
000860192 56832
000860193 128479
000860194 71520
000860195 76800
000860196 140480
000860198 84320
000860199 65280
000860200 106880
000860202 92912
000860203 166720
000860204 103200
000860205 118720
000860206 42928
000860208 56864
000860210 150720
000860211 66080
000860212 145920
000860213 183520
000860214 88320
000860216 131840
000860217 63504
000860218 56160
000860219 86240
000860220 137920
000860223 67040
000860224 86400
000860225 138384
000860226 101920
000860227 57008
000860228 132624
000860229 106400
000860230 180000
000860231 45120
000860232 91200
000860233 166720
000860234 157568
000860237 59680
000860240 88640
000860241 63664
000860242 132800
000860243 131360
000860244 156000
000860245 155840
000860246 120800
000860247 114080
000860248 61600
000860249 64319
000860250 100000
000860251 121280
000860252 59840
000860254 109920
000860255 62880
000860256 70880
000860257 155840
000860258 127248
000860259 109440
000860261 84960
000860262 169120
000860264 144496
000860265 87200
000860266 68320
000860267 63840
000860268 53120
000860270 133984
000860271 133040
000860272 151696
000860273 59520
000860274 59200
000860275 76320
000860276 141120
000860277 106560
000860278 152320
000860279 116480
000860280 47360
000860281 70720
000860282 145760
000860283 90416
000860284 127680
000860285 71840
000860286 121280
000860287 141600
000860288 84960
000860289 43024
000860290 125120
000860291 103040
000860292 95872
000860293 143840
000860294 47520
000860295 97440
000860296 101568
000860297 136640
000860298 105920
000860299 123744
000860300 144480
000860301 156640
000860302 149920
000860303 80000
000860304 120480
000860308 127680
000860309 74080
000860310 60800
000860311 74720
000860312 153120
000860313 126080
000860314 131520
000860315 127200
000860316 57920
000860317 135184
000860318 121600
000860319 96000
000860320 56640
000860321 80000
000860323 107840
000860324 86240
000860325 132960
000860326 119472
000860328 60640
000860329 123040
000860330 114992
000860331 64319
000860332 157920
000860333 165600
000860334 66080
000860337 115200
000860338 71520
000860339 55840
000860340 108800
000860342 108000
000860343 155520
000860344 76480
000860345 116960
000860346 134720
000860348 122880
000860350 167040
000860351 104000
000860358 95984
000860359 104320
000860361 105760
000860362 124000
000860363 184000
000860366 142912
000860367 82720
000860368 149040
000860369 181120
000860370 74880
000860371 112000
000860372 42160
000860373 162720
000860376 59680
000860377 77600
000860379 55104
000860382 82256
000860383 116800
000860384 85920
000860385 98880
000860386 118560
000860388 122080
000860389 109248
000860390 94240
000860391 47168
000860392 137120
000860393 89120
000860394 47840
000860395 98720
000860396 132800
000860398 53728
000860399 69600
000860400 114080
000861401 66816
000861402 87200
000861403 69920
000861404 83456
000861405 64640
000861406 63408
000861407 67840
000861408 88160
000861411 85280
000861412 91680
000861413 40480
000861414 89280
000861415 64800
000861416 92816
000861417 91568
000861418 62080
000861419 59040
000861420 47168
000861421 44800
000861422 56480
000861423 52160
000861424 53440
000861425 70080
000861426 72000
000861427 86720
000861428 52800
000861429 61472
000861430 74560
000861431 57808
000861432 95520
000861433 110560
000861434 66720
000861435 55680
000861436 67040
000861437 51328
000861438 81680
000861439 106848
000861441 88160
000861442 107520
000861443 64319
000861444 94400
000861447 69520
000861449 59680
000861450 66544
000861451 80640
000861454 59360
000861456 77600
000861457 73648
000861458 110384
000861459 53664
000861460 64336
000861463 83200
000861464 75840
000861465 59312
000861466 86288
000861467 57760
000861468 80592
000861469 78720
000861470 68672
000861471 49904
000861472 67072
000861474 57280
000861475 72960
000861476 79680
000861477 82880
000861479 67552
000861480 88000
000861481 82080
000861482 68320
000861483 58400
000861484 64928
000861485 62880
000861486 57728
000861487 87520
000861488 59072
000861489 98880
000861490 66080
000861492 67952
000861494 57760
000861495 62560
000861496 82880
000861497 53600
000861498 67360
000861499 65888
000861500 95840
000861501 83680
000861502 150240
000861503 91264
000861504 165920
000861506 138400
000861507 104368
000861508 51184
000861509 58256
000861510 53920
000861511 62880
000861512 71200
000861513 108960
000861515 91680
000861517 111200
000861518 51408
000861519 81952
000861523 95680
000861524 127040
000861525 88640
000861527 155520
000861528 68736
000861529 125280
000861530 67520
000861531 99520
000861532 138640
000861533 148000
000861534 83360
000861535 115040
000861536 154720
000861537 126880
000861538 129280
000861539 110400
000861540 73312
000861542 78816
000861543 78240
000861544 61600
000861545 77760
000861546 112320
000861547 78080
000861548 47520
000861549 73600
000861550 74240
000861551 70992
000861553 133120
000861554 80000
000861555 49008
000861556 99312
000861557 107200
000861558 88320
000861559 48672
000861561 93120
000861562 54400
000861563 49056
000861564 112112
000861565 63536
000861566 55840
000861568 84800
000861570 113440
000861571 78400
000861572 136960
000861573 65312
000861575 76608
000861576 105920
000861577 52912
000861578 65440
000861579 71984
000861580 104800
000861582 139680
000861583 113280
000861584 54880
000861585 115520
000861587 120640
000861588 79040
000861589 56480
000861591 74944
000861592 49984
000861593 86320
000861594 97280
000861596 72000
000861597 144960
000861598 103200
000861599 80000
000861600 115360
000861601 129759
000861602 131520
000861603 88160
000861604 91392
000861605 61440
000861606 87520
000861607 82400
000861608 52304
000861609 98400
000861610 66960
000861611 90240
000861612 78976
000861613 131520
000861614 88800
000861616 114240
000861617 83360
000861619 101120
000861620 174240
000861621 140032
000861622 92640
000861623 118240
000861624 51184
000861625 89984
000861626 83360
000861627 95280
000861629 125120
000861630 61920
000861631 78080
000861632 73280
000861633 87200
000861634 104480
000861635 130720
000861636 113280
000861637 102080
000861638 85280
000861639 73280
000861640 135360
000861641 63360
000861642 77440
000861643 145440
000861644 130720
000861645 128320
000861646 57440
000861647 97088
000861649 96480
000861650 84320
000861651 127520
000861652 134880
000861653 100160
000861654 63200
000861655 132160
000861656 72000
000861657 104160
000861658 110880
000861659 45792
000861661 51360
000861662 141760
000861663 94880
000861664 85120
000861665 63840
000861666 153440
000861667 108000
000861668 146240
000861669 94816
000861670 154080
000861671 120640
000861673 153760
000861674 67376
000861675 82080
000861677 111040
000861678 141120
000861680 103520
000861681 54560
000861683 70752
000861684 132800
000861685 97600
000861687 79520
000861688 129440
000861689 108160
000861690 114560
000861692 75536
000861694 134240
000861695 130080
000861696 113264
000861699 124640
000861700 109120
000861701 71840
000861702 67424
000861705 106080
000861706 104480
000861708 96800
000861709 81920
000861710 119200
000861711 62880
000861712 83680
000861713 91680
000861714 84208
000861715 57760
000861716 92592
000861718 131680
000861719 55840
000861721 65744
000861722 41216
000861723 72800
000861724 76960
000861725 101760
000861726 90720
000861727 180320
000861729 84128
000861731 92640
000861732 131200
000861733 169440
000861734 69760
000861735 117600
000861737 84480
000861738 136960
000861739 68160
000861741 88512
000861742 65600
000861743 67680
000861746 78240
000861748 133120
000861749 125440
000861750 58736
000861751 50800
000861752 93120
000861753 104960
000861754 80640
000861755 78592
000861757 110560
000861758 88832
000861760 74752
000861761 88640
000861762 88544
000861763 68000
000861764 108320
000861765 70720
000861766 78080
000861767 109920
000861768 103200
000861769 76640
000861770 67568
000861771 81120
000861772 105920
000861773 95200
000861774 67200
000861776 137600
000861777 146080
000861778 114560
000861781 103104
000861782 112640
000861783 119840
000861784 90048
000861785 55200
000861786 90560
000861787 83200
000861788 69920
000861789 88480
000861790 111840
000861791 87360
000861792 109328
000861793 71680
000861794 66560
000861795 98720
000861796 95680
000861797 68960
000861798 85872
000861799 72160
000861800 118000
000870001 64959
000870002 138720
000870003 77280
000870004 99728
000870005 130383
000870006 80640
000870007 86240
000870008 83392
000870009 66160
000870010 84480
000870012 123520
000870014 119200
000870015 102240
000870016 135840
000870017 75280
000870018 79040
000870019 121600
000870020 72320
000870021 44288
000870024 56960
000870025 72480
000870026 51968
000870027 50880
000870028 48448
000870029 55264
000870030 60256
000870031 61744
000870032 61712
000870033 70320
000870034 89920
000870036 53120
000870037 74560
000870038 55072
000870039 56000
000870040 65280
000870041 33920
000870042 39760
000870043 54560
000870044 50560
000870045 41456
000870046 44144
000870047 43904
000870048 70880
000870050 51728
000870051 44816
000870052 72016
000870053 42720
000870054 41296
000870055 52368
000870056 58832
000870057 68320
000870058 55200
000870059 54016
000870060 58880
000870061 52640
000870062 52416
000870063 72960
000870064 65440
000870065 59200
000870067 50560
000870068 68800
000870069 62032
000870070 56160
000870071 48000
000870072 61312
000870073 60160
000870074 64959
000870075 51792
000870076 84256
000870077 60016
000870078 77408
000870079 62720
000870080 42864
000870081 53280
000870082 75552
000870083 56480
000870084 64640
000870085 58928
000870086 57536
000870087 72432
000870088 60384
000870089 88640
000870090 72800
000870091 73760
000870092 91040
000870093 70240
000870094 59360
000870095 61600
000870096 66400
000870097 55328
000870098 80416
000870100 66560
000870101 77680
000870102 56768
000870104 113456
000870107 111840
000870108 54048
000870109 99440
000870110 95840
000870112 77600
000870113 49632
000870115 88448
000870116 54912
000870117 97952
000870119 82864
000870120 71168
000870121 38768
000870122 60640
000870123 49120
000870124 54080
000870125 89600
000870127 74512
000870128 87504
000870129 63568
000870130 47072
000870131 68464
000870132 103344
000870133 76160
000870135 83280
000870136 63584
000870139 48048
000870140 64048
000870141 61488
000870142 109712
000870143 72752
000870144 89344
000870145 47040
000870146 45280
000870148 95040
000870149 87200
000870150 60960
000870151 63040
000870152 123520
000870153 113280
000870154 86064
000870155 70400
000870156 109600
000870157 90560
000870158 84224
000870159 85696
000870160 61920
000870161 130080
000870162 69920
000870163 119472
000870164 60640
000870165 89920
000870166 89760
000870170 95968
000870171 46976
000870172 99040
000870173 68336
000870174 62592
000870175 91840
000870177 59216
000870178 72992
000870179 84160
000870180 90064
000870181 53008
000870182 70544
000870184 51200
000870186 98400
000870187 62560
000870189 88000
000870190 81824
000870191 87072
000870192 91696
000870193 60352
000870194 87648
000870195 78416
000870196 51264
000870197 65248
000870199 105440
000870200 76640
000870201 103520
000870202 73232
000870206 63520
000870207 51200
000870208 90240
000870209 56000
000870210 70880
000870211 51216
000870212 92832
000870213 134032
000870215 70400
000870216 61696
000870218 91360
000870219 103360
000870220 94240
000870221 134304
000870222 77440
000870224 103408
000870225 53200
000870227 52800
000870228 82752
000870229 84800
000870230 62304
000870231 124320
000870232 98720
000870233 62992
000870234 104640
000870236 42560
000870237 83856
000870238 61760
000870239 39664
000870241 65312
000870242 75840
000870243 68672
000870244 110064
000870245 120640
000870246 93392
000870247 85440
000870248 63552
000870249 90880
000870251 56960
000870252 68752
000870254 50224
000870255 73440
000870256 120160
000870258 57168
000870259 95904
000870260 145360
000870261 68816
000870262 107184
000870263 93456
000870265 59840
000870266 58240
000870267 114880
000870268 122560
000870269 94560
000870270 97760
000870271 104624
000870272 142528
000870273 99904
000870274 81376
000870275 91840
000870276 101600
000870277 83760
000870278 65280
000870279 91840
000870280 54064
000870281 76640
000870283 109088
000870284 54768
000870285 133248
000870286 49232
000870287 101360
000870289 107472
000870290 59664
000870291 72800
000870293 60000
000870294 71680
000870295 53600
000870296 116624
000870297 106400
000870298 88000
000870299 66752
000870300 114560
000870301 79216
000870302 94560
000870303 101760
000870304 47200
000870305 82400
000870306 65536
000870307 92192
000870308 67760
000870309 74592
000870310 104000
000870312 56800
000870313 92064
000870314 64992
000870315 63200
000870321 103936
000870322 131104
000870323 116064
000870324 73344
000870325 64751
000870326 63408
000870327 83488
000870328 78080
000870329 90400
000870330 55040
000870331 134544
000870332 53504
000870333 109600
000870334 94048
000870335 116000
000870336 74528
000870337 73840
000870338 74400
000870339 76544
000870340 75936
000870341 89280
000870343 113248
000870344 74080
000870345 131440
000870346 137600
000870347 102192
000870348 102144
000870349 48400
000870350 100192
000870351 65712
000870352 88800
000870353 64640
000870355 83520
000870356 99360
000870357 77424
000870358 48912
000870359 47008
000870360 83168
000870362 120896
000870363 110080
000870364 67360
000870365 75760
000870366 106400
000870367 58880
000870368 123568
000870369 92960
000870370 73856
000870371 116800
000870372 89200
000870373 53600
000870374 45280
000870375 97504
000870376 75040
000870377 70080
000870378 81568
000870379 107168
000870381 66944
000870383 62560
000870384 85440
000870385 61376
000870386 122464
000870387 73600
000870388 62752
000870389 53920
000870390 100480
000870391 132912
000870392 58464
000870393 137600
000870394 68960
000870395 51680
000870396 96112
000870398 65920
000870399 100320
000870400 62560
000871401 57616
000871402 73600
000871403 61760
000871404 78256
000871405 65120
000871406 56496
000871407 59520
000871408 69440
000871409 46128
000871410 56880
000871411 69920
000871412 66880
000871413 42400
000871414 84320
000871415 56960
000871416 63328
000871419 53248
000871422 52672
000871423 43616
000871424 54880
000871425 52480
000871426 53456
000871427 63824
000871428 49248
000871429 50704
000871430 63360
000871431 42736
000871432 67200
000871433 70032
000871434 55488
000871435 48960
000871436 64959
000871438 57904
000871440 42656
000871441 60000
000871442 58208
000871443 61888
000871444 72144
000871445 49024
000871447 58432
000871448 53088
000871449 57280
000871450 64480
000871451 69280
000871452 72160
000871453 74080
000871454 42560
000871457 61456
000871458 74240
000871459 48464
000871460 51808
000871461 55472
000871463 60592
000871464 63920
000871465 52848
000871466 65280
000871467 50080
000871468 65760
000871469 68784
000871470 59648
000871471 53120
000871473 46704
000871474 53760
000871475 67200
000871476 55536
000871477 58496
000871478 60720
000871479 62720
000871480 79840
000871481 57568
000871482 57536
000871483 51392
000871485 56048
000871487 64640
000871488 55392
000871489 78240
000871490 50768
000871491 54864
000871494 62560
000871495 55520
000871496 57232
000871497 49936
000871498 61168
000871499 61072
000871500 63520
000871501 79040
000871502 93872
000871503 133392
000871504 73728
000871505 73264
000871506 57488
000871507 72640
000871508 127520
000871509 106512
000871510 62080
000871511 62160
000871512 61920
000871513 134560
000871515 96640
000871516 119872
000871517 76960
000871518 59040
000871520 70832
000871521 42240
000871522 57040
000871523 55200
000871524 62960
000871526 55728
000871527 73120
000871528 57744
000871529 124704
000871530 57120
000871531 64239
000871532 54176
000871533 73312
000871534 61024
000871535 85440
000871536 91760
000871537 65584
000871538 56128
000871539 129759
000871540 60480
000871541 95840
000871542 103728
000871543 79520
000871544 79360
000871545 73440
000871546 79440
000871547 59984
000871548 85888
000871549 86128
000871550 92048
000871551 98768
000871552 99088
000871553 158672
000871554 84160
000871555 75936
000871556 57120
000871557 80832
000871558 73120
000871559 118080
000871560 112160
000871561 83200
000871562 102240
000871563 80688
000871564 85280
000871565 91440
000871566 62528
000871568 81600
000871569 99680
000871570 78448
000871571 46080
000871572 145600
000871573 43072
000871574 66992
000871575 85600
000871576 52032
000871577 79376
000871578 82880
000871580 89408
000871581 52720
000871582 93952
000871583 85328
000871584 84896
000871585 66592
000871586 89088
000871587 75840
000871588 107840
000871589 91840
000871590 119536
000871591 102240
000871592 73248
000871593 51456
000871594 67968
000871595 83648
000871596 77584
000871597 87280
000871598 46640
000871599 103440
000871600 66688
000871601 69600
000871602 68016
000871603 66112
000871604 53120
000871605 101120
000871606 112496
000871607 77152
000871608 49440
000871609 51520
000871610 63216
000871612 111840
000871613 48064
000871614 84768
000871615 165648
000871616 50240
000871618 87360
000871619 129280
000871620 67200
000871621 108640
000871622 78560
000871623 74688
000871625 126560
000871626 72960
000871627 122592
000871628 72000
000871629 63360
000871630 76160
000871631 52160
000871632 110880
000871633 47040
000871634 82496
000871637 104000
000871639 45280
000871640 67680
000871641 41232
000871642 45424
000871643 103632
000871644 84304
000871645 79840
000871646 40640
000871647 92800
000871648 61568
000871649 73648
000871650 68176
000871651 65600
000871652 102400
000871653 78768
000871654 106880
000871655 100416
000871656 80224
000871657 70720
000871658 59248
000871659 132496
000871660 54832
000871661 53200
000871662 42240
000871663 70064
000871664 54080
000871665 101712
000871666 68640
000871667 97568
000871668 56208
000871669 76160
000871670 77120
000871671 68672
000871672 112800
000871673 89600
000871674 113600
000871675 108960
000871676 69760
000871677 85120
000871678 68032
000871679 72800
000871680 93600
000871681 120800
000871682 88480
000871684 87584
000871685 88752
000871686 90720
000871687 107840
000871688 114880
000871689 54880
000871690 65888
000871692 123040
000871693 76800
000871694 88384
000871695 98368
000871696 100640
000871697 57328
000871698 65664
000871699 96640
000871700 47040
000871701 66832
000871702 84144
000871703 68160
000871704 56480
000871705 70080
000871706 44640
000871707 74880
000871708 65920
000871709 94976
000871710 95168
000871711 84640
000871712 61280
000871713 96960
000871714 130720
000871715 44800
000871716 59280
000871717 57632
000871718 50944
000871720 86560
000871721 61120
000871722 97600
000871723 58880
000871724 112160
000871725 75840
000871726 41600
000871727 73760
000871728 109280
000871729 124896
000871730 120320
000871731 103360
000871733 73760
000871734 45120
000871735 72000
000871736 104800
000871737 80992
000871738 65200
000871739 54880
000871740 78880
000871741 67680
000871742 107040
000871743 50720
000871744 118560
000871745 100640
000871746 76928
000871747 87200
000871748 117920
000871749 128960
000871750 93760
000871751 91120
000871752 89088
000871753 78400
000871754 87040
000871755 64959
000871756 72320
000871758 110480
000871759 87504
000871760 104960
000871761 103440
000871762 142720
000871763 125120
000871764 74720
000871765 54560
000871766 56704
000871767 91040
000871769 100160
000871771 93440
000871772 84192
000871773 141760
000871774 38128
000871775 70736
000871776 75520
000871777 45856
000871778 84800
000871779 57504
000871780 59200
000871781 41936
000871782 75792
000871783 40000
000871784 45440
000871785 113600
000871786 104800
000871787 77440
000871788 60512
000871789 42720
000871790 54560
000871791 57920
000871792 65536
000871793 70560
000871794 75200
000871795 42224
000871796 71264
000871797 79440
000871798 119840
000871799 137504
000871800 135040
000880001 66304
000880002 151040
000880003 73920
000880004 93280
000880005 118080
000880007 88480
000880008 80160
000880009 63200
000880010 88160
000880011 63824
000880012 112160
000880014 122240
000880015 96160
000880016 138240
000880017 76912
000880018 88432
000880019 130880
000880020 81760
000880021 46832
000880022 57360
000880023 64640
000880024 57680
000880025 80160
000880026 57920
000880027 56480
000880028 49760
000880029 61600
000880030 60464
000880031 68960
000880032 61520
000880033 75520
000880034 96848
000880035 41696
000880036 56160
000880037 77280
000880038 53280
000880039 57600
000880040 64319
000880041 29584
000880042 39040
000880043 54400
000880044 43600
000880045 41024
000880046 42960
000880047 43952
000880048 73120
000880049 49424
000880050 55120
000880052 68160
000880053 41648
000880054 38560
000880055 53808
000880056 61744
000880057 66400
000880058 57920
000880059 52960
000880060 59152
000880061 54240
000880062 51344
000880063 73600
000880064 54720
000880065 57440
000880066 51104
000880067 54400
000880068 67664
000880069 64560
000880070 56416
000880071 52640
000880072 59696
000880073 61600
000880074 71680
000880075 56800
000880076 85040
000880077 57680
000880078 77552
000880079 59952
000880080 42880
000880081 51360
000880082 77600
000880083 58400
000880084 68336
000880085 66400
000880086 60640
000880087 70944
000880088 67008
000880089 97120
000880090 74080
000880092 98720
000880093 70416
000880095 65920
000880096 71680
000880097 62720
000880098 81120
000880099 64831
000880100 70400
000880101 81920
000880102 87472
000880103 129600
000880104 63040
000880105 79040
000880106 92640
000880107 99200
000880108 95520
000880109 105120
000880110 106560
000880111 66400
000880112 61872
000880113 82560
000880114 82240
000880115 99040
000880116 62080
000880117 55520
000880118 112480
000880119 69280
000880120 128639
000880121 112160
000880122 98400
000880123 102720
000880124 55200
000880125 107680
000880126 92320
000880127 129663
000880128 100000
000880129 53920
000880130 87408
000880131 40032
000880132 105760
000880133 88320
000880134 82272
000880135 67520
000880136 98272
000880137 109248
000880138 56176
000880139 52144
000880140 71984
000880141 75360
000880142 77760
000880143 101392
000880144 72688
000880145 106560
000880146 49440
000880147 107040
000880148 53808
000880149 78880
000880150 87200
000880151 69920
000880152 59040
000880153 114560
000880154 88000
000880155 111680
000880156 58416
000880157 125760
000880158 55200
000880159 58080
000880160 67200
000880161 81280
000880162 68320
000880163 89120
000880164 69120
000880165 67680
000880166 45280
000880167 87680
000880168 99040
000880169 72480
000880170 102560
000880171 60960
000880172 86080
000880173 120000
000880174 105600
000880175 130368
000880176 86336
000880177 66720
000880178 108320
000880179 100000
000880180 64319
000880181 45856
000880182 63520
000880183 58400
000880184 90720
000880185 94256
000880186 79520
000880187 125920
000880188 97920
000880189 80160
000880190 74720
000880191 75360
000880192 125920
000880193 86400
000880194 95200
000880195 40720
000880196 95200
000880197 61120
000880198 67792
000880199 78480
000880200 45600
000880201 73184
000880202 92512
000880203 101280
000880204 56720
000880205 60160
000880206 72800
000880207 91360
000880208 42800
000880209 64800
000880210 59920
000880211 40912
000880212 66080
000880213 92368
000880214 92640
000880215 131840
000880216 88160
000880217 53920
000880218 74720
000880219 63200
000880220 77440
000880221 97120
000880222 82880
000880223 49440
000880224 86080
000880225 62560
000880226 68960
000880227 85440
000880228 83040
000880229 53920
000880230 66080
000880231 79680
000880232 79200
000880233 54560
000880234 89760
000880235 120800
000880237 98240
000880238 89600
000880239 56432
000880240 78240
000880241 80160
000880242 79024
000880243 68480
000880244 95360
000880245 93280
000880246 129919
000880247 75680
000880248 38416
000880249 83040
000880250 49456
000880251 101280
000880252 58496
000880253 60160
000880255 54400
000880256 57488
000880257 80800
000880258 59104
000880259 98720
000880260 65120
000880261 98080
000880262 36800
000880263 116832
000880264 80160
000880265 97280
000880266 94240
000880267 114400
000880268 51440
000880269 116480
000880270 88480
000880271 96432
000880272 44000
000880273 93600
000880274 73280
000880275 44800
000880276 54560
000880277 48288
000880278 52592
000880279 64959
000880280 91040
000880281 93280
000880283 98720
000880284 97760
000880285 69920
000880286 101440
000880287 74560
000880288 105920
000880289 52000
000880290 41600
000880291 66720
000880292 92800
000880293 63568
000880294 86752
000880295 51904
000880296 111360
000880297 137920
000880298 96640
000880299 139920
000880300 105040
000880301 40000
000880302 116960
000880303 101600
000880304 122240
000880305 60912
000880306 103680
000880307 73280
000880308 103408
000880309 58720
000880310 96320
000880311 43040
000880312 100960
000880313 67680
000880315 59200
000880316 81760
000880317 110560
000880318 62880
000880319 92160
000880320 38240
000880321 55456
000880322 107360
000880323 42720
000880324 136160
000880325 56464
000880326 63520
000880328 44160
000880329 106240
000880330 76160
000880331 131840
000880332 118880
000880333 73600
000880334 108320
000880335 91552
000880336 96000
000880337 79520
000880338 52480
000880339 105440
000880340 52800
000880341 62144
000880342 43520
000880343 71264
000880344 40960
000880345 98080
000880346 70144
000880348 95200
000880349 53792
000880350 70720
000880351 70400
000880352 66400
000880353 102080
000880354 78880
000880355 97120
000880356 51440
000880357 96000
000880358 111200
000880359 92320
000880360 77424
000880361 91840
000880362 124944
000880363 52480
000880364 99440
000880365 114960
000880366 109600
000880367 100640
000880368 69952
000880369 89824
000880370 48016
000880371 90560
000880372 76192
000880373 109760
000880374 72608
000880375 64480
000880376 38880
000880377 103360
000880378 101504
000880379 88480
000880380 127200
000880381 73760
000880382 60096
000880383 45920
000880384 89648
000880385 80640
000880386 98880
000880387 110720
000880388 95680
000880389 42560
000880390 91360
000880391 59584
000880392 119520
000880393 81120
000880394 85920
000880395 60672
000880396 89120
000880397 49136
000880398 71344
000880399 84208
000880400 84960
000881401 60800
000881402 73120
000881403 64480
000881404 79856
000881405 68320
000881406 50992
000881407 64800
000881408 67680
000881409 43840
000881411 78400
000881412 72960
000881413 37936
000881415 55360
000881416 65440
000881417 88256
000881418 61120
000881419 53888
000881420 48768
000881421 39472
000881422 50944
000881423 51120
000881424 59840
000881425 56416
000881426 59168
000881427 75984
000881428 47680
000881429 47696
000881430 63840
000881431 43120
000881432 69600
000881433 80208
000881434 60800
000881435 55520
000881436 61920
000881437 53424
000881438 62240
000881439 82800
000881440 39712
000881441 66720
000881442 67136
000881443 70720
000881444 82240
000881445 52320
000881446 74912
000881447 59840
000881448 62240
000881449 58400
000881450 64640
000881451 81120
000881452 74720
000881453 79520
000881454 45168
000881455 72752
000881456 67760
000881457 75776
000881458 88896
000881459 52400
000881460 57440
000881461 63168
000881463 71200
000881464 63680
000881465 56960
000881466 70240
000881467 57920
000881468 65600
000881470 66720
000881471 57440
000881472 69344
000881473 50400
000881474 60000
000881475 73920
000881476 69440
000881477 70720
000881478 57712
000881479 64640
000881480 86016
000881481 68048
000881482 61920
000881483 56432
000881484 57280
000881485 61920
000881487 76960
000881488 51920
000881489 87360
000881491 57600
000881492 60400
000881493 51792
000881494 54720
000881495 54880
000881496 63360
000881497 50080
000881498 62240
000881499 71520
000881500 62240
000881501 105120
000881502 102400
000881503 94880
000881504 77552
000881505 83136
000881506 107040
000881507 106720
000881508 74704
000881509 105664
000881510 73440
000881511 85920
000881512 109600
000881513 87040
000881514 126880
000881515 77280
000881516 100960
000881517 69760
000881518 101104
000881519 72640
000881520 88160
000881521 76160
000881523 108160
000881524 114080
000881525 67216
000881526 90080
000881527 94080
000881528 73280
000881529 91360
000881530 53424
000881532 87520
000881533 81760
000881534 88160
000881535 81920
000881536 82720
000881537 86720
000881538 81600
000881539 92640
000881540 48160
000881541 65104
000881542 37200
000881543 71200
000881544 61280
000881545 98720
000881546 62080
000881547 58256
000881548 45920
000881549 154720
000881550 110240
000881551 71200
000881552 77280
000881553 97600
000881554 75264
000881555 68800
000881556 72352
000881557 136960
000881558 84480
000881559 84800
000881560 51008
000881561 106400
000881562 85120
000881563 76800
000881564 69360
000881565 80800
000881566 108160
000881567 123680
000881568 49440
000881569 73920
000881570 73600
000881571 127040
000881572 60000
000881573 100480
000881574 89120
000881575 97920
000881576 110720
000881577 120800
000881578 54880
000881579 92320
000881580 94240
000881581 102720
000881582 94560
000881583 78560
000881584 131680
000881585 45264
000881586 84960
000881587 53408
000881588 69072
000881589 103360
000881590 104800
000881591 74304
000881592 128479
000881593 74880
000881594 109440
000881595 67680
000881596 81280
000881597 86720
000881598 111040
000881599 59936
000881600 129600
000881601 64800
000881602 67520
000881603 115200
000881604 67360
000881605 55200
000881606 68160
000881608 90400
000881609 84800
000881610 137440
000881611 124480
000881612 141920
000881613 100000
000881614 48480
000881615 60960
000881616 93600
000881617 57120
000881618 61440
000881619 89920
000881620 61920
000881621 88000
000881622 90240
000881623 46720
000881624 109760
000881625 92000
000881626 107520
000881627 94560
000881628 69440
000881629 67360
000881630 108640
000881631 54064
000881632 77760
000881633 47328
000881634 107440
000881635 119520
000881636 71040
000881637 123040
000881638 118080
000881640 117920
000881641 58240
000881642 62880
000881643 120160
000881645 51312
000881646 95392
000881647 45760
000881648 98080
000881649 72000
000881650 64656
000881651 112640
000881652 108144
000881653 52480
000881654 72800
000881655 112480
000881656 105040
000881657 61344
000881658 88800
000881659 79360
000881660 96320
000881661 98592
000881662 84000
000881663 50080
000881664 49280
000881665 100160
000881666 91600
000881667 49120
000881668 92640
000881669 37920
000881670 54240
000881671 91200
000881672 56000
000881673 67520
000881674 104640
000881675 91360
000881677 106240
000881678 68960
000881679 87680
000881680 94944
000881681 156480
000881682 132480
000881683 132640
000881684 131520
000881685 77600
000881686 66144
000881687 106560
000881688 67360
000881689 74400
000881690 110240
000881691 101280
000881692 138880
000881693 99680
000881694 90240
000881695 91680
000881696 59520
000881697 69120
000881698 40384
000881699 107040
000881700 48960
000881701 123840
000881702 92080
000881703 66880
000881704 130880
000881705 67520
000881706 81616
000881707 50400
000881709 65600
000881710 74880
000881711 65952
000881712 108000
000881713 72096
000881714 111680
000881715 116000
000881716 137760
000881717 77280
000881718 66880
000881719 69040
000881720 36944
000881721 73600
000881722 50560
000881723 87520
000881724 94880
000881725 118400
000881726 48480
000881727 109440
000881728 117600
000881729 71360
000881730 51552
000881731 41584
000881732 78400
000881733 78400
000881734 84320
000881735 96160
000881736 123984
000881737 85280
000881738 74560
000881739 67360
000881740 123040
000881741 98880
000881742 88160
000881743 82080
000881744 117600
000881745 53040
000881746 93280
000881747 115360
000881748 95680
000881749 77440
000881750 100480
000881751 131840
000881752 89440
000881753 110720
000881754 57520
000881755 81760
000881756 63632
000881757 47424
000881758 95040
000881759 62720
000881760 74464
000881761 84720
000881763 84640
000881764 119200
000881765 64959
000881766 97600
000881767 64640
000881768 112160
000881769 67360
000881770 110720
000881771 81440
000881772 74080
000881773 91840
000881774 45536
000881775 40144
000881776 47744
000881777 86720
000881778 72160
000881779 89760
000881780 90240
000881781 80640
000881782 118400
000881784 37376
000881785 90240
000881786 75360
000881788 43680
000881789 51088
000881790 55040
000881791 92320
000881792 85280
000881793 72992
000881794 57120
000881795 45936
000881796 120640
000881797 70560
000881798 137440
000881799 69120
000881800 91504
000890001 66720
000890002 169600
000890003 99120
000890004 141920
000890005 149760
000890006 103392
000890007 119312
000890008 119120
000890009 92176
000890010 116256
000890012 148640
000890014 164960
000890015 138848
000890016 203200
000890017 108480
000890018 117440
000890019 188640
000890020 118320
000890021 65360
000890023 89760
000890024 76288
000890025 114112
000890026 83360
000890027 70400
000890028 64016
000890029 80160
000890030 89952
000890031 94240
000890032 84160
000890033 118992
000890034 118608
000890036 72320
000890037 110976
000890038 64319
000890039 73168
000890040 80176
000890041 40336
000890042 47520
000890043 84368
000890044 60960
000890045 59840
000890046 55296
000890047 57776
000890048 106240
000890049 63200
000890050 67424
000890052 94672
000890053 55696
000890054 53504
000890056 96640
000890057 93856
000890058 77120
000890059 84640
000890060 87712
000890061 75696
000890062 73056
000890063 100736
000890064 78528
000890065 78560
000890067 71424
000890068 97440
000890069 86368
000890070 78400
000890071 73120
000890072 88928
000890073 89104
000890074 99344
000890075 79312
000890076 142864
000890077 70176
000890078 105760
000890079 89664
000890081 80480
000890082 112128
000890083 88960
000890084 92000
000890085 93968
000890086 99008
000890087 105552
000890088 101120
000890089 139040
000890090 110240
000890092 161760
000890093 103072
000890094 89440
000890095 103296
000890096 92640
000890097 81280
000890098 115360
000890100 97440
000890101 70368
000890103 74560
000890104 77440
000890105 110368
000890106 152160
000890107 145920
000890108 79520
000890109 172320
000890110 94240
000890113 66240
000890115 92480
000890116 89760
000890117 54752
000890119 209600
000890121 174560
000890123 142704
000890124 76800
000890125 176480
000890126 209600
000890128 77440
000890129 61776
000890130 169792
000890131 108032
000890133 67088
000890134 138880
000890135 91136
000890136 98240
000890137 87264
000890138 65280
000890139 156640
000890140 122432
000890141 118400
000890142 152064
000890143 160480
000890144 185600
000890145 81744
000890146 94560
000890148 100432
000890149 138560
000890150 126240
000890151 143408
000890152 110944
000890154 70896
000890155 152304
000890156 69152
000890157 120160
000890160 142272
000890162 103552
000890163 142368
000890164 130864
000890165 201760
000890166 82272
000890167 110832
000890169 84016
000890172 122688
000890173 102560
000890174 225600
000890175 170720
000890176 129216
000890178 206432
000890179 134432
000890180 167968
000890181 161616
000890182 60768
000890183 154240
000890184 117280
000890185 214256
000890186 134928
000890188 113536
000890189 157760
000890190 102464
000890192 92480
000890193 133760
000890194 114560
000890195 116000
000890197 134448
000890198 127680
000890199 90976
000890201 56640
000890202 116304
000890203 90560
000890204 128464
000890205 227840
000890206 97840
000890207 80048
000890208 93120
000890209 126512
000890210 80880
000890211 240320
000890212 113408
000890213 153696
000890214 135520
000890216 74096
000890218 64000
000890220 196480
000890221 62944
000890224 103088
000890225 121280
000890227 132160
000890228 110080
000890230 72672
000890231 139520
000890232 71360
000890233 102400
000890234 146112
000890235 93920
000890237 100320
000890238 111040
000890240 84048
000890242 176000
000890243 159360
000890244 116480
000890245 107680
000890246 124480
000890247 185280
000890248 115040
000890249 174720
000890250 87040
000890252 159520
000890253 104480
000890255 193600
000890256 164464
000890257 64800
000890258 118560
000890259 152464
000890260 182880
000890262 86880
000890263 143840
000890264 127040
000890266 165280
000890267 70880
000890268 96000
000890269 151360
000890271 79824
000890272 177760
000890273 130560
000890274 163040
000890275 92960
000890276 170400
000890277 172944
000890280 189280
000890282 76960
000890284 160736
000890286 126864
000890287 167040
000890288 129184
000890289 115696
000890290 155984
000890291 143040
000890292 91680
000890294 98720
000890295 62528
000890296 60000
000890297 139040
000890298 128783
000890299 104256
000890300 130064
000890301 70000
000890302 194864
000890303 97600
000890304 89120
000890307 196160
000890309 136736
000890310 83680
000890311 141120
000890312 106720
000890313 105280
000890315 122400
000890317 100640
000890318 178400
000890320 84160
000890322 220960
000890323 151680
000890326 101984
000890327 219520
000890328 116560
000890329 104000
000890330 144480
000890332 103840
000890333 72416
000890334 91200
000890335 71536
000890336 136960
000890337 124336
000890339 71040
000890340 176960
000890343 193744
000890344 98720
000890345 127360
000890349 159040
000890350 215360
000890352 216320
000890353 90912
000890354 99040
000890355 125744
000890356 183040
000890357 115040
000890358 185120
000890359 130400
000890360 110880
000890361 183680
000890362 80912
000890363 128639
000890364 125760
000890365 142880
000890366 143360
000890367 167040
000890368 65040
000890369 208160
000890370 59328
000890372 92880
000890373 76496
000890374 181120
000890375 98464
000890376 200000
000890377 83040
000890379 184480
000890380 80480
000890381 175904
000890382 119968
000890383 73360
000890384 124960
000890385 63936
000890386 88640
000890387 115840
000890388 81120
000890389 148800
000890390 124960
000890391 147520
000890392 108960
000890396 57152
000890397 140960
000890398 123840
000890399 104640
000890400 99024
000891402 110112
000891403 92000
000891404 119680
000891405 88544
000891406 73472
000891408 85728
000891409 54912
000891411 93440
000891412 102560
000891413 47216
000891414 99968
000891415 65440
000891416 79360
000891418 72096
000891419 62864
000891422 64000
000891423 54240
000891424 63360
000891425 58240
000891427 102400
000891428 56160
000891429 55296
000891431 47888
000891432 84032
000891433 91776
000891434 65120
000891435 63200
000891436 72208
000891438 68160
000891439 88160
000891440 45968
000891441 77744
000891442 73920
000891444 91520
000891445 57920
000891446 77632
000891447 61760
000891448 58240
000891449 61696
000891450 69136
000891451 77920
000891452 90704
000891453 87040
000891454 43600
000891456 94080
000891457 77920
000891458 104320
000891459 50752
000891460 65968
000891461 75872
000891463 80544
000891464 75008
000891465 66048
000891466 74672
000891467 58560
000891468 67408
000891469 67856
000891470 71520
000891471 60960
000891473 50352
000891474 57120
000891475 72320
000891476 68960
000891477 72912
000891478 57600
000891479 72960
000891480 94240
000891482 62880
000891483 56240
000891485 60800
000891487 77280
000891488 59024
000891489 109600
000891490 54240
000891491 64959
000891492 74336
000891493 50816
000891495 59312
000891496 71264
000891497 62624
000891498 61984
000891499 69824
000891500 70368
000891501 126720
000891503 55520
000891504 121920
000891505 134560
000891506 136432
000891507 46384
000891508 103200
000891509 123200
000891510 81600
000891511 68704
000891512 109248
000891513 102304
000891514 65168
000891515 57760
000891518 125920
000891519 51136
000891520 121616
000891521 106560
000891522 128800
000891523 88000
000891524 116544
000891525 128112
000891526 72320
000891527 136144
000891528 65248
000891529 109600
000891530 130400
000891531 176960
000891532 87840
000891533 103584
000891534 115008
000891535 53360
000891536 52160
000891537 55520
000891538 93216
000891539 95392
000891540 46320
000891541 76320
000891542 147040
000891543 74400
000891545 75568
000891546 113120
000891547 128000
000891548 54720
000891549 101968
000891550 100080
000891551 110960
000891552 83040
000891553 96160
000891554 79760
000891556 52240
000891557 87840
000891558 84480
000891559 113280
000891560 132320
000891561 49440
000891563 60064
000891565 119840
000891566 54048
000891567 82880
000891568 118400
000891569 53776
000891570 117120
000891571 154400
000891572 88320
000891573 60752
000891575 65648
000891576 108160
000891577 61280
000891578 81440
000891580 69632
000891581 80480
000891582 170080
000891583 76640
000891584 122240
000891585 137392
000891586 56640
000891587 136960
000891588 105760
000891589 49920
000891590 87024
000891592 76976
000891594 69440
000891595 71728
000891596 59888
000891598 59552
000891599 130720
000891600 67344
000891602 62848
000891603 93280
000891605 75360
000891606 146400
000891607 204320
000891608 62272
000891609 69120
000891610 127360
000891611 66080
000891612 107520
000891613 89920
000891614 63680
000891615 54928
000891616 89920
000891617 121920
000891618 96960
000891619 90400
000891620 68224
000891621 136160
000891622 99760
000891623 43568
000891624 142240
000891625 105440
000891627 104800
000891628 136800
000891629 66080
000891630 126720
000891631 67216
000891632 114240
000891633 126240
000891634 115952
000891635 124640
000891636 98720
000891637 48784
000891639 80640
000891640 65728
000891642 102928
000891643 162080
000891644 114912
000891645 105424
000891646 68096
000891647 87680
000891649 161920
000891651 60864
000891652 70208
000891653 67040
000891654 126240
000891655 72960
000891656 125760
000891657 107200
000891658 47200
000891659 88480
000891660 78560
000891661 126064
000891662 53632
000891663 127840
000891664 64224
000891665 114768
000891666 110560
000891667 61648
000891668 109408
000891669 115840
000891670 101920
000891671 100000
000891672 51840
000891673 59824
000891674 139840
000891675 92160
000891676 130080
000891677 74192
000891678 105920
000891679 112960
000891680 76416
000891681 49920
000891682 57920
000891683 78240
000891684 105440
000891685 73440
000891686 53280
000891687 50016
000891688 102128
000891689 63200
000891690 76160
000891691 86720
000891692 62800
000891693 96288
000891694 108960
000891696 64640
000891697 96144
000891698 79200
000891699 78032
000891700 81120
000891701 98080
000891702 51408
000891704 73152
000891705 149328
000891706 143696
000891707 75072
000891708 118336
000891709 76160
000891710 142784
000891711 127520
000891712 45120
000891713 106752
000891714 44320
000891715 105184
000891716 110400
000891717 95808
000891718 126640
000891719 54272
000891720 73280
000891721 95200
000891722 37376
000891723 79200
000891724 107200
000891725 113040
000891726 114992
000891727 65280
000891728 66768
000891729 128400
000891730 54304
000891731 64640
000891732 52656
000891733 93536
000891734 53120
000891735 91040
000891736 89600
000891737 105760
000891738 72448
000891740 70768
000891741 110880
000891742 96960
000891743 44304
000891744 91680
000891745 45920
000891746 70592
000891747 116320
000891748 107504
000891749 74064
000891750 92272
000891751 124000
000891752 98048
000891753 144496
000891754 86560
000891755 62192
000891756 111520
000891757 93264
000891758 56608
000891759 67936
000891760 54896
000891761 97648
000891762 105536
000891763 101120
000891764 68752
000891765 104416
000891766 135360
000891767 57344
000891768 157120
000891769 37424
000891770 47040
000891772 118736
000891773 113984
000891774 98080
000891775 113760
000891776 154848
000891778 135840
000891779 134048
000891780 67408
000891781 72496
000891782 100928
000891783 188240
000891784 107472
000891785 89280
000891787 126560
000891788 132128
000891789 119744
000891790 110912
000891791 75040
000891792 121168
000891793 123520
000891794 118080
000891795 142448
000891796 161392
000891797 85056
000891798 157792
000891799 87056
000900001 73200
000900002 193920
000900003 109600
000900005 166560
000900006 94880
000900007 114880
000900008 98240
000900009 89920
000900010 122240
000900011 88000
000900012 148160
000900014 161760
000900015 134720
000900016 191040
000900017 104960
000900018 117232
000900019 181440
000900020 103680
000900021 56800
000900022 73408
000900023 80320
000900024 74896
000900025 118880
000900026 71680
000900027 73520
000900028 56336
000900029 74704
000900030 83408
000900031 89280
000900032 85600
000900033 95040
000900034 136960
000900035 47744
000900036 64319
000900037 100320
000900038 64959
000900039 68160
000900040 82240
000900041 35360
000900042 40176
000900043 62544
000900044 50768
000900045 44800
000900046 48736
000900047 52320
000900048 95520
000900049 58400
000900050 73440
000900052 87360
000900053 43888
000900054 48160
000900055 62880
000900056 76640
000900057 94560
000900058 69280
000900059 68000
000900060 75840
000900061 75040
000900062 63120
000900063 89920
000900064 72320
000900065 68480
000900067 67936
000900068 84320
000900069 74320
000900070 71360
000900071 59040
000900072 75360
000900073 75040
000900074 87520
000900075 70384
000900076 127936
000900077 62080
000900078 91360
000900079 70720
000900081 62880
000900082 100800
000900083 71520
000900084 72160
000900085 81120
000900086 79360
000900087 76480
000900088 83712
000900089 115360
000900090 94880
000900091 95024
000900092 124000
000900093 94960
000900095 85440
000900096 74560
000900097 67520
000900098 104480
000900099 69344
000900100 84624
000900101 74720
000900102 133600
000900103 111360
000900105 95040
000900106 108480
000900107 61600
000900108 59440
000900109 137872
000900111 66784
000900112 108912
000900113 150240
000900114 40480
000900115 104000
000900116 109760
000900117 154560
000900118 117440
000900119 66880
000900120 121440
000900121 44656
000900122 102080
000900123 111312
000900124 99040
000900125 156800
000900127 106080
000900128 45920
000900129 61920
000900130 75360
000900132 66992
000900133 138720
000900134 86032
000900135 83520
000900136 65648
000900137 104640
000900138 132304
000900139 135680
000900140 63104
000900141 99520
000900142 58432
000900143 43040
000900144 93760
000900145 130240
000900146 71216
000900147 81040
000900148 117760
000900149 85552
000900150 126560
000900151 47840
000900152 178240
000900154 56992
000900155 45616
000900156 83520
000900157 88800
000900158 71760
000900159 126720
000900160 126320
000900162 147360
000900163 121760
000900164 153280
000900166 133808
000900167 148480
000900168 127360
000900169 61440
000900170 103840
000900171 87200
000900172 116384
000900173 60160
000900175 128800
000900176 128624
000900177 87456
000900178 106080
000900179 105600
000900181 80400
000900182 151520
000900184 61520
000900185 118544
000900187 69120
000900188 92160
000900189 168640
000900190 193472
000900191 181600
000900192 74112
000900193 134720
000900194 42832
000900195 87200
000900196 124560
000900197 95680
000900198 127200
000900199 166720
000900200 62768
000900202 118400
000900203 150400
000900204 143568
000900205 57856
000900206 178080
000900207 150720
000900208 61600
000900209 100864
000900210 57728
000900211 120160
000900213 122336
000900214 150880
000900215 101120
000900216 187200
000900217 146560
000900218 132000
000900219 97440
000900220 165600
000900221 138400
000900222 89824
000900223 139680
000900224 114560
000900225 112160
000900226 94400
000900227 108320
000900228 107840
000900229 95200
000900230 74880
000900231 117120
000900232 145920
000900234 125968
000900235 68800
000900236 139376
000900237 64000
000900238 73376
000900239 80992
000900240 96352
000900241 117920
000900242 96800
000900244 99520
000900245 121440
000900246 85936
000900247 149616
000900248 111680
000900249 142560
000900250 124944
000900251 114080
000900252 153760
000900254 124000
000900256 107680
000900257 83440
000900258 147360
000900259 167840
000900260 97600
000900261 80816
000900262 125104
000900263 121120
000900264 121600
000900265 105552
000900266 123200
000900267 82368
000900268 119184
000900269 125760
000900270 185760
000900271 85920
000900272 116960
000900273 142880
000900274 65456
000900276 81184
000900277 106112
000900278 87040
000900280 149488
000900281 62080
000900282 154080
000900283 92704
000900284 141120
000900285 73920
000900286 116640
000900287 126400
000900288 112800
000900290 75920
000900293 91360
000900294 142720
000900296 64176
000900297 72000
000900298 55360
000900299 99680
000900300 71680
000900301 110880
000900302 75648
000900303 76800
000900304 92288
000900305 77840
000900307 62880
000900308 96160
000900310 92800
000900311 97440
000900313 112960
000900314 56288
000900316 89088
000900317 79040
000900318 90880
000900319 112640
000900320 140448
000900321 125120
000900322 102720
000900323 49920
000900324 91664
000900325 53456
000900326 100640
000900327 109440
000900328 44336
000900329 69280
000900330 131360
000900331 152960
000900332 75376
000900335 120640
000900336 99136
000900337 75392
000900338 117280
000900339 99680
000900340 62144
000900341 66784
000900342 106080
000900343 122880
000900344 133760
000900345 153440
000900346 97504
000900347 87520
000900348 80800
000900349 88480
000900350 78640
000900351 177760
000900352 160320
000900353 126240
000900354 144160
000900355 107840
000900356 51840
000900357 103360
000900358 133120
000900359 64096
000900360 110736
000900361 55072
000900362 110400
000900363 86288
000900364 67200
000900366 69120
000900367 92640
000900368 54880
000900369 148800
000900370 114768
000900371 85440
000900372 75680
000900373 79840
000900374 89600
000900375 106784
000900376 71200
000900377 74432
000900378 115680
000900379 118560
000900381 51040
000900382 138720
000900383 76800
000900385 65920
000900386 57984
000900387 105760
000900388 159840
000900389 156960
000900390 78976
000900391 109440
000900392 120736
000900393 103920
000900395 84320
000900396 69920
000900398 104640
000900399 95840
000900400 74624
000901401 69152
000901402 98256
000901403 78400
000901404 95744
000901405 78080
000901406 62272
000901407 80800
000901408 95600
000901409 48992
000901411 96320
000901412 87840
000901413 42848
000901414 102080
000901415 64959
000901416 86720
000901417 106384
000901418 68800
000901420 51376
000901422 59040
000901423 53056
000901424 65536
000901425 65263
000901426 72864
000901427 92224
000901428 54080
000901429 53776
000901430 72320
000901431 49184
000901432 85120
000901433 91840
000901434 73728
000901436 79040
000901437 54896
000901438 72160
000901440 46224
000901441 78240
000901444 102928
000901445 61760
000901446 87520
000901447 67120
000901448 61760
000901449 64640
000901450 86880
000901451 87008
000901452 90816
000901453 86080
000901454 46480
000901455 80752
000901457 91056
000901459 50064
000901460 63648
000901461 72672
000901462 50128
000901463 84432
000901464 75520
000901465 60256
000901466 79520
000901467 61760
000901468 80352
000901469 76928
000901470 80160
000901471 65328
000901473 55600
000901474 56160
000901475 83040
000901476 75360
000901477 80176
000901478 58240
000901479 78240
000901480 112160
000901481 67856
000901482 68512
000901483 62416
000901484 63456
000901485 65600
000901487 90560
000901488 66240
000901489 100960
000901490 56560
000901491 59232
000901493 58064
000901494 63040
000901495 61760
000901496 77472
000901497 58880
000901498 71840
000901499 77600
000901500 79600
000901501 114720
000901502 83360
000901503 123040
000901504 138400
000901505 107440
000901506 116848
000901507 71840
000901508 58080
000901509 76000
000901510 109440
000901511 66560
000901512 96960
000901513 90896
000901514 164640
000901515 48160
000901516 87264
000901517 148640
000901518 93008
000901519 149760
000901520 48224
000901522 48000
000901523 85280
000901524 102640
000901525 113408
000901526 134784
000901527 118560
000901528 70880
000901529 108960
000901530 52704
000901531 137024
000901532 115200
000901533 50400
000901534 100320
000901535 70544
000901536 131680
000901537 108800
000901538 93712
000901539 79936
000901540 89808
000901541 70384
000901542 68192
000901543 112640
000901544 85232
000901545 163520
000901546 100320
000901547 47968
000901548 150880
000901549 136160
000901550 127680
000901551 108688
000901552 95840
000901553 154880
000901555 108320
000901556 86272
000901557 78688
000901558 53664
000901559 93568
000901561 98240
000901562 116480
000901563 154560
000901564 127360
000901565 94272
000901566 55360
000901568 53664
000901569 128000
000901570 66112
000901571 131440
000901572 87680
000901573 113760
000901574 143520
000901575 52960
000901576 97440
000901578 78720
000901579 165952
000901580 109120
000901581 168640
000901582 138560
000901583 146880
000901585 68464
000901586 83056
000901587 59200
000901588 79040
000901589 122720
000901590 109920
000901591 133440
000901592 174720
000901594 147344
000901595 114704
000901596 111632
000901597 148960
000901598 155200
000901599 140256
000901600 82560
000901601 69904
000901602 121760
000901603 75456
000901604 89232
000901606 81488
000901608 155040
000901609 110000
000901610 76032
000901611 132416
000901612 76640
000901613 42784
000901614 76992
000901615 49712
000901616 62368
000901617 73088
000901618 114720
000901619 79840
000901620 93760
000901621 47392
000901622 80752
000901623 101728
000901625 96800
000901626 100800
000901627 49472
000901628 125600
000901629 94112
000901630 68960
000901631 123200
000901632 127376
000901633 159520
000901635 78720
000901636 132640
000901637 141488
000901639 154080
000901640 135840
000901641 131680
000901642 165632
000901643 71632
000901644 154080
000901645 154080
000901646 92048
000901648 75712
000901649 140160
000901650 146864
000901651 129919
000901653 182720
000901654 71280
000901655 134560
000901656 116576
000901657 90560
000901658 54912
000901659 141760
000901660 129280
000901661 165760
000901662 119680
000901663 160160
000901664 55520
000901665 111040
000901666 99696
000901667 60976
000901669 122080
000901670 108800
000901671 136800
000901672 78720
000901673 119360
000901674 120320
000901675 76960
000901676 160800
000901677 149600
000901679 127040
000901680 169520
000901681 99360
000901682 141920
000901684 97120
000901685 143072
000901686 56160
000901687 108800
000901688 60096
000901689 54560
000901691 160640
000901692 65840
000901693 76928
000901694 59360
000901695 97680
000901697 104880
000901698 126240
000901699 115520
000901700 174400
000901701 56320
000901702 43104
000901703 120000
000901704 112800
000901705 60960
000901707 126240
000901708 78192
000901709 140800
000901710 127040
000901711 88848
000901712 88480
000901713 83840
000901714 120320
000901715 73936
000901717 101280
000901718 173024
000901719 111840
000901720 106880
000901721 177600
000901722 182400
000901723 74240
000901724 102784
000901725 72000
000901726 114880
000901727 71232
000901728 104640
000901729 102608
000901730 110560
000901731 73168
000901732 94880
000901733 88000
000901734 92640
000901735 169120
000901736 117760
000901737 55312
000901738 58560
000901740 67520
000901741 61280
000901742 115520
000901743 98240
000901744 127360
000901745 124432
000901746 143520
000901747 71200
000901748 135040
000901749 166640
000901750 65280
000901753 70400
000901754 116832
000901755 95840
000901756 69840
000901757 142560
000901758 109904
000901759 106208
000901761 101280
000901762 140496
000901763 73072
000901764 128479
000901765 85184
000901768 88160
000901769 55840
000901770 84000
000901771 110704
000901772 120800
000901773 145120
000901774 63152
000901775 92800
000901776 74784
000901777 101600
000901778 97120
000901780 115840
000901781 93760
000901783 132320
000901784 104640
000901785 69904
000901786 132784
000901789 88640
000901790 63200
000901791 132320
000901792 142720
000901793 80160
000901794 63504
000901796 90240
000901798 83520
000901799 75440
000910001 59520
000910002 143520
000910003 74560
000910005 127840
000910006 73760
000910007 84800
000910008 75040
000910009 71520
000910010 83520
000910011 65280
000910012 114720
000910013 75872
000910014 110240
000910016 135520
000910017 70336
000910019 121120
000910020 72480
000910021 42880
000910024 54352
000910025 75840
000910026 52960
000910027 55232
000910028 50304
000910029 55680
000910030 67040
000910031 61280
000910032 56320
000910033 70720
000910034 79360
000910036 56240
000910037 74080
000910038 57920
000910039 56304
000910040 60320
000910041 32000
000910042 36176
000910043 60000
000910044 44320
000910045 43200
000910046 45232
000910047 42400
000910048 74400
000910049 49280
000910050 58560
000910052 70720
000910053 39376
000910054 38800
000910057 68800
000910058 61280
000910059 52960
000910060 61664
000910061 52800
000910062 53760
000910063 75840
000910064 63360
000910065 59072
000910067 52144
000910068 72160
000910070 51680
000910071 49760
000910072 59760
000910073 62880
000910074 62880
000910075 58080
000910077 50880
000910078 82720
000910079 60800
000910080 42288
000910081 53120
000910082 81760
000910083 55808
000910084 62880
000910085 62560
000910086 64160
000910087 65760
000910088 68000
000910089 90544
000910090 76080
000910091 76640
000910093 71520
000910094 62400
000910095 62560
000910096 64000
000910097 61408
000910098 81120
000910100 69760
000910101 45760
000910102 69440
000910105 106240
000910106 92960
000910107 104800
000910109 68960
000910110 53440
000910111 77280
000910112 90240
000910113 68160
000910114 44272
000910115 52480
000910117 53184
000910118 98224
000910119 63152
000910120 60576
000910121 100640
000910122 111840
000910123 94720
000910124 52448
000910125 89760
000910126 81600
000910127 82080
000910128 49440
000910129 96912
000910130 71056
000910131 57120
000910132 59520
000910133 86112
000910134 78272
000910135 54544
000910136 51680
000910138 83520
000910140 88640
000910141 73120
000910142 56480
000910143 84480
000910144 118400
000910145 117760
000910148 75680
000910149 65760
000910150 76800
000910151 73120
000910152 141120
000910153 58080
000910154 113760
000910155 50128
000910156 62400
000910157 59008
000910158 76800
000910160 107840
000910161 64000
000910162 95520
000910163 87360
000910164 110880
000910165 44736
000910166 82240
000910167 90880
000910168 73600
000910171 56320
000910172 48816
000910173 79808
000910174 80960
000910175 83312
000910176 118752
000910179 69440
000910180 81280
000910181 41472
000910182 67008
000910183 53040
000910184 57856
000910185 106560
000910187 104640
000910188 91680
000910189 59360
000910190 67360
000910192 84480
000910193 68160
000910194 116960
000910196 86080
000910197 88960
000910198 44320
000910200 58720
000910202 109600
000910203 74560
000910204 88800
000910206 121280
000910207 87200
000910209 60480
000910210 50928
000910211 90400
000910214 52352
000910215 70400
000910216 103872
000910217 105072
000910218 43680
000910219 82080
000910220 98240
000910221 64608
000910222 58720
000910223 67200
000910227 110080
000910228 91520
000910229 54160
000910230 76800
000910232 136160
000910233 80000
000910234 86080
000910235 75040
000910236 75360
000910237 63040
000910238 76688
000910239 39360
000910240 66880
000910242 108480
000910243 67536
000910244 84880
000910245 53120
000910246 53280
000910249 50384
000910250 77760
000910251 107984
000910252 89600
000910256 42400
000910257 78240
000910260 58560
000910267 108000
000910269 88320
000910270 72704
000910271 85600
000910272 102560
000910273 73440
000910274 77488
000910275 94720
000910277 63040
000910281 56960
000910282 104464
000910283 88928
000910285 82080
000910286 57696
000910288 56192
000910289 57280
000910290 92480
000910291 73344
000910293 121920
000910294 123840
000910296 59040
000910297 56960
000910298 126880
000910299 67776
000910300 80160
000910301 50768
000910302 53440
000910303 120000
000910304 97120
000910305 100800
000910307 94240
000910309 112000
000910310 68144
000910311 55072
000910312 64800
000910313 114720
000910314 107360
000910317 87360
000910319 135664
000910320 89088
000910322 85424
000910323 61600
000910325 57920
000910328 100000
000910329 51840
000910330 75680
000910331 39520
000910332 67840
000910333 42080
000910335 93920
000910337 88000
000910338 73920
000910339 46272
000910340 58720
000910341 114560
000910342 85120
000910343 89280
000910344 50400
000910346 40528
000910347 93760
000910348 56304
000910349 92784
000910350 60224
000910351 79168
000910353 68000
000910354 97360
000910356 89808
000910357 51664
000910359 74560
000910361 72688
000910362 50432
000910363 71840
000910365 67680
000910367 66992
000910368 85120
000910369 76800
000910371 61600
000910372 71520
000910374 54560
000910375 77440
000910376 126720
000910377 105776
000910378 73600
000910379 118400
000910380 99360
000910381 67024
000910382 68800
000910383 40416
000910384 51648
000910385 91520
000910386 101600
000910387 79360
000910388 96800
000910389 60000
000910390 79792
000910391 62240
000910392 61904
000910393 56992
000910394 72128
000910395 88320
000910397 74720
000910399 77936
000910400 92480
000911401 53600
000911402 67136
000911403 67360
000911404 81968
000911405 61984
000911407 56960
000911408 61760
000911411 74720
000911412 67040
000911413 39600
000911414 75184
000911415 53440
000911416 65456
000911418 53440
000911422 48832
000911423 45360
000911424 54240
000911425 52320
000911426 51200
000911428 47712
000911429 42416
000911430 62080
000911431 40000
000911432 68000
000911433 72000
000911434 56320
000911435 52320
000911436 63200
000911438 58080
000911439 69264
000911440 36400
000911441 58560
000911442 57776
000911443 59360
000911444 75840
000911445 50080
000911447 52960
000911448 54400
000911449 52160
000911450 57440
000911451 69920
000911452 68640
000911453 64160
000911454 40944
000911457 71040
000911458 90080
000911459 49744
000911460 52800
000911463 67360
000911464 56640
000911465 54560
000911466 66720
000911467 51376
000911470 59152
000911471 52784
000911473 46160
000911474 46880
000911475 62240
000911476 56736
000911478 46400
000911479 60480
000911480 82400
000911482 56368
000911483 50448
000911485 57760
000911487 65920
000911488 49216
000911489 75792
000911490 46880
000911491 47840
000911494 63680
000911495 54240
000911496 59200
000911497 51200
000911498 58720
000911499 55520
000911500 62240
000911501 65920
000911502 81120
000911503 47072
000911504 73920
000911507 61280
000911508 113600
000911509 49856
000911510 89120
000911512 65120
000911513 52320
000911515 56928
000911516 86112
000911517 95360
000911518 99360
000911519 75168
000911521 72640
000911522 82720
000911523 62240
000911524 56320
000911525 91200
000911526 108320
000911527 169152
000911528 55984
000911530 90400
000911531 57280
000911532 92320
000911533 132640
000911534 62240
000911535 87840
000911536 69600
000911537 56160
000911538 83840
000911539 105120
000911540 114560
000911542 47072
000911543 51360
000911544 38720
000911545 67680
000911546 95040
000911549 51840
000911551 63568
000911552 48480
000911553 103248
000911554 115040
000911556 89280
000911557 108800
000911558 60528
000911559 96320
000911561 82720
000911563 36320
000911566 54464
000911567 76160
000911568 111920
000911569 62816
000911570 132144
000911571 71664
000911574 79360
000911575 51904
000911577 57280
000911578 54240
000911580 95680
000911581 67520
000911582 98640
000911583 171680
000911585 77600
000911586 76544
000911587 68800
000911588 78240
000911591 64336
000911593 82080
000911594 128639
000911595 38384
000911597 62128
000911598 72640
000911599 51072
000911600 71520
000911601 61120
000911602 111200
000911603 49920
000911604 68640
000911606 56960
000911609 74720
000911611 90400
000911612 78672
000911613 96480
000911615 81440
000911617 98720
000911618 70048
000911620 68480
000911621 92480
000911622 118080
000911623 47680
000911625 89920
000911626 75200
000911627 73120
000911628 58384
000911630 70080
000911631 90080
000911632 75040
000911633 75520
000911634 55424
000911635 44160
000911636 91840
000911637 128160
000911638 127984
000911639 115360
000911641 44688
000911642 83360
000911643 87360
000911644 88992
000911645 65024
000911646 70080
000911647 49600
000911650 56800
000911651 62720
000911652 117440
000911654 120800
000911655 96080
000911656 93920
000911659 94080
000911660 84160
000911662 116320
000911663 45056
000911664 43200
000911665 45600
000911666 114080
000911668 100960
000911670 52032
000911671 98080
000911672 83904
000911673 85728
000911674 112000
000911675 58992
000911676 54240
000911677 105760
000911678 150880
000911679 106080
000911680 79360
000911682 97440
000911683 61648
000911684 89280
000911686 95776
000911687 95552
000911688 132848
000911690 73920
000911691 82240
000911692 77280
000911693 80800
000911694 123040
000911695 86560
000911696 57808
000911698 69440
000911699 118400
000911700 65120
000911701 56816
000911702 115680
000911703 71040
000911705 128320
000911706 46064
000911707 52416
000911708 65984
000911710 54592
000911711 63360
000911712 118400
000911713 75424
000911714 58240
000911715 105440
000911716 87360
000911720 64304
000911721 87200
000911723 60480
000911724 68208
000911725 91840
000911726 104800
000911727 95616
000911729 61568
000911730 46528
000911731 66976
000911732 97920
000911733 94080
000911734 118240
000911735 81312
000911736 67136
000911737 59520
000911738 74880
000911739 66976
000911740 73120
000911743 51216
000911744 88320
000911745 50688
000911746 67520
000911747 41600
000911748 68288
000911749 91040
000911750 80320
000911751 48960
000911752 97760
000911753 50720
000911754 50960
000911755 67808
000911756 62816
000911758 71680
000911760 63520
000911763 70560
000911765 95408
000911766 56960
000911767 64800
000911768 63200
000911769 93280
000911770 79248
000911771 60160
000911775 41760
000911776 52320
000911777 133920
000911778 77600
000911780 50880
000911781 63040
000911782 64160
000911783 98080
000911784 92320
000911785 79200
000911786 96384
000911788 65600
000911789 81760
000911791 36992
000911793 89456
000911794 56960
000911795 48528
000911797 60000
000911798 57760
000911799 106000
000911800 83184
000920001 68160
000920002 158560
000920003 86080
000920004 119520
000920005 140960
000920006 99936
000920007 106208
000920008 105024
000920009 82768
000920010 110240
000920011 73536
000920012 147408
000920013 98560
000920014 149712
000920015 129344
000920016 166032
000920017 94160
000920018 111680
000920019 154736
000920020 88912
000920021 54352
000920022 72720
000920023 73168
000920024 71648
000920025 93472
000920026 62160
000920027 61312
000920028 60400
000920029 69280
000920030 68640
000920031 76384
000920032 70432
000920033 87648
000920034 105104
000920035 50880
000920036 67376
000920037 87296
000920038 62640
000920039 63968
000920040 80512
000920041 38816
000920042 41344
000920043 68848
000920044 52656
000920045 50832
000920046 51840
000920047 49120
000920048 95808
000920049 57600
000920050 63808
000920051 52944
000920052 90512
000920053 48832
000920054 41392
000920055 68800
000920056 81264
000920057 84144
000920058 70096
000920059 65840
000920060 74368
000920061 67168
000920062 69296
000920063 90784
000920064 66640
000920065 66800
000920066 66400
000920067 66560
000920068 91904
000920069 73200
000920070 75232
000920071 59808
000920072 74576
000920073 72656
000920074 78432
000920075 61712
000920076 107840
000920077 69792
000920078 96224
000920079 75488
000920080 56992
000920081 66672
000920082 98768
000920083 71072
000920084 83920
000920085 72720
000920086 75760
000920087 77040
000920088 73568
000920089 105008
000920090 82848
000920091 82272
000920092 122400
000920093 88640
000920094 66016
000920095 79264
000920096 70256
000920097 66736
000920098 93424
000920099 76256
000920100 76560
000920101 99776
000920102 93408
000920103 154032
000920104 76704
000920105 129584
000920106 111712
000920107 109888
000920108 73760
000920109 182400
000920110 87792
000920111 100160
000920112 117776
000920113 93360
000920114 120208
000920115 96272
000920116 66096
000920117 75568
000920118 64640
000920119 74320
000920120 83808
000920121 76640
000920122 80864
000920123 75104
000920124 120688
000920125 67008
000920126 90016
000920127 93952
000920128 79120
000920129 109600
000920130 98784
000920131 68448
000920132 73568
000920133 92160
000920134 128000
000920135 75040
000920136 127584
000920137 65471
000920138 123040
000920139 64319
000920140 100512
000920141 60000
000920142 57072
000920143 103248
000920144 113280
000920145 81440
000920146 80176
000920147 114176
000920148 113440
000920149 80656
000920150 40480
000920151 57584
000920152 79440
000920153 57600
000920154 69536
000920155 85168
000920156 67744
000920157 118128
000920158 77840
000920159 64736
000920160 146880
000920161 72896
000920162 72592
000920163 107056
000920164 115008
000920165 112864
000920166 125760
000920167 130560
000920168 114528
000920169 116960
000920170 100496
000920171 78816
000920172 93600
000920173 101440
000920174 76432
000920175 143136
000920176 72704
000920177 84240
000920178 118928
000920179 92224
000920180 46096
000920181 155424
000920182 154000
000920183 55472
000920184 151872
000920185 84512
000920186 66320
000920187 118400
000920188 67600
000920189 96448
000920190 122144
000920191 136240
000920192 47632
000920193 77472
000920194 110784
000920195 105248
000920196 81552
000920197 101632
000920198 49440
000920199 126256
000920200 79424
000920201 74400
000920202 111888
000920203 106720
000920204 161984
000920205 109904
000920206 84144
000920207 95312
000920208 44480
000920209 80000
000920210 119200
000920211 117280
000920212 114256
000920213 81920
000920215 58240
000920216 122288
000920217 60176
000920218 52000
000920219 93312
