000831416 13
000831417 28
000831418 12
000831419 17
000831420 14
000831421 8
000831422 13
000831423 10
000831424 16
000831425 10
000831426 12
000831427 22
000831428 10
000831429 15
000831430 17
000831431 15
000831432 21
000831433 20
000831434 14
000831435 10
000831437 12
000831438 15
000831439 21
000831440 8
000831441 17
000831442 15
000831443 16
000831444 23
000831445 15
000831446 21
000831447 11
000831448 15
000831449 12
000831450 16
000831451 21
000831452 24
000831453 15
000831454 5
000831455 21
000831456 20
000831457 13
000831458 23
000831459 15
000831460 15
000831461 16
000831462 14
000831463 21
000831464 17
000831465 13
000831466 19
000831467 9
000831468 15
000831469 19
000831470 18
000831471 13
000831472 20
000831473 12
000831474 8
000831475 20
000831476 13
000831477 14
000831478 16
000831479 17
000831480 35
000831481 12
000831482 15
000831483 17
000831484 14
000831485 9
000831486 8
000831487 17
000831488 15
000831489 26
000831490 13
000831491 18
000831492 14
000831493 11
000831494 12
000831495 11
000831496 21
000831497 15
000831498 15
000831499 14
000831500 17
000831501 22
000831502 20
000831503 14
000831504 27
000831505 24
000831506 28
000831507 10
000831508 18
000831509 21
000831510 14
000831511 24
000831512 24
000831513 22
000831514 27
000831515 19
000831516 24
000831517 34
000831518 34
000831519 9
000831520 23
000831521 19
000831522 22
000831523 13
000831524 17
000831525 11
000831526 33
000831527 26
000831528 21
000831529 51
000831530 14
000831531 15
000831532 19
000831533 16
000831534 7
000831535 23
000831536 16
000831537 17
000831538 22
000831539 14
000831540 16
000831541 8
000831542 29
000831543 9
000831544 13
000831545 12
000831546 26
000831547 13
000831548 24
000831549 24
000831550 16
000831551 29
000831552 12
000831553 41
000831554 16
000831555 22
000831556 33
000831557 13
000831558 11
000831559 19
000831560 15
000831561 33
000831562 18
000831563 17
000831564 10
000831565 10
000831566 21
000831567 30
000831568 16
000831569 12
000831570 9
000831571 21
000831572 17
000831573 22
000831574 19
000831575 15
000831576 22
000831577 32
000831578 7
000831579 17
000831580 17
000831581 16
000831582 16
000831583 8
000831584 28
000831585 6
000831586 11
000831587 24
000831588 14
000831589 17
000831590 11
000831591 17
000831592 38
000831593 22
000831594 27
000831595 19
000831596 19
000831597 24
000831598 9
000831599 14
000831600 25
000831601 29
000831602 24
000831603 13
000831604 26
000831605 26
000831606 15
000831607 12
000831608 16
000831609 8
000831610 10
000831611 11
000831612 8
000831613 8
000831614 29
000831615 16
000831616 10
000831617 26
000831618 11
000831619 14
000831620 34
000831621 19
000831622 15
000831623 27
000831624 29
000831625 21
000831626 8
000831627 17
000831628 16
000831629 18
000831630 11
000831631 26
000831632 11
000831633 15
000831634 8
000831635 24
000831636 17
000831638 21
000831639 12
000831640 15
000831641 18
000831642 11
000831643 22
000831644 18
000831645 6
000831646 40
000831647 9
000831649 29
000831650 16
000831651 26
000831652 28
000831653 23
000831654 23
000831655 20
000831656 11
000831657 20
000831658 15
000831659 17
000831660 8
000831661 27
000831662 24
000831663 43
000831664 10
000831665 18
000831666 21
000831667 9
000831668 28
000831669 25
000831670 16
000831671 26
000831672 8
000831673 26
000831674 20
000831675 29
000831676 5
000831677 29
000831678 22
000831679 19
000831680 33
000831681 16
000831682 42
000831683 14
000831684 36
000831686 39
000831687 36
000831688 21
000831689 22
000831690 15
000831691 18
000831692 29
000831693 35
000831694 28
000831695 12
000831696 30
000831697 19
000831698 14
000831699 26
000831700 25
000831701 12
000831702 19
000831703 21
000831704 26
000831705 23
000831706 13
000831707 16
000831708 14
000831709 15
000831710 22
000831711 28
000831712 16
000831713 13
000831714 27
000831715 5
000831717 22
000831718 18
000831719 20
000831720 9
000831721 12
000831722 14
000831723 17
000831724 12
000831725 9
000831726 24
000831727 18
000831728 10
000831729 19
000831730 12
000831731 25
000831732 23
000831733 20
000831734 13
000831735 24
000831736 11
000831737 23
000831738 7
000831739 15
000831740 21
000831741 10
000831742 11
000831743 27
000831744 27
000831745 34
000831746 29
000831747 12
000831748 11
000831749 25
000831750 16
000831751 23
000831752 9
000831753 5
000831754 18
000831755 29
000831756 27
000831757 19
000831758 28
000831759 11
000831760 14
000831761 12
000831762 15
000831763 18
000831764 26
000831765 25
000831766 15
000831767 19
000831768 8
000831769 20
000831770 43
000831771 22
000831772 33
000831773 10
000831774 16
000831775 24
000831776 39
000831777 15
000831778 18
000831779 22
000831780 28
000831781 42
000831782 25
000831783 26
000831784 11
000831785 17
000831786 28
000831787 19
000831788 17
000831789 34
000831790 13
000831791 18
000831792 29
000831793 23
000831794 21
000831795 7
000831796 10
000831797 25
000831798 50
000831799 25
000831800 17
000840001 10
000840002 42
000840003 16
000840004 34
000840005 36
000840006 20
000840007 30
000840008 21
000840009 14
000840012 35
000840013 18
000840014 36
000840015 27
000840016 46
000840017 18
000840018 24
000840019 42
000840020 23
000840021 7
000840024 12
000840025 21
000840026 9
000840027 12
000840028 8
000840029 11
000840030 15
000840031 14
000840032 19
000840034 20
000840035 7
000840036 8
000840037 17
000840038 10
000840039 10
000840040 14
000840042 4
000840043 13
000840044 10
000840045 6
000840046 9
000840047 11
000840048 15
000840049 7
000840050 14
000840052 17
000840053 8
000840054 7
000840055 12
000840057 16
000840058 14
000840059 9
000840060 14
000840061 16
000840062 11
000840063 20
000840064 13
000840065 18
000840066 8
000840067 11
000840068 13
000840069 20
000840070 19
000840071 14
000840072 11
000840073 15
000840074 14
000840075 13
000840076 18
000840077 7
000840078 20
000840079 14
000840081 13
000840082 17
000840083 14
000840084 13
000840085 11
000840086 14
000840088 15
000840089 21
000840090 22
000840091 15
000840092 35
000840093 16
000840094 13
000840095 14
000840096 14
000840097 13
000840098 19
000840099 17
000840100 17
000840101 11
000840102 17
000840103 30
000840104 15
000840105 23
000840106 19
000840107 33
000840109 15
000840110 23
000840111 20
000840112 9
000840113 20
000840114 9
000840115 21
000840116 14
000840117 14
000840118 21
000840119 14
000840120 29
000840121 7
000840122 15
000840123 20
000840124 9
000840125 22
000840126 19
000840127 33
000840128 19
000840129 20
000840130 15
000840131 10
000840132 21
000840133 21
000840134 20
000840135 12
000840136 19
000840137 22
000840138 22
000840139 15
000840140 19
000840141 14
000840142 25
000840143 16
000840144 25
000840145 38
000840146 10
000840147 20
000840149 16
000840150 12
000840151 40
000840153 32
000840154 6
000840155 35
000840156 13
000840157 32
000840158 30
000840160 22
000840161 22
000840162 6
000840163 25
000840164 13
000840165 35
000840166 33
000840167 29
000840168 20
000840169 15
000840170 15
000840171 39
000840172 26
000840173 21
000840174 29
000840175 23
000840176 23
000840177 22
000840178 25
000840179 26
000840180 15
000840182 16
000840183 20
000840184 14
000840185 23
000840186 23
000840187 5
000840188 24
000840189 17
000840190 14
000840191 13
000840192 23
000840193 15
000840194 19
000840195 12
000840196 21
000840197 12
000840198 24
000840201 15
000840202 25
000840203 21
000840206 18
000840208 15
000840209 36
000840211 21
000840212 14
000840213 23
000840214 21
000840216 19
000840217 7
000840218 15
000840220 23
000840221 28
000840222 30
000840223 30
000840224 13
000840225 27
000840226 15
000840227 6
000840228 14
000840229 12
000840230 14
000840231 20
000840232 28
000840233 15
000840234 17
000840235 14
000840237 36
000840238 17
000840239 24
000840240 24
000840241 9
000840243 28
000840244 18
000840245 16
000840246 23
000840247 26
000840248 18
000840249 10
000840251 13
000840252 16
000840253 10
000840254 22
000840258 23
000840259 30
000840263 37
000840267 13
000840268 28
000840269 11
000840270 28
000840272 28
000840273 15
000840274 19
000840275 27
000840276 13
000840277 9
000840278 11
000840279 24
000840281 21
000840283 27
000840284 28
000840285 6
000840286 42
000840287 18
000840288 45
000840289 18
000840290 13
000840291 19
000840292 17
000840293 13
000840294 33
000840295 19
000840296 20
000840297 25
000840298 17
000840299 8
000840300 23
000840302 32
000840303 26
000840304 36
000840306 23
000840307 24
000840308 23
000840309 17
000840310 14
000840311 15
000840313 21
000840314 20
000840317 9
000840318 21
000840319 6
000840320 22
000840321 39
000840322 37
000840324 27
000840325 21
000840326 23
000840327 29
000840328 10
000840330 15
000840332 14
000840333 13
000840334 15
000840336 15
000840337 36
000840338 19
000840339 25
000840340 33
000840341 21
000840342 23
000840343 8
000840344 27
000840345 31
000840346 22
000840347 24
000840349 32
000840350 38
000840351 29
000840354 25
000840355 8
000840356 9
000840357 27
000840358 23
000840359 17
000840360 13
000840361 12
000840363 31
000840364 19
000840365 19
000840366 16
000840368 11
000840369 10
000840370 12
000840371 20
000840372 27
000840373 36
000840374 19
000840375 32
000840376 43
000840377 14
000840378 25
000840379 24
000840380 19
000840381 42
000840384 22
000840385 18
000840387 12
000840388 32
000840389 19
000840390 11
000840391 9
000840392 31
000840393 16
000840394 20
000840395 48
000840396 15
000840397 45
000840398 24
000840399 14
000840400 15
000841402 18
000841403 13
000841404 21
000841407 17
000841408 16
000841409 10
000841411 19
000841412 21
000841413 6
000841414 18
000841415 11
000841416 13
000841418 12
000841419 16
000841420 14
000841422 15
000841423 10
000841424 15
000841426 12
000841427 22
000841432 20
000841433 19
000841436 12
000841437 12
000841439 19
000841441 17
000841442 20
000841443 17
000841444 19
000841445 15
000841447 11
000841448 16
000841449 12
000841450 16
000841451 21
000841452 25
000841453 15
000841454 6
000841457 19
000841458 23
000841459 15
000841460 15
000841461 17
000841463 20
000841464 16
000841465 13
000841466 19
000841467 9
000841468 15
000841470 18
000841471 14
000841472 20
000841473 12
000841474 8
000841475 18
000841476 13
000841477 13
000841478 20
000841479 17
000841480 31
000841482 14
000841483 17
000841484 15
000841485 10
000841487 19
000841488 15
000841489 25
000841490 13
000841491 21
000841493 9
000841494 14
000841495 12
000841496 21
000841497 15
000841498 15
000841500 18
000841502 13
000841504 10
000841505 15
000841506 24
000841508 22
000841509 21
000841510 38
000841511 15
000841512 15
000841514 14
000841515 9
000841516 25
000841517 40
000841518 29
000841519 15
000841520 12
000841521 12
000841523 27
000841524 14
000841525 13
000841526 15
000841527 35
000841528 30
000841529 14
000841530 19
000841531 17
000841532 10
000841533 49
000841534 8
000841535 7
000841536 15
000841537 16
000841538 9
000841539 24
000841540 6
000841541 16
000841542 19
000841543 21
000841544 11
000841545 50
000841546 15
000841550 17
000841552 18
000841553 13
000841554 9
000841555 29
000841557 18
000841558 20
000841560 12
000841563 6
000841565 26
000841566 19
000841568 28
000841570 16
000841571 13
000841572 33
000841576 25
000841577 35
000841578 11
000841579 14
000841581 19
000841582 26
000841583 28
000841584 17
000841585 39
000841586 19
000841587 21
000841589 19
000841590 14
000841591 22
000841592 20
000841593 13
000841594 6
000841595 8
000841597 25
000841599 17
000841601 26
000841602 25
000841603 23
000841604 32
000841606 5
000841607 26
000841609 14
000841610 12
000841611 8
000841612 10
000841613 26
000841614 8
000841615 10
000841616 34
000841619 16
000841620 17
000841621 21
000841624 16
000841626 21
000841627 33
000841628 8
000841630 25
000841631 22
000841633 27
000841634 13
000841636 17
000841637 24
000841638 17
000841639 5
000841641 29
000841642 10
000841643 10
000841644 35
000841645 25
000841646 13
000841647 11
000841648 28
000841649 32
000841650 15
000841651 18
000841652 6
000841653 12
000841654 22
000841655 21
000841656 24
000841658 35
000841660 17
000841661 19
000841663 28
000841664 11
000841665 16
000841666 5
000841667 21
000841668 31
000841669 26
000841670 6
000841671 17
000841672 14
000841673 18
000841674 13
000841675 14
000841676 14
000841677 23
000841678 13
000841679 26
000841680 15
000841681 14
000841682 19
000841683 16
000841684 19
000841685 35
000841686 13
000841687 23
000841688 36
000841689 33
000841690 23
000841691 7
000841692 14
000841693 27
000841694 32
000841695 24
000841696 22
000841697 7
000841698 26
000841699 40
000841700 47
000841701 12
000841702 15
000841703 25
000841704 15
000841706 14
000841708 19
000841709 19
000841710 19
000841711 22
000841712 47
000841713 22
000841715 30
000841716 33
000841717 17
000841718 20
000841719 19
000841721 14
000841722 15
000841723 15
000841724 14
000841725 14
000841726 13
000841727 26
000841728 5
000841729 12
000841730 31
000841732 27
000841733 21
000841734 29
000841735 20
000841736 27
000841737 14
000841738 9
000841739 11
000841740 13
000841741 24
000841742 25
000841743 17
000841744 21
000841745 18
000841746 15
000841747 16
000841748 21
000841749 16
000841750 12
000841751 27
000841752 26
000841753 21
000841754 23
000841755 30
000841756 9
000841757 15
000841758 24
000841759 11
000841760 22
000841761 18
000841762 14
000841763 21
000841764 22
000841766 14
000841767 21
000841768 10
000841769 20
000841770 13
000841771 28
000841772 23
000841773 19
000841775 12
000841777 35
000841778 35
000841779 25
000841780 18
000841781 26
000841782 28
000841783 8
000841784 19
000841786 29
000841787 16
000841788 33
000841789 13
000841790 7
000841791 27
000841793 9
000841794 10
000841795 39
000841797 11
000841798 13
000841800 32
000850001 10
000850002 41
000850003 16
000850005 36
000850006 21
000850007 30
000850008 24
000850009 14
000850010 27
000850011 20
000850014 37
000850016 46
000850017 17
000850018 25
000850019 42
000850020 23
000850021 7
000850024 12
000850025 20
000850026 8
000850027 12
000850028 8
000850029 11
000850030 14
000850031 15
000850032 19
000850033 20
000850034 20
000850036 8
000850037 17
000850038 10
000850039 11
000850040 14
000850041 4
000850042 4
000850043 14
000850044 10
000850045 6
000850046 9
000850047 10
000850048 15
000850049 7
000850050 14
000850052 17
000850053 8
000850054 7
000850055 12
000850057 16
000850058 14
000850059 9
000850060 14
000850061 17
000850063 20
000850064 13
000850065 18
000850068 13
000850070 19
000850071 14
000850072 12
000850073 16
000850074 14
000850075 13
000850076 18
000850077 7
000850078 20
000850079 14
000850080 10
000850081 13
000850082 17
000850083 14
000850085 10
000850086 14
000850087 15
000850089 21
000850090 22
000850091 15
000850092 35
000850093 16
000850094 13
000850095 14
000850096 14
000850097 13
000850098 18
000850100 17
000850101 13
000850102 26
000850103 13
000850104 10
000850105 21
000850106 25
000850107 28
000850108 15
000850109 30
000850110 15
000850112 10
000850113 48
000850114 30
000850115 45
000850116 23
000850117 9
000850118 27
000850119 22
000850120 20
000850121 19
000850122 15
000850123 14
000850124 34
000850125 20
000850126 6
000850128 23
000850129 13
000850130 12
000850131 17
000850132 15
000850133 36
000850134 11
000850135 13
000850136 23
000850138 19
000850139 8
000850140 47
000850142 24
000850143 17
000850144 16
000850145 10
000850146 8
000850147 8
000850148 22
000850149 32
000850151 21
000850152 19
000850153 17
000850154 12
000850157 9
000850158 30
000850159 27
000850160 30
000850161 22
000850164 26
000850165 12
000850166 34
000850167 23
000850168 25
000850169 30
000850170 17
000850171 16
000850172 12
000850174 7
000850175 18
000850176 19
000850177 22
000850178 9
000850179 10
000850180 17
000850181 18
000850183 27
000850185 11
000850186 26
000850187 21
000850189 7
000850193 10
000850194 17
000850195 31
000850196 9
000850197 37
000850198 34
000850199 21
000850200 13
000850201 19
000850202 18
000850204 25
000850207 26
000850208 23
000850209 18
000850210 17
000850211 19
000850212 20
000850213 10
000850214 30
000850215 15
000850218 7
000850219 22
000850220 11
000850221 7
000850222 19
000850223 13
000850224 25
000850225 28
000850226 26
000850227 18
000850228 29
000850229 12
000850230 8
000850231 30
000850232 27
000850234 17
000850235 15
000850236 19
000850237 33
000850238 17
000850239 13
000850241 12
000850242 15
000850244 18
000850245 27
000850246 24
000850247 22
000850248 22
000850249 16
000850250 42
000850251 40
000850252 15
000850253 18
000850254 16
000850255 15
000850256 19
000850257 15
000850258 24
000850259 18
000850260 11
000850261 21
000850262 17
000850263 30
000850265 18
000850266 22
000850267 10
000850268 19
000850270 8
000850271 30
000850272 15
000850274 10
000850276 10
000850277 24
000850278 15
000850279 9
000850280 10
000850281 20
000850282 10
000850283 22
000850284 23
000850285 15
000850287 18
000850288 20
000850289 20
000850291 17
000850292 18
000850294 25
000850295 8
000850296 7
000850297 23
000850298 20
000850299 30
000850300 16
000850301 23
000850302 26
000850303 16
000850304 19
000850305 30
000850306 21
000850307 21
000850308 11
000850309 21
000850310 31
000850311 31
000850312 19
000850314 17
000850315 26
000850317 19
000850318 14
000850319 26
000850320 28
000850321 25
000850322 15
000850323 12
000850324 25
000850325 27
000850327 34
000850328 12
000850329 15
000850330 25
000850331 19
000850332 23
000850333 28
000850334 14
000850335 29
000850336 24
000850337 12
000850338 14
000850339 10
000850341 26
000850342 26
000850343 18
000850344 27
000850347 19
000850348 25
000850349 15
000850350 24
000850351 15
000850352 19
000850353 13
000850354 10
000850355 32
000850356 19
000850357 22
000850358 36
000850359 13
000850360 10
000850361 26
000850362 22
000850363 25
000850364 9
000850365 17
000850366 12
000850367 23
000850368 6
000850369 24
000850371 9
000850373 6
000850374 17
000850375 29
000850376 23
000850377 11
000850378 33
000850379 12
000850380 14
000850382 16
000850383 20
000850384 7
000850387 31
000850388 16
000850389 13
000850390 6
000850391 21
000850392 7
000850393 10
000850395 23
000850397 31
000850398 17
000850399 14
000851401 12
000851402 18
000851403 13
000851404 21
000851405 12
000851406 15
000851407 17
000851408 15
000851411 19
000851412 23
000851413 6
000851414 19
000851415 11
000851416 13
000851418 12
000851419 16
000851422 13
000851423 10
000851424 15
000851425 10
000851426 12
000851427 22
000851428 10
000851429 15
000851430 17
000851431 14
000851432 20
000851433 19
000851434 14
000851435 10
000851436 12
000851438 16
000851439 19
000851440 8
000851441 17
000851442 20
000851443 17
000851444 19
000851445 15
000851446 21
000851447 11
000851448 16
000851449 12
000851450 16
000851451 21
000851452 25
000851453 14
000851454 6
000851456 20
000851457 13
000851458 23
000851459 15
000851460 15
000851463 21
000851464 16
000851465 13
000851466 19
000851467 9
000851468 15
000851469 18
000851470 18
000851471 16
000851473 12
000851474 8
000851475 20
000851476 13
000851477 13
000851478 14
000851479 17
000851480 32
000851482 14
000851483 17
000851485 12
000851487 18
000851488 15
000851489 25
000851490 13
000851491 15
000851494 13
000851495 12
000851496 21
000851497 14
000851498 15
000851499 14
000851500 18
000851501 25
000851502 24
000851503 38
000851504 36
000851505 19
000851506 27
000851507 16
000851508 21
000851509 16
000851510 21
000851511 22
000851512 33
000851513 11
000851514 12
000851515 15
000851516 22
000851517 21
000851518 11
000851519 28
000851520 21
000851521 32
000851522 17
000851523 16
000851524 16
000851525 20
000851526 12
000851527 20
000851528 19
000851529 30
000851530 20
000851531 15
000851532 15
000851533 29
000851534 13
000851535 22
000851536 15
000851537 17
000851538 23
000851539 9
000851540 10
000851541 10
000851542 23
000851543 13
000851544 23
000851545 15
000851546 20
000851547 7
000851548 20
000851549 10
000851550 8
000851552 23
000851553 22
000851554 8
000851555 11
000851556 12
000851558 13
000851559 36
000851560 37
000851561 19
000851562 13
000851563 15
000851564 28
000851565 17
000851566 17
000851567 21
000851569 21
000851570 23
000851571 5
000851572 27
000851573 19
000851574 26
000851575 9
000851577 12
000851578 17
000851579 31
000851580 10
000851581 15
000851582 20
000851583 27
000851584 22
000851585 22
000851586 22
000851587 28
000851588 9
000851589 25
000851592 17
000851593 7
000851595 17
000851596 22
000851597 12
000851598 10
000851599 26
000851600 20
000851601 30
000851602 13
000851603 9
000851604 33
000851605 17
000851606 9
000851607 24
000851608 13
000851609 14
000851610 33
000851611 6
000851612 24
000851613 16
000851614 23
000851615 26
000851616 12
000851618 20
000851619 18
000851620 25
000851621 19
000851622 12
000851624 33
000851625 23
000851626 24
000851627 31
000851628 16
000851629 13
000851630 35
000851631 12
000851632 27
000851633 20
000851634 15
000851635 10
000851636 32
000851637 18
000851638 21
000851639 20
000851640 23
000851641 10
000851642 14
000851643 8
000851644 15
000851645 12
000851646 15
000851647 22
000851648 12
000851649 15
000851650 8
000851651 35
000851652 8
000851653 29
000851655 21
000851656 17
000851657 7
000851658 16
000851659 10
000851660 17
000851661 20
000851662 18
000851663 25
000851664 22
000851665 11
000851666 29
000851667 18
000851668 21
000851669 12
000851670 23
000851672 12
000851673 16
000851674 13
000851675 32
000851676 22
000851677 13
000851678 14
000851679 10
000851681 11
000851682 31
000851684 37
000851685 25
000851686 29
000851687 23
000851688 25
000851689 28
000851690 13
000851691 32
000851692 14
000851693 16
000851694 18
000851695 21
000851696 12
000851697 24
000851698 29
000851699 22
000851700 10
000851701 30
000851702 23
000851703 11
000851704 7
000851705 15
000851706 36
000851707 10
000851709 16
000851710 7
000851711 25
000851712 15
000851713 15
000851714 25
000851715 24
000851716 12
000851717 15
000851718 11
000851719 23
000851720 8
000851722 11
000851723 18
000851724 25
000851725 27
000851727 14
000851728 18
000851729 20
000851730 9
000851731 7
000851735 16
000851736 19
000851737 28
000851738 15
000851740 21
000851741 10
000851742 18
000851743 33
000851744 16
000851745 22
000851746 14
000851747 13
000851748 18
000851749 11
000851750 7
000851751 21
000851752 17
000851753 45
000851754 22
000851755 9
000851756 14
000851757 26
000851758 31
000851759 18
000851760 12
000851761 14
000851762 13
000851763 23
000851764 24
000851765 18
000851766 12
000851767 24
000851768 19
000851769 17
000851770 14
000851771 29
000851772 10
000851773 33
000851775 12
000851776 25
000851777 13
000851778 27
000851779 21
000851780 23
000851781 13
000851782 17
000851783 20
000851784 29
000851785 26
000851786 15
000851787 24
000851788 21
000851789 16
000851791 18
000851792 22
000851793 8
000851794 17
000851795 13
000851796 30
000851797 15
000851798 21
000851799 16
000860001 10
000860002 46
000860003 21
000860004 33
000860005 40
000860006 21
000860007 30
000860008 29
000860009 15
000860010 27
000860012 35
000860013 18
000860014 39
000860015 30
000860016 47
000860017 18
000860018 25
000860019 40
000860020 23
000860021 7
000860023 19
000860024 12
000860025 19
000860026 13
000860028 8
000860030 14
000860032 19
000860033 27
000860034 20
000860036 8
000860039 11
000860040 14
000860042 4
000860043 14
000860044 15
000860046 9
000860048 15
000860050 19
000860056 18
000860057 16
000860058 19
000860061 17
000860063 20
000860066 8
000860069 21
000860070 24
000860074 19
000860075 18
000860076 18
000860078 20
000860079 19
000860081 18
000860082 19
000860083 19
000860084 13
000860085 12
000860086 19
000860087 15
000860088 15
000860089 26
000860090 22
000860091 15
000860092 35
000860093 21
000860094 18
000860095 19
000860096 16
000860097 20
000860098 19
000860099 22
000860100 22
000860101 21
000860102 28
000860103 20
000860104 23
000860105 25
000860106 26
000860107 15
000860108 37
000860111 30
000860113 33
000860114 32
000860115 19
000860117 12
000860118 17
000860119 25
000860121 17
000860122 7
000860123 24
000860124 18
000860126 24
000860127 12
000860128 24
000860130 22
000860131 33
000860133 18
000860135 13
000860136 15
000860137 29
000860138 11
000860139 15
000860140 19
000860141 25
000860142 21
000860143 13
000860144 27
000860145 13
000860146 32
000860147 30
000860148 43
000860150 24
000860151 28
000860153 23
000860155 37
000860157 13
000860158 22
000860159 34
000860160 23
000860163 12
000860164 6
000860165 34
000860166 7
000860168 12
000860169 11
000860170 17
000860171 24
000860172 8
000860173 9
000860174 14
000860175 22
000860176 45
000860177 30
000860178 15
000860179 8
000860180 23
000860182 28
000860183 32
000860184 11
000860185 22
000860186 35
000860188 10
000860189 14
000860190 28
000860191 10
000860192 10
000860193 23
000860194 18
000860195 20
000860196 23
000860198 14
000860199 16
000860200 16
000860202 27
000860203 34
000860204 22
000860205 20
000860206 6
000860208 8
000860210 29
000860211 12
000860212 24
000860213 38
000860214 17
000860216 25
000860217 11
000860218 14
000860219 22
000860220 23
000860223 18
000860224 22
000860225 24
000860226 21
000860227 12
000860228 18
000860229 17
000860230 25
000860231 5
000860232 22
000860233 28
000860234 23
000860237 9
000860240 16
000860241 9
000860242 38
000860243 31
000860244 29
000860245 30
000860246 27
000860247 21
000860248 13
000860249 13
000860250 18
000860251 23
000860252 9
000860254 23
000860255 14
000860256 13
000860257 28
000860258 21
000860259 18
000860261 19
000860262 23
000860264 21
000860265 17
000860266 9
000860267 8
000860268 9
000860270 21
000860271 19
000860272 28
000860273 11
000860274 9
000860275 13
000860276 31
000860277 16
000860278 24
000860279 23
000860280 7
000860281 21
000860282 26
000860283 24
000860284 29
000860285 19
000860286 19
000860287 35
000860288 14
000860289 6
000860290 22
000860291 17
000860292 15
000860293 18
000860294 6
000860295 23
000860296 18
000860297 23
000860298 22
000860299 30
000860300 25
000860301 30
000860302 28
000860303 13
000860304 16
000860308 25
000860309 15
000860310 8
000860311 15
000860312 31
000860313 23
000860314 35
000860315 22
000860316 14
000860317 32
000860318 24
000860319 13
000860320 9
000860321 10
000860323 21
000860324 17
000860325 33
000860326 21
000860328 10
000860329 32
000860330 18
000860331 10
000860332 25
000860333 29
000860334 17
000860337 22
000860338 14
000860339 10
000860340 23
000860342 24
000860343 28
000860344 12
000860345 18
000860346 20
000860348 21
000860350 20
000860351 23
000860358 20
000860359 28
000860361 17
000860362 22
000860363 33
000860366 31
000860367 21
000860368 29
000860369 38
000860370 15
000860371 18
000860372 5
000860373 39
000860376 9
000860377 15
000860379 10
000860382 18
000860383 24
000860384 14
000860385 12
000860386 30
000860388 22
000860389 25
000860390 18
000860391 8
000860392 22
000860393 14
000860394 7
000860395 25
000860396 27
000860398 10
000860399 9
000860400 28
000861401 12
000861402 18
000861403 13
000861404 21
000861405 13
000861406 16
000861407 22
000861408 18
000861411 19
000861412 21
000861413 6
000861414 20
000861415 12
000861416 13
000861417 22
000861418 12
000861419 16
000861420 13
000861421 8
000861422 13
000861423 11
000861424 15
000861425 10
000861426 13
000861427 22
000861428 10
000861429 15
000861430 17
000861431 15
000861432 21
000861433 21
000861434 15
000861435 10
000861436 12
000861437 11
000861438 15
000861439 17
000861441 17
000861442 20
000861443 14
000861444 18
000861447 11
000861449 12
000861450 16
000861451 22
000861454 8
000861456 15
000861457 13
000861458 23
000861459 15
000861460 14
000861463 21
000861464 16
000861465 16
000861466 19
000861467 9
000861468 16
000861469 20
000861470 17
000861471 14
000861472 18
000861474 8
000861475 20
000861476 15
000861477 13
000861479 17
000861480 33
000861481 12
000861482 14
000861483 17
000861484 15
000861485 10
000861486 8
000861487 18
000861488 15
000861489 25
000861490 14
000861492 16
000861494 13
000861495 15
000861496 19
000861497 14
000861498 17
000861499 15
000861500 18
000861501 15
000861502 32
000861503 25
000861504 38
000861506 26
000861507 24
000861508 13
000861509 11
000861510 9
000861511 13
000861512 10
000861513 21
000861515 16
000861517 17
000861518 11
000861519 22
000861523 14
000861524 18
000861525 16
000861527 36
000861528 13
000861529 34
000861530 10
000861531 17
000861532 24
000861533 38
000861534 15
000861535 24
000861536 30
000861537 25
000861538 24
000861539 28
000861540 12
000861542 19
000861543 17
000861544 17
000861545 19
000861546 24
000861547 14
000861548 6
000861549 18
000861550 17
000861551 12
000861553 30
000861554 22
000861555 5
000861556 16
000861557 23
000861558 13
000861559 10
000861561 31
000861562 14
000861563 9
000861564 29
000861565 7
000861566 9
000861568 18
000861570 21
000861571 11
000861572 23
000861573 12
000861575 20
000861576 28
000861577 10
000861578 10
000861579 13
000861580 24
000861582 23
000861583 19
000861584 11
000861585 27
000861587 23
000861588 13
000861589 7
000861591 12
000861592 11
000861593 23
000861594 12
000861596 22
000861597 31
000861598 21
000861599 12
000861600 24
000861601 27
000861602 18
000861603 26
000861604 21
000861605 9
000861606 17
000861607 12
000861608 7
000861609 16
000861610 15
000861611 30
000861612 21
000861613 25
000861614 19
000861616 31
000861617 16
000861619 23
000861620 39
000861621 28
000861622 19
000861623 19
000861624 9
000861625 16
000861626 14
000861627 20
000861629 31
000861630 8
000861631 14
000861632 10
000861633 12
000861634 19
000861635 26
000861636 15
000861637 14
000861638 16
000861639 15
000861640 30
000861641 9
000861642 15
000861643 23
000861644 29
000861645 26
000861646 9
000861647 25
000861649 15
000861650 14
000861651 33
000861652 23
000861653 23
000861654 10
000861655 29
000861656 17
000861657 15
000861658 28
000861659 5
000861661 9
000861662 26
000861663 24
000861664 16
000861665 12
000861666 26
000861667 18
000861668 29
000861669 14
000861670 33
000861671 27
000861673 25
000861674 14
000861675 17
000861677 28
000861678 24
000861680 17
000861681 10
000861683 11
000861684 25
000861685 26
000861687 21
000861688 25
000861689 25
000861690 29
000861692 13
000861694 23
000861695 24
000861696 17
000861699 22
000861700 24
000861701 6
000861702 8
000861705 23
000861706 15
000861708 19
000861709 15
000861710 26
000861711 8
000861712 21
000861713 16
000861714 18
000861715 8
000861716 24
000861718 31
000861719 7
000861721 12
000861722 6
000861723 11
000861724 17
000861725 22
000861726 27
000861727 38
000861729 21
000861731 22
000861732 26
000861733 30
000861734 16
000861735 26
000861737 13
000861738 33
000861739 14
000861741 18
000861742 11
000861743 18
000861746 12
000861748 27
000861749 27
000861750 12
000861751 8
000861752 22
000861753 21
000861754 13
000861755 18
000861757 33
000861758 20
000861760 11
000861761 21
000861762 18
000861763 21
000861764 22
000861765 11
000861766 16
000861767 20
000861768 21
000861769 15
000861770 14
000861771 12
000861772 20
000861773 22
000861774 9
000861776 33
000861777 39
000861778 26
000861781 17
000861782 34
000861783 32
000861784 22
000861785 8
000861786 23
000861787 15
000861788 13
000861789 14
000861790 26
000861791 18
000861792 26
000861793 14
000861794 13
000861795 27
000861796 16
000861797 15
000861798 15
000861799 18
000861800 21
000870001 10
000870002 41
000870003 16
000870004 33
000870005 35
000870006 21
000870007 30
000870008 24
000870009 14
000870010 27
000870012 34
000870014 37
000870015 27
000870016 46
000870017 18
000870018 25
000870019 42
000870020 23
000870021 7
000870024 12
000870025 20
000870026 8
000870027 12
000870028 8
000870029 11
000870030 14
000870031 15
000870032 19
000870033 20
000870034 20
000870036 8
000870037 16
000870038 10
000870039 11
000870040 14
000870041 4
000870042 4
000870043 14
000870044 10
000870045 6
000870046 9
000870047 10
000870048 15
000870050 14
000870051 11
000870052 17
000870053 8
000870054 7
000870055 12
000870056 13
000870057 16
000870058 14
000870059 9
000870060 14
000870061 17
000870062 11
000870063 20
000870064 13
000870065 18
000870067 11
000870068 13
000870069 20
000870070 19
000870071 14
000870072 12
000870073 15
000870074 14
000870075 13
000870076 18
000870077 7
000870078 20
000870079 14
000870080 10
000870081 13
000870082 17
000870083 14
000870084 13
000870085 11
000870086 14
000870087 15
000870088 15
000870089 21
000870090 22
000870091 16
000870092 35
000870093 16
000870094 13
000870095 14
000870096 14
000870097 13
000870098 19
000870100 17
000870101 23
000870102 11
000870104 23
000870107 28
000870108 13
000870109 31
000870110 19
000870112 23
000870113 10
000870115 29
000870116 11
000870117 25
000870119 18
000870120 15
000870121 6
000870122 12
000870123 9
000870124 13
000870125 22
000870127 18
000870128 22
000870129 13
000870130 7
000870131 19
000870132 35
000870133 20
000870135 17
000870136 14
000870139 11
000870140 12
000870141 13
000870142 36
000870143 12
000870144 25
000870145 8
000870146 10
000870148 22
000870149 22
000870150 17
000870151 15
000870152 31
000870153 28
000870154 26
000870155 14
000870156 20
000870157 29
000870158 24
000870159 18
000870160 17
000870161 36
000870162 19
000870163 21
000870164 8
000870165 19
000870166 24
000870170 25
000870171 7
000870172 18
000870173 23
000870174 15
000870175 21
000870177 16
000870178 20
000870179 19
000870180 20
000870181 9
000870182 10
000870184 8
000870186 26
000870187 13
000870189 25
000870190 15
000870191 24
000870192 24
000870193 14
000870194 23
000870195 21
000870196 9
000870197 16
000870199 29
000870200 17
000870201 24
000870202 15
000870206 14
000870207 8
000870208 32
000870209 13
000870210 14
000870211 9
000870212 29
000870213 34
000870215 14
000870216 13
000870218 28
000870219 21
000870220 27
000870221 26
000870222 20
000870224 21
000870225 8
000870227 13
000870228 27
000870229 25
000870230 10
000870231 31
000870232 20
000870233 17
000870234 22
000870236 7
000870237 17
000870238 14
000870239 6
000870241 13
000870242 21
000870243 11
000870244 32
000870245 34
000870246 19
000870247 11
000870248 12
000870249 18
000870251 13
000870252 17
000870254 7
000870255 22
000870256 43
000870258 11
000870259 22
000870260 37
000870261 11
000870262 27
000870263 21
000870265 13
000870266 11
000870267 23
000870268 25
000870269 21
000870270 17
000870271 30
000870272 45
000870273 32
000870274 26
000870275 30
000870276 23
000870277 27
000870278 18
000870279 21
000870280 10
000870281 16
000870283 30
000870284 11
000870285 37
000870286 6
000870287 32
000870289 32
000870290 12
000870291 17
000870293 11
000870294 16
000870295 8
000870296 34
000870297 25
000870298 18
000870299 11
000870300 30
000870301 24
000870302 23
000870303 26
000870304 9
000870305 15
000870306 6
000870307 22
000870308 16
000870309 29
000870310 27
000870312 10
000870313 20
000870314 16
000870315 10
000870321 30
000870322 36
000870323 36
000870324 13
000870325 13
000870326 11
000870327 21
000870328 17
000870329 18
000870330 8
000870331 38
000870332 7
000870333 28
000870334 27
000870335 27
000870336 16
000870337 17
000870338 20
000870339 18
000870340 18
000870341 23
000870343 23
000870344 22
000870345 39
000870346 35
000870347 18
000870348 27
000870349 7
000870350 24
000870351 14
000870352 17
000870353 16
000870355 20
000870356 29
000870357 20
000870358 10
000870359 12
000870360 21
000870362 31
000870363 30
000870364 14
000870365 17
000870366 29
000870367 18
000870368 28
000870369 27
000870370 24
000870371 32
000870372 23
000870373 6
000870374 9
000870375 27
000870376 16
000870377 16
000870378 18
000870379 34
000870381 16
000870383 14
000870384 22
000870385 13
000870386 36
000870387 20
000870388 11
000870389 12
000870390 29
000870391 34
000870392 9
000870393 34
000870394 15
000870395 8
000870396 31
000870398 11
000870399 28
000870400 10
000871401 12
000871402 18
000871403 13
000871404 21
000871405 13
000871406 15
000871407 17
000871408 16
000871409 16
000871410 19
000871411 25
000871412 21
000871413 6
000871414 19
000871415 11
000871416 13
000871419 16
000871422 13
000871423 10
000871424 15
000871425 10
000871426 12
000871427 28
000871428 16
000871429 15
000871430 17
000871431 14
000871432 26
000871433 25
000871434 20
000871435 16
000871436 12
000871438 22
000871440 8
000871441 17
000871442 26
000871443 17
000871444 25
000871445 21
000871447 17
000871448 22
000871449 18
000871450 22
000871451 21
000871452 25
000871453 15
000871454 6
000871457 13
000871458 23
000871459 15
000871460 21
000871461 22
000871463 27
000871464 22
000871465 13
000871466 19
000871467 9
000871468 21
000871469 25
000871470 24
000871471 20
000871473 12
000871474 8
000871475 20
000871476 13
000871477 19
000871478 20
000871479 17
000871480 33
000871481 12
000871482 20
000871483 17
000871485 16
000871487 18
000871488 21
000871489 25
000871490 13
000871491 21
000871494 13
000871495 12
000871496 27
000871497 21
000871498 21
000871499 14
000871500 18
000871501 17
000871502 27
000871503 35
000871504 19
000871505 17
000871506 19
000871507 16
000871508 44
000871509 30
000871510 7
000871511 12
000871512 17
000871513 41
000871515 27
000871516 35
000871517 15
000871518 13
000871520 21
000871521 6
000871522 10
000871523 11
000871524 10
000871526 11
000871527 17
000871528 12
000871529 33
000871530 12
000871531 23
000871532 16
000871533 22
000871534 11
000871535 26
000871536 30
000871537 24
000871538 21
000871539 39
000871540 15
000871541 36
000871542 33
000871543 18
000871544 23
000871545 19
000871546 19
000871547 15
000871548 23
000871549 31
000871550 34
000871551 40
000871552 36
000871553 41
000871554 17
000871555 18
000871556 13
000871557 23
000871558 19
000871559 26
000871560 31
000871561 20
000871562 23
000871563 18
000871564 24
000871565 31
000871566 20
000871568 17
000871569 20
000871570 24
000871571 8
000871572 45
000871573 16
000871574 19
000871575 34
000871576 16
000871577 25
000871578 21
000871580 27
000871581 15
000871582 38
000871583 24
000871584 17
000871585 31
000871586 35
000871587 17
000871588 42
000871589 20
000871590 42
000871591 28
000871592 26
000871593 13
000871594 17
000871595 17
000871596 30
000871597 29
000871598 15
000871599 30
000871600 22
000871601 16
000871602 13
000871603 15
000871604 10
000871605 31
000871606 26
000871607 24
000871608 11
000871609 5
000871610 18
000871612 32
000871613 8
000871614 16
000871615 42
000871616 7
000871618 21
000871619 32
000871620 16
000871621 31
000871622 16
000871623 25
000871625 37
000871626 13
000871627 34
000871628 19
000871629 17
000871630 18
000871631 8
000871632 35
000871633 7
000871634 19
000871637 24
000871639 7
000871640 21
000871641 5
000871642 7
000871643 29
000871644 13
000871645 26
000871646 6
000871647 26
000871648 18
000871649 23
000871650 28
000871651 15
000871652 29
000871653 27
000871654 29
000871655 30
000871656 24
000871657 20
000871658 12
000871659 25
000871660 13
000871661 11
000871662 5
000871663 24
000871664 10
000871665 32
000871666 21
000871667 30
000871668 8
000871669 18
000871670 16
000871671 18
000871672 29
000871673 16
000871674 22
000871675 34
000871676 17
000871677 21
000871678 16
000871679 24
000871680 29
000871681 30
000871682 27
000871684 26
000871685 23
000871686 23
000871687 34
000871688 32
000871689 9
000871690 15
000871692 28
000871693 24
000871694 30
000871695 33
000871696 28
000871697 13
000871698 17
000871699 29
000871700 10
000871701 15
000871702 20
000871703 15
000871704 12
000871705 23
000871706 5
000871707 20
000871708 12
000871709 25
000871710 25
000871711 19
000871712 13
000871713 19
000871714 30
000871715 5
000871716 14
000871717 11
000871718 13
000871720 25
000871721 12
000871722 25
000871723 11
000871724 30
000871725 24
000871726 6
000871727 24
000871728 33
000871729 34
000871730 32
000871731 26
000871733 17
000871734 9
000871735 22
000871736 19
000871737 22
000871738 19
000871739 7
000871740 27
000871741 11
000871742 35
000871743 8
000871744 38
000871745 22
000871746 21
000871747 20
000871748 36
000871749 44
000871750 29
000871751 28
000871752 23
000871753 20
000871754 25
000871755 21
000871756 22
000871758 26
000871759 25
000871760 27
000871761 23
000871762 41
000871763 29
000871764 22
000871765 10
000871766 11
000871767 26
000871769 34
000871771 28
000871772 17
000871773 34
000871774 6
000871775 23
000871776 17
000871777 6
000871778 22
000871779 10
000871780 14
000871781 6
000871782 20
000871783 5
000871784 6
000871785 22
000871786 26
000871787 18
000871788 12
000871789 8
000871790 8
000871791 10
000871792 21
000871793 23
000871794 15
000871795 7
000871796 19
000871797 21
000871798 42
000871799 38
000871800 39
000880001 10
000880002 41
000880003 16
000880004 33
000880005 35
000880007 30
000880008 24
000880009 14
000880010 27
000880011 20
000880012 34
000880014 37
000880015 26
000880016 46
000880017 18
000880018 25
000880019 42
000880020 23
000880021 7
000880022 11
000880023 14
000880024 12
000880025 20
000880026 8
000880027 12
000880028 8
000880029 11
000880030 14
000880031 15
000880032 19
000880033 20
000880034 20
000880035 7
000880036 8
000880037 17
000880038 10
000880039 11
000880040 14
000880041 4
000880042 4
000880043 14
000880044 10
000880045 6
000880046 9
000880047 10
000880048 15
000880049 7
000880050 14
000880052 17
000880053 8
000880054 7
000880055 12
000880056 13
000880057 16
000880058 14
000880059 9
000880060 14
000880061 17
000880062 11
000880063 20
000880064 13
000880065 18
000880066 8
000880067 11
000880068 13
000880069 20
000880070 19
000880071 14
000880072 12
000880073 15
000880074 14
000880075 13
000880076 18
000880077 7
000880078 20
000880079 14
000880080 10
000880081 13
000880082 17
000880083 14
000880084 13
000880085 11
000880086 14
000880087 15
000880088 15
000880089 21
000880090 22
000880092 35
000880093 16
000880095 14
000880096 14
000880097 13
000880098 19
000880099 17
000880100 17
000880101 13
000880102 18
000880103 37
000880104 10
000880105 19
000880106 26
000880107 27
000880108 19
000880109 23
000880110 19
000880111 11
000880112 13
000880113 16
000880114 26
000880115 21
000880116 18
000880117 8
000880118 29
000880119 18
000880120 36
000880121 28
000880122 23
000880123 23
000880124 11
000880125 19
000880126 17
000880127 40
000880128 16
000880129 7
000880130 19
000880131 5
000880132 24
000880133 21
000880134 24
000880135 14
000880136 23
000880137 19
000880138 8
000880139 9
000880140 20
000880141 14
000880142 14
000880143 23
000880144 12
000880145 29
000880146 7
000880147 20
000880148 10
000880149 16
000880150 24
000880151 17
000880152 19
000880153 32
000880154 28
000880155 26
000880156 11
000880157 20
000880158 14
000880159 11
000880160 12
000880161 17
000880162 15
000880163 21
000880164 15
000880165 16
000880166 6
000880167 18
000880168 34
000880169 23
000880170 24
000880171 17
000880172 20
000880173 23
000880174 25
000880175 31
000880176 20
000880177 13
000880178 22
000880179 28
000880180 16
000880181 10
000880182 13
000880183 10
000880184 20
000880185 21
000880186 22
000880187 21
000880188 31
000880189 16
000880190 21
000880191 20
000880192 26
000880193 18
000880194 28
000880195 11
000880196 23
000880197 14
000880198 13
000880199 14
000880200 7
000880201 16
000880202 27
000880203 21
000880204 8
000880205 11
000880206 14
000880207 20
000880208 10
000880209 16
000880210 16
000880211 6
000880212 12
000880213 30
000880214 22
000880215 22
000880216 20
000880217 15
000880218 15
000880219 15
000880220 17
000880221 25
000880222 15
000880223 16
000880224 19
000880225 10
000880226 21
000880227 21
000880228 28
000880229 9
000880230 11
000880231 27
000880232 16
000880233 11
000880234 18
000880235 34
000880237 28
000880238 21
000880239 17
000880240 20
000880241 17
000880242 16
000880243 14
000880244 25
000880245 26
000880246 37
000880247 28
000880248 12
000880249 19
000880250 9
000880251 22
000880252 21
000880253 22
000880255 10
000880256 18
000880257 23
000880258 17
000880259 30
000880260 15
000880261 23
000880262 6
000880263 28
000880264 22
000880265 24
000880266 29
000880267 27
000880268 6
000880269 28
000880270 23
000880271 24
000880272 7
000880273 23
000880274 22
000880275 7
000880276 10
000880277 16
000880278 13
000880279 19
000880280 19
000880281 25
000880283 20
000880284 25
000880285 16
000880286 25
000880287 12
000880288 24
000880289 9
000880290 7
000880291 17
000880292 20
000880293 19
000880294 23
000880295 9
000880296 30
000880297 32
000880298 24
000880299 32
000880300 25
000880301 5
000880302 33
000880303 22
000880304 30
000880305 10
000880306 23
000880307 18
000880308 19
000880309 10
000880310 28
000880311 5
000880312 31
000880313 18
000880315 18
000880316 24
000880317 22
000880318 15
000880319 29
000880320 12
000880321 7
000880322 23
000880323 6
000880324 42
000880325 17
000880326 14
000880328 7
000880329 22
000880330 22
000880331 26
000880332 33
000880333 13
000880334 38
000880335 23
000880336 22
000880337 18
000880338 8
000880339 26
000880340 12
000880341 20
000880342 10
000880343 18
000880344 6
000880345 30
000880346 11
000880348 20
000880349 17
000880350 17
000880351 12
000880352 16
000880353 20
000880354 16
000880355 25
000880356 11
000880357 20
000880358 20
000880359 17
000880360 15
000880361 21
000880362 36
000880363 12
000880364 19
000880365 24
000880366 24
000880367 32
000880368 14
000880369 21
000880370 10
000880371 31
000880372 14
000880373 22
000880374 15
000880375 12
000880376 12
000880377 17
000880378 24
000880379 22
000880380 31
000880381 23
000880382 16
000880383 7
000880384 20
000880385 22
000880386 20
000880387 31
000880388 21
000880389 6
000880390 18
000880391 6
000880392 35
000880393 16
000880394 20
000880395 11
000880396 19
000880397 7
000880398 20
000880399 15
000880400 21
000881401 12
000881402 18
000881403 13
000881404 21
000881405 13
000881406 15
000881407 17
000881408 16
000881409 10
000881411 19
000881412 21
000881413 6
000881415 11
000881416 13
000881417 27
000881418 12
000881419 16
000881420 14
000881421 8
000881422 13
000881423 10
000881424 15
000881425 10
000881426 12
000881427 22
000881428 10
000881429 15
000881430 17
000881431 14
000881432 20
000881433 19
000881434 14
000881435 10
000881436 12
000881437 12
000881438 16
000881439 19
000881440 8
000881441 18
000881442 20
000881443 18
000881444 19
000881445 15
000881446 21
000881447 11
000881448 16
000881449 12
000881450 16
000881451 21
000881452 25
000881453 15
000881454 6
000881455 20
000881456 20
000881457 13
000881458 23
000881459 15
000881460 15
000881461 16
000881463 21
000881464 16
000881465 13
000881466 19
000881467 9
000881468 15
000881470 18
000881471 14
000881472 20
000881473 12
000881474 8
000881475 20
000881476 13
000881477 13
000881478 14
000881479 17
000881480 33
000881481 12
000881482 14
000881483 17
000881484 15
000881485 10
000881487 18
000881488 15
000881489 25
000881491 15
000881492 16
000881493 11
000881494 13
000881495 12
000881496 21
000881497 15
000881498 15
000881499 15
000881500 18
000881501 21
000881502 24
000881503 23
000881504 17
000881505 17
000881506 29
000881507 24
000881508 14
000881509 22
000881510 15
000881511 25
000881512 31
000881513 22
000881514 33
000881515 18
000881516 19
000881517 19
000881518 22
000881519 11
000881520 19
000881521 14
000881523 31
000881524 27
000881525 14
000881526 16
000881527 21
000881528 14
000881529 24
000881530 8
000881532 19
000881533 20
000881534 20
000881535 23
000881536 22
000881537 15
000881538 16
000881539 20
000881540 8
000881541 14
000881542 5
000881543 20
000881544 12
000881545 22
000881546 9
000881547 10
000881548 9
000881549 35
000881550 31
000881551 17
000881552 19
000881553 25
000881554 12
000881555 15
000881556 15
000881557 37
000881558 14
000881559 25
000881560 8
000881561 32
000881562 24
000881563 17
000881564 19
000881565 19
000881566 23
000881567 26
000881568 11
000881569 14
000881570 15
000881571 36
000881572 13
000881573 29
000881574 24
000881575 25
000881576 29
000881577 25
000881578 12
000881579 29
000881580 26
000881581 31
000881582 30
000881583 17
000881584 22
000881585 7
000881586 17
000881587 12
000881588 23
000881589 26
000881590 21
000881591 13
000881592 25
000881593 17
000881594 44
000881595 18
000881596 20
000881597 17
000881598 26
000881599 12
000881600 43
000881601 14
000881602 14
000881603 32
000881604 10
000881605 10
000881606 16
000881608 26
000881609 22
000881610 30
000881611 30
000881612 33
000881613 26
000881614 13
000881615 14
000881616 19
000881617 9
000881618 20
000881619 18
000881620 12
000881621 23
000881622 25
000881623 11
000881624 29
000881625 20
000881626 21
000881627 32
000881628 11
000881629 19
000881630 21
000881631 12
000881632 17
000881633 6
000881634 18
000881635 30
000881636 13
000881637 39
000881638 25
000881640 24
000881641 15
000881642 15
000881643 30
000881645 8
000881646 18
000881647 7
000881648 22
000881649 13
000881650 12
000881651 24
000881652 23
000881653 9
000881654 14
000881655 28
000881656 32
000881657 9
000881658 15
000881659 21
000881660 36
000881661 18
000881662 17
000881663 13
000881664 6
000881665 25
000881666 14
000881667 12
000881668 27
000881669 5
000881670 10
000881671 19
000881672 12
000881673 12
000881674 28
000881675 15
000881677 25
000881678 13
000881679 24
000881680 24
000881681 39
000881682 31
000881683 37
000881684 35
000881685 20
000881686 17
000881687 26
000881688 12
000881689 19
000881690 26
000881691 25
000881692 22
000881693 27
000881694 24
000881695 23
000881696 18
000881697 13
000881698 5
000881699 24
000881700 7
000881701 30
000881702 17
000881703 12
000881704 38
000881705 13
000881706 16
000881707 9
000881709 14
000881710 10
000881711 19
000881712 26
000881713 13
000881714 33
000881715 25
000881716 37
000881717 14
000881718 14
000881719 16
000881720 5
000881721 13
000881722 8
000881723 15
000881724 26
000881725 33
000881726 12
000881727 27
000881728 28
000881729 12
000881730 10
000881731 8
000881732 21
000881733 11
000881734 22
000881735 22
000881736 37
000881737 14
000881738 15
000881739 10
000881740 35
000881741 22
000881742 19
000881743 18
000881744 29
000881745 11
000881746 18
000881747 28
000881748 20
000881749 13
000881750 25
000881751 36
000881752 21
000881753 28
000881754 13
000881755 18
000881756 12
000881757 8
000881758 19
000881759 10
000881760 18
000881761 20
000881763 24
000881764 21
000881765 17
000881766 31
000881767 15
000881768 22
000881769 22
000881770 29
000881771 22
000881772 16
000881773 25
000881774 8
000881775 6
000881776 7
000881777 21
000881778 14
000881779 28
000881780 26
000881781 27
000881782 32
000881784 6
000881785 23
000881786 23
000881788 8
000881789 8
000881790 13
000881791 19
000881792 17
000881793 17
000881794 13
000881795 8
000881796 35
000881797 20
000881798 41
000881799 20
000881800 26
000890001 10
000890002 42
000890003 16
000890004 33
000890005 35
000890006 21
000890007 30
000890008 24
000890009 20
000890010 27
000890012 39
000890014 37
000890015 27
000890016 52
000890017 24
000890018 25
000890019 42
000890020 29
000890021 13
000890023 13
000890024 12
000890025 20
000890026 8
000890027 12
000890028 8
000890029 17
000890030 20
000890031 21
000890032 19
000890033 20
000890034 20
000890036 14
000890037 17
000890038 9
000890039 17
000890040 20
000890041 10
000890042 4
000890043 20
000890044 10
000890045 6
000890046 9
000890047 10
000890048 15
000890049 7
000890050 14
000890052 17
000890053 8
000890054 7
000890056 12
000890057 16
000890058 14
000890059 9
000890060 14
000890061 18
000890062 11
000890063 20
000890064 13
000890065 18
000890067 11
000890068 13
000890069 20
000890070 19
000890071 14
000890072 12
000890073 15
000890074 14
000890075 13
000890076 18
000890077 7
000890078 20
000890079 14
000890081 13
000890082 17
000890083 14
000890084 13
000890085 11
000890086 14
000890087 15
000890088 15
000890089 21
000890090 22
000890092 35
000890093 16
000890094 13
000890095 16
000890096 14
000890097 13
000890098 19
000890100 17
000890101 13
000890103 8
000890104 9
000890105 22
000890106 33
000890107 24
000890108 10
000890109 25
000890110 10
000890113 9
000890115 9
000890116 17
000890117 5
000890119 32
000890121 26
000890123 22
000890124 12
000890125 27
000890126 32
000890128 6
000890129 8
000890130 23
000890131 12
000890133 6
000890134 24
000890135 9
000890136 16
000890137 7
000890138 8
000890139 22
000890140 14
000890141 15
000890142 24
000890143 28
000890144 29
000890145 16
000890146 12
000890148 16
000890149 25
000890150 15
000890151 20
000890152 11
000890154 7
000890155 21
000890156 8
000890157 14
000890160 21
000890162 16
000890163 22
000890164 29
000890165 29
000890166 9
000890167 18
000890169 12
000890172 17
000890173 15
000890174 28
000890175 34
000890176 20
000890178 35
000890179 19
000890180 30
000890181 22
000890182 5
000890183 15
000890184 22
000890185 25
000890186 18
000890188 21
000890189 26
000890190 19
000890192 16
000890193 19
000890194 23
000890195 18
000890197 19
000890198 24
000890199 21
000890201 9
000890202 26
000890203 16
000890204 16
000890205 46
000890206 17
000890207 13
000890208 12
000890209 21
000890210 7
000890211 42
000890212 15
000890213 17
000890214 23
000890216 9
000890218 7
000890220 37
000890221 10
000890224 16
000890225 16
000890227 20
000890228 17
000890230 8
000890231 23
000890232 10
000890233 18
000890234 27
000890235 12
000890237 16
000890238 16
000890240 12
000890242 25
000890243 29
000890244 17
000890245 15
000890246 18
000890247 24
000890248 14
000890249 29
000890250 11
000890252 23
000890253 21
000890255 36
000890256 18
000890257 6
000890258 18
000890259 17
000890260 23
000890262 14
000890263 26
000890264 15
000890266 39
000890267 6
000890268 14
000890269 18
000890271 8
000890272 33
000890273 33
000890274 21
000890275 11
000890276 25
000890277 28
000890280 31
000890282 10
000890284 23
000890286 23
000890287 17
000890288 26
000890289 15
000890290 26
000890291 31
000890292 11
000890294 13
000890295 7
000890296 7
000890297 23
000890298 19
000890299 14
000890300 22
000890301 11
000890302 24
000890303 19
000890304 13
000890307 30
000890309 23
000890310 12
000890311 21
000890312 11
000890313 17
000890315 16
000890317 15
000890318 25
000890320 9
000890322 40
000890323 23
000890326 17
000890327 36
000890328 23
000890329 19
000890330 18
000890332 12
000890333 10
000890334 9
000890335 8
000890336 28
000890337 17
000890339 9
000890340 28
000890343 29
000890344 11
000890345 17
000890349 25
000890350 40
000890352 34
000890353 10
000890354 16
000890355 22
000890356 25
000890357 17
000890358 34
000890359 25
000890360 13
000890361 32
000890362 11
000890363 19
000890364 18
000890365 16
000890366 24
000890367 22
000890368 7
000890369 27
000890370 6
000890372 12
000890373 8
000890374 29
000890375 9
000890376 23
000890377 7
000890379 27
000890380 9
000890381 21
000890382 15
000890383 6
000890384 13
000890385 8
000890386 13
000890387 16
000890388 12
000890389 27
000890390 20
000890391 22
000890392 14
000890396 5
000890397 24
000890398 22
000890399 14
000890400 11
000891402 18
000891403 13
000891404 21
000891405 13
000891406 15
000891408 16
000891409 10
000891411 19
000891412 21
000891413 6
000891414 19
000891415 11
000891416 13
000891418 12
000891419 16
000891422 13
000891423 10
000891424 15
000891425 10
000891427 22
000891428 10
000891429 15
000891431 14
000891432 19
000891433 19
000891434 14
000891435 10
000891436 12
000891438 16
000891439 19
000891440 8
000891441 17
000891442 20
000891444 19
000891445 15
000891446 21
000891447 11
000891448 16
000891449 12
000891450 16
000891451 21
000891452 25
000891453 14
000891454 6
000891456 20
000891457 13
000891458 23
000891459 15
000891460 15
000891461 16
000891463 21
000891464 16
000891465 13
000891466 19
000891467 9
000891468 15
000891469 19
000891470 18
000891471 14
000891473 12
000891474 8
000891475 20
000891476 13
000891477 13
000891478 14
000891479 17
000891480 33
000891482 11
000891483 16
000891485 9
000891487 18
000891488 15
000891489 27
000891490 13
000891491 18
000891492 17
000891493 11
000891495 12
000891496 21
000891497 15
000891498 14
000891499 14
000891500 18
000891501 24
000891503 11
000891504 23
000891505 34
000891506 26
000891507 12
000891508 26
000891509 34
000891510 21
000891511 13
000891512 26
000891513 29
000891514 10
000891515 7
000891518 30
000891519 6
000891520 35
000891521 29
000891522 23
000891523 14
000891524 25
000891525 32
000891526 15
000891527 27
000891528 14
000891529 23
000891530 26
000891531 35
000891532 18
000891533 27
000891534 25
000891535 10
000891536 6
000891537 11
000891538 15
000891539 18
000891540 8
000891541 15
000891542 35
000891543 21
000891545 20
000891546 15
000891547 29
000891548 10
000891549 18
000891550 25
000891551 30
000891552 15
000891553 15
000891554 18
000891556 8
000891557 16
000891558 17
000891559 24
000891560 40
000891561 8
000891563 18
000891565 18
000891566 10
000891567 18
000891568 23
000891569 9
000891570 29
000891571 32
000891572 16
000891573 8
000891575 15
000891576 20
000891577 11
000891578 15
000891580 16
000891581 15
000891582 40
000891583 13
000891584 28
000891585 28
000891586 11
000891587 24
000891588 24
000891589 7
000891590 18
000891592 11
000891594 9
000891595 13
000891596 17
000891598 13
000891599 23
000891600 12
000891602 11
000891603 15
000891605 13
000891606 28
000891607 36
000891608 15
000891609 17
000891610 25
000891611 10
000891612 16
000891613 23
000891614 13
000891615 9
000891616 18
000891617 26
000891618 21
000891619 19
000891620 23
000891621 35
000891622 17
000891623 5
000891624 32
000891625 26
000891627 26
000891628 36
000891629 17
000891630 19
000891631 10
000891632 26
000891633 23
000891634 23
000891635 46
000891636 25
000891637 7
000891639 20
000891640 11
000891642 28
000891643 32
000891644 26
000891645 27
000891646 16
000891647 11
000891649 36
000891651 9
000891652 13
000891653 8
000891654 32
000891655 13
000891656 27
000891657 30
000891658 7
000891659 16
000891660 17
000891661 28
000891662 9
000891663 24
000891664 12
000891665 24
000891666 29
000891667 11
000891668 23
000891669 24
000891670 22
000891671 26
000891672 7
000891673 14
000891674 22
000891675 15
000891676 29
000891677 22
000891678 25
000891679 23
000891680 22
000891681 8
000891682 7
000891683 15
000891684 25
000891685 14
000891686 7
000891687 10
000891688 36
000891689 10
000891690 18
000891691 24
000891692 11
000891693 29
000891694 25
000891696 12
000891697 22
000891698 14
000891699 12
000891700 15
000891701 21
000891702 9
000891704 15
000891705 33
000891706 34
000891707 15
000891708 25
000891709 13
000891710 33
000891711 29
000891712 5
000891713 30
000891714 6
000891715 30
000891716 26
000891717 24
000891718 34
000891719 8
000891720 10
000891721 20
000891722 5
000891723 16
000891724 23
000891725 26
000891726 19
000891727 8
000891728 15
000891729 27
000891730 10
000891731 10
000891732 8
000891733 15
000891734 9
000891735 20
000891736 18
000891737 26
000891738 10
000891740 13
000891741 27
000891742 27
000891743 7
000891744 15
000891745 5
000891746 11
000891747 27
000891748 24
000891749 20
000891750 24
000891751 30
000891752 19
000891753 29
000891754 10
000891755 12
000891756 30
000891757 18
000891758 12
000891759 16
000891760 8
000891761 18
000891762 25
000891763 20
000891764 13
000891765 20
000891766 36
000891767 10
000891768 28
000891769 6
000891770 7
000891772 21
000891773 26
000891774 18
000891775 21
000891776 32
000891778 28
000891779 30
000891780 13
000891781 11
000891782 14
000891783 40
000891784 19
000891785 16
000891787 32
000891788 27
000891789 19
000891790 21
000891791 18
000891792 21
000891793 28
000891794 20
000891795 28
000891796 27
000891797 16
000891798 33
000891799 9
000900001 10
000900002 41
000900003 17
000900005 35
000900006 21
000900007 30
000900008 24
000900009 20
000900010 28
000900011 20
000900012 34
000900014 37
000900015 27
000900016 46
000900017 18
000900018 25
000900019 42
000900020 23
000900021 7
000900022 11
000900023 14
000900024 12
000900025 26
000900026 8
000900027 12
000900028 8
000900029 11
000900030 14
000900031 15
000900032 19
000900033 20
000900034 20
000900035 7
000900036 8
000900037 17
000900038 10
000900039 11
000900040 14
000900041 10
000900042 10
000900043 14
000900044 10
000900045 6
000900046 9
000900047 10
000900048 15
000900049 7
000900050 14
000900052 17
000900053 8
000900054 7
000900055 12
000900056 13
000900057 16
000900058 14
000900059 9
000900060 14
000900061 17
000900062 11
000900063 20
000900064 13
000900065 18
000900067 11
000900068 13
000900069 20
000900070 19
000900071 14
000900072 12
000900073 15
000900074 14
000900075 13
000900076 18
000900077 7
000900078 20
000900079 14
000900081 13
000900082 17
000900083 14
000900084 13
000900085 11
000900086 14
000900087 15
000900088 15
000900089 21
000900090 22
000900091 15
000900092 35
000900093 16
000900095 14
000900096 14
000900097 13
000900098 19
000900099 17
000900100 17
000900101 16
000900102 28
000900103 25
000900105 18
000900106 19
000900107 11
000900108 10
000900109 33
000900111 12
000900112 21
000900113 24
000900114 6
000900115 24
000900116 22
000900117 36
000900118 24
000900119 11
000900120 27
000900121 5
000900122 21
000900123 22
000900124 19
000900125 33
000900127 23
000900128 5
000900129 11
000900130 18
000900132 15
000900133 30
000900134 13
000900135 9
000900136 16
000900137 14
000900138 28
000900139 25
000900140 7
000900141 24
000900142 10
000900143 5
000900144 19
000900145 28
000900146 13
000900147 17
000900148 26
000900149 21
000900150 23
000900151 8
000900152 39
000900154 6
000900155 6
000900156 13
000900157 13
000900158 11
000900159 25
000900160 21
000900162 19
000900163 22
000900164 34
000900166 22
000900167 22
000900168 29
000900169 9
000900170 19
000900171 25
000900172 19
000900173 7
000900175 22
000900176 21
000900177 16
000900178 20
000900179 15
000900181 11
000900182 26
000900184 14
000900185 21
000900187 10
000900188 17
000900189 31
000900190 46
000900191 38
000900192 10
000900193 27
000900194 5
000900195 11
000900196 21
000900197 14
000900198 31
000900199 25
000900200 7
000900202 24
000900203 27
000900204 25
000900205 9
000900206 33
000900207 35
000900208 7
000900209 25
000900210 11
000900211 29
000900213 18
000900214 21
000900215 17
000900216 36
000900217 22
000900218 31
000900219 18
000900220 26
000900221 28
000900222 22
000900223 25
000900224 25
000900225 25
000900226 15
000900227 22
000900228 14
000900229 23
000900230 14
000900231 31
000900232 28
000900234 26
000900235 12
000900236 30
000900237 8
000900238 10
000900239 17
000900240 20
000900241 18
000900242 20
000900244 15
000900245 18
000900246 19
000900247 31
000900248 21
000900249 30
000900250 18
000900251 19
000900252 24
000900254 23
000900256 21
000900257 13
000900258 33
000900259 28
000900260 14
000900261 15
000900262 25
000900263 31
000900264 25
000900265 20
000900266 21
000900267 12
000900268 18
000900269 23
000900270 29
000900271 14
000900272 22
000900273 29
000900274 9
000900276 16
000900277 22
000900278 10
000900280 34
000900281 8
000900282 25
000900283 19
000900284 36
000900285 15
000900286 22
000900287 27
000900288 29
000900290 12
000900293 13
000900294 28
000900296 14
000900297 10
000900298 7
000900299 18
000900300 13
000900301 17
000900302 16
000900303 16
000900304 14
000900305 15
000900307 8
000900308 17
000900310 23
000900311 20
000900313 20
000900314 9
000900316 19
000900317 14
000900318 12
000900319 20
000900320 19
000900321 27
000900322 18
000900323 10
000900324 13
000900325 9
000900326 14
000900327 28
000900328 5
000900329 13
000900330 19
000900331 32
000900332 13
000900335 17
000900336 15
000900337 13
000900338 18
000900339 17
000900340 10
000900341 11
000900342 25
000900343 22
000900344 33
000900345 22
000900346 19
000900347 21
000900348 13
000900349 23
000900350 17
000900351 42
000900352 39
000900353 23
000900354 26
000900355 20
000900356 9
000900357 28
000900358 33
000900359 13
000900360 23
000900361 8
000900362 19
000900363 16
000900364 14
000900366 9
000900367 17
000900368 9
000900369 29
000900370 22
000900371 17
000900372 15
000900373 12
000900374 12
000900375 24
000900376 14
000900377 20
000900378 30
000900379 27
000900381 7
000900382 28
000900383 18
000900385 11
000900386 14
000900387 20
000900388 37
000900389 27
000900390 15
000900391 18
000900392 20
000900393 17
000900395 17
000900396 11
000900398 17
000900399 20
000900400 14
000901401 12
000901402 18
000901403 13
000901404 21
000901405 13
000901406 15
000901407 17
000901408 16
000901409 10
000901411 19
000901412 21
000901413 6
000901414 19
000901415 11
000901416 13
000901417 27
000901418 12
000901420 20
000901422 13
000901423 10
000901424 15
000901425 10
000901426 12
000901427 22
000901428 10
000901429 15
000901430 17
000901431 14
000901432 20
000901433 19
000901434 14
000901436 12
000901437 12
000901438 22
000901440 8
000901441 17
000901444 19
000901445 15
000901446 21
000901447 11
000901448 16
000901449 12
000901450 16
000901451 21
000901452 25
000901453 15
000901454 6
000901455 20
000901457 13
000901459 15
000901460 15
000901461 16
000901462 14
000901463 21
000901464 16
000901465 13
000901466 19
000901467 9
000901468 15
000901469 19
000901470 18
000901471 14
000901473 12
000901474 8
000901475 20
000901476 13
000901477 13
000901478 14
000901479 17
000901480 39
000901481 18
000901482 20
000901483 23
000901484 15
000901485 10
000901487 18
000901488 15
000901489 25
000901490 13
000901491 21
000901493 11
000901494 13
000901495 12
000901496 21
000901497 15
000901498 15
000901499 14
000901500 20
000901501 25
000901502 16
000901503 28
000901504 26
000901505 18
000901506 20
000901507 16
000901508 12
000901509 10
000901510 20
000901511 15
000901512 22
000901513 17
000901514 40
000901515 7
000901516 19
000901517 29
000901518 16
000901519 31
000901520 7
000901522 7
000901523 12
000901524 17
000901525 26
000901526 33
000901527 21
000901528 12
000901529 20
000901530 16
000901531 42
000901532 24
000901533 6
000901534 17
000901535 22
000901536 25
000901537 15
000901538 18
000901539 17
000901540 23
000901541 11
000901542 11
000901543 28
000901544 17
000901545 32
000901546 19
000901547 8
000901548 26
000901549 33
000901550 20
000901551 28
000901552 18
000901553 29
000901555 21
000901556 15
000901557 12
000901558 10
000901559 16
000901561 19
000901562 25
000901563 27
000901564 25
000901565 13
000901566 7
000901568 6
000901569 25
000901570 13
000901571 23
000901572 14
000901573 21
000901574 33
000901575 7
000901576 20
000901578 13
000901579 28
000901580 14
000901581 34
000901582 29
000901583 31
000901585 11
000901586 13
000901587 7
000901588 11
000901589 19
000901590 24
000901591 26
000901592 35
000901594 25
000901595 22
000901596 16
000901597 24
000901598 38
000901599 27
000901600 19
000901601 11
000901602 19
000901603 21
000901604 16
000901606 10
000901608 28
000901609 16
000901610 10
000901611 26
000901612 14
000901613 5
000901614 12
000901615 8
000901616 11
000901617 16
000901618 20
000901619 12
000901620 12
000901621 5
000901622 13
000901623 15
000901625 15
000901626 18
000901627 6
000901628 26
000901629 19
000901630 15
000901631 19
000901632 26
000901633 32
000901635 17
000901636 24
000901637 37
000901639 26
000901640 25
000901641 24
000901642 41
000901643 10
000901644 32
000901645 28
000901646 22
000901648 14
000901649 30
000901650 41
000901651 28
000901653 34
000901654 9
000901655 19
000901656 19
000901657 13
000901658 11
000901659 24
000901660 24
000901661 34
000901662 16
000901663 21
000901664 7
000901665 24
000901666 16
000901667 14
000901669 16
000901670 18
000901671 21
000901672 11
000901673 26
000901674 18
000901675 12
000901676 35
000901677 24
000901679 23
000901680 40
000901681 17
000901682 28
000901684 25
000901685 29
000901686 9
000901687 20
000901688 13
000901689 11
000901691 35
000901692 9
000901693 12
000901694 7
000901695 13
000901697 15
000901698 23
000901699 26
000901700 31
000901701 11
000901702 9
000901703 19
000901704 19
000901705 9
000901707 24
000901708 14
000901709 32
000901710 26
000901711 11
000901712 13
000901713 15
000901714 14
000901715 16
000901717 15
000901718 31
000901719 20
000901720 16
000901721 36
000901722 28
000901723 16
000901724 17
000901725 10
000901726 18
000901727 12
000901728 19
000901729 20
000901730 18
000901731 17
000901732 14
000901733 14
000901734 16
000901735 38
000901736 18
000901737 6
000901738 13
000901740 14
000901741 14
000901742 30
000901743 15
000901744 19
000901745 32
000901746 26
000901747 10
000901748 31
000901749 40
000901750 13
000901753 13
000901754 25
000901755 15
000901756 14
000901757 27
000901758 16
000901759 15
000901761 21
000901762 23
000901763 11
000901764 24
000901765 16
000901768 19
000901769 6
000901770 17
000901771 21
000901772 25
000901773 23
000901774 8
000901775 10
000901776 9
000901777 22
000901778 14
000901780 16
000901781 14
000901783 29
000901784 18
000901785 10
000901786 30
000901789 12
000901790 10
000901791 29
000901792 28
000901793 14
000901794 8
000901796 19
000901798 14
000901799 9
000910001 10
000910002 41
000910003 16
000910005 35
000910006 21
000910007 30
000910008 24
000910009 21
000910010 27
000910011 20
000910012 34
000910013 20
000910014 37
000910016 46
000910017 18
000910019 42
000910020 23
000910021 7
000910024 12
000910025 20
000910026 8
000910027 12
000910028 8
000910029 11
000910030 14
000910031 15
000910032 19
000910033 20
000910034 20
000910036 8
000910037 17
000910038 10
000910039 11
000910040 14
000910041 4
000910042 4
000910043 14
000910044 10
000910045 6
000910046 9
000910047 10
000910048 15
000910049 7
000910050 14
000910052 16
000910053 8
000910054 7
000910057 16
000910058 14
000910059 9
000910060 14
000910061 17
000910062 11
000910063 20
000910064 13
000910065 18
000910067 11
000910068 14
000910070 19
000910071 14
000910072 12
000910073 15
000910074 14
000910075 13
000910077 7
000910078 20
000910079 14
000910080 10
000910081 13
000910082 17
000910083 14
000910084 13
000910085 11
000910086 14
000910087 15
000910088 15
000910089 21
000910090 22
000910091 15
000910093 16
000910094 13
000910095 14
000910096 14
000910097 13
000910098 19
000910100 17
000910101 7
000910102 26
000910105 30
000910106 25
000910107 29
000910109 20
000910110 13
000910111 17
000910112 22
000910113 14
000910114 15
000910115 8
000910117 12
000910118 22
000910119 11
000910120 12
000910121 31
000910122 26
000910123 23
000910124 9
000910125 19
000910126 22
000910127 18
000910128 11
000910129 29
000910130 14
000910131 10
000910132 13
000910133 19
000910134 18
000910135 11
000910136 12
000910138 24
000910140 15
000910141 16
000910142 10
000910143 22
000910144 24
000910145 43
000910148 12
000910149 16
000910150 17
000910151 19
000910152 43
000910153 10
000910154 29
000910155 8
000910156 11
000910157 11
000910158 23
000910160 26
000910161 16
000910162 19
000910163 22
000910164 28
000910165 9
000910166 19
000910167 17
000910168 17
000910171 8
000910172 13
000910173 20
000910174 23
000910175 25
000910176 37
000910179 12
000910180 18
000910181 8
000910182 14
000910183 8
000910184 15
000910185 28
000910187 24
000910188 22
000910189 9
000910190 15
000910192 26
000910193 18
000910194 30
000910196 25
000910197 25
000910198 6
000910200 11
000910202 31
000910203 19
000910204 25
000910206 32
000910207 19
000910209 19
000910210 12
000910211 18
000910214 9
000910215 19
000910216 26
000910217 30
000910218 7
000910219 23
000910220 20
000910221 14
000910222 10
000910223 12
000910227 36
000910228 20
000910229 12
000910230 17
000910232 36
000910233 16
000910234 16
000910235 19
000910236 15
000910237 12
000910238 12
000910239 8
000910240 14
000910242 27
000910243 22
000910244 22
000910245 11
000910246 9
000910249 11
000910250 21
000910251 28
000910252 20
000910256 8
000910257 25
000910260 12
000910267 32
000910269 18
000910270 17
000910271 15
000910272 19
000910273 15
000910274 17
000910275 27
000910277 11
000910281 14
000910282 25
000910283 22
000910285 22
000910286 12
000910288 15
000910289 10
000910290 25
000910291 15
000910293 29
000910294 32
000910296 9
000910297 10
000910298 36
000910299 17
000910300 19
000910301 9
000910302 10
000910303 30
000910304 20
000910305 25
000910307 26
000910309 24
000910310 16
000910311 9
000910312 21
000910313 40
000910314 25
000910317 20
000910319 32
000910320 19
000910322 22
000910323 16
000910325 14
000910328 28
000910329 6
000910330 17
000910331 6
000910332 20
000910333 8
000910335 23
000910337 28
000910338 19
000910339 9
000910340 10
000910341 30
000910342 17
000910343 26
000910344 9
000910346 6
000910347 16
000910348 11
000910349 21
000910350 11
000910351 21
000910353 18
000910354 24
000910356 23
000910357 8
000910359 18
000910361 20
000910362 13
000910363 15
000910365 19
000910367 13
000910368 24
000910369 18
000910371 17
000910372 16
000910374 14
000910375 19
000910376 26
000910377 28
000910378 16
000910379 29
000910380 37
000910381 16
000910382 14
000910383 6
000910384 15
000910385 28
000910386 30
000910387 18
000910388 21
000910389 12
000910390 26
000910391 17
000910392 12
000910393 12
000910394 16
000910395 19
000910397 22
000910399 19
000910400 26
000911401 12
000911402 18
000911403 13
000911404 21
000911405 13
000911407 17
000911408 16
000911411 19
000911412 21
000911413 6
000911414 19
000911415 11
000911416 13
000911418 12
000911422 13
000911423 10
000911424 15
000911425 10
000911426 12
000911428 10
000911429 15
000911430 17
000911431 14
000911432 20
000911433 19
000911434 14
000911435 10
000911436 12
000911438 16
000911439 19
000911440 8
000911441 17
000911442 20
000911443 18
000911444 19
000911445 15
000911447 11
000911448 16
000911449 12
000911450 16
000911451 21
000911452 25
000911453 15
000911454 6
000911457 13
000911458 23
000911459 15
000911460 15
000911463 21
000911464 16
000911465 13
000911466 19
000911467 9
000911470 18
000911471 14
000911473 12
000911474 8
000911475 20
000911476 13
000911478 14
000911479 17
000911480 33
000911482 14
000911483 17
000911485 10
000911487 18
000911488 15
000911489 25
000911490 13
000911491 15
000911494 13
000911495 12
000911496 21
000911497 15
000911498 15
000911499 14
000911500 18
000911501 15
000911502 15
000911503 8
000911504 20
000911507 12
000911508 26
000911509 10
000911510 18
000911512 15
000911513 8
000911515 13
000911516 27
000911517 31
000911518 26
000911519 15
000911521 11
000911522 21
000911523 11
000911524 8
000911525 27
000911526 28
000911527 47
000911528 12
000911530 22
000911531 13
000911532 17
000911533 36
000911534 13
000911535 26
000911536 14
000911537 14
000911538 18
000911539 29
000911540 30
000911542 7
000911543 12
000911544 6
000911545 18
000911546 22
000911549 15
000911551 13
000911552 12
000911553 19
000911554 39
000911556 21
000911557 30
000911558 14
000911559 39
000911561 21
000911563 6
000911566 15
000911567 19
000911568 32
000911569 14
000911570 37
000911571 25
000911574 20
000911575 11
000911577 12
000911578 8
000911580 18
000911581 14
000911582 28
000911583 48
000911585 12
000911586 18
000911587 12
000911588 15
000911591 14
000911593 19
000911594 25
000911595 5
000911597 16
000911598 19
000911599 9
000911600 19
000911601 12
000911602 26
000911603 5
000911604 16
000911606 18
000911609 18
000911611 18
000911612 18
000911613 20
000911615 19
000911617 24
000911618 17
000911620 12
000911621 22
000911622 26
000911623 8
000911625 21
000911626 16
000911627 19
000911628 14
000911630 21
000911631 17
000911632 17
000911633 16
000911634 10
000911635 10
000911636 19
000911637 31
000911638 36
000911639 26
000911641 7
000911642 21
000911643 29
000911644 17
000911645 10
000911646 19
000911647 9
000911650 12
000911651 13
000911652 33
000911654 34
000911655 21
000911656 18
000911659 23
000911660 31
000911662 40
000911663 11
000911664 6
000911665 9
000911666 33
000911668 34
000911670 7
000911671 23
000911672 24
000911673 17
000911674 32
000911675 14
000911676 17
000911677 24
000911678 48
000911679 20
000911680 19
000911682 26
000911683 19
000911684 22
000911686 28
000911687 31
000911688 29
000911690 21
000911691 27
000911692 16
000911693 20
000911694 33
000911695 19
000911696 12
000911698 14
000911699 36
000911700 16
000911701 16
000911702 33
000911703 19
000911705 31
000911706 10
000911707 12
000911708 14
000911710 15
000911711 12
000911712 28
000911713 17
000911714 14
000911715 23
000911716 26
000911720 11
000911721 17
000911723 12
000911724 14
000911725 21
000911726 24
000911727 25
000911729 16
000911730 8
000911731 18
000911732 28
000911733 26
000911734 45
000911735 20
000911736 10
000911737 14
000911738 18
000911739 19
000911740 17
000911743 10
000911744 22
000911745 10
000911746 21
000911747 6
000911748 20
000911749 27
000911750 26
000911751 14
000911752 27
000911753 12
000911754 13
000911755 19
000911756 17
000911758 22
000911760 17
000911763 18
000911765 22
000911766 12
000911767 17
000911768 11
000911769 26
000911770 27
000911771 15
000911775 9
000911776 12
000911777 41
000911778 20
000911780 15
000911781 14
000911782 17
000911783 32
000911784 21
000911785 16
000911786 21
000911788 13
000911789 17
000911791 5
000911793 22
000911794 11
000911795 11
000911797 15
000911798 14
000911799 43
000911800 24
000920001 10
000920002 42
000920003 16
000920004 33
000920005 35
000920006 21
000920007 30
000920008 24
000920009 14
000920010 27
000920011 20
000920012 35
000920013 20
000920014 37
000920015 27
000920016 46
000920017 18
000920018 25
000920019 42
000920020 23
000920021 7
000920022 11
000920023 14
000920024 12
000920025 20
000920026 8
000920027 12
000920028 8
000920029 11
000920030 14
000920031 15
000920032 19
000920033 20
000920034 20
000920035 7
000920036 8
000920037 17
000920038 10
000920039 11
000920040 14
000920041 4
000920042 4
000920043 14
000920044 10
000920045 6
000920046 9
000920047 10
000920048 15
000920049 7
000920050 14
000920051 11
000920052 17
000920053 8
000920054 7
000920055 12
000920056 13
000920057 16
000920058 14
000920059 9
000920060 14
000920061 17
000920062 11
000920063 20
000920064 13
000920065 18
000920066 8
000920067 11
000920068 13
000920069 20
000920070 19
000920071 14
000920072 12
000920073 15
000920074 14
000920075 13
000920076 18
000920077 7
000920078 20
000920079 14
000920080 10
000920081 13
000920082 17
000920083 14
000920084 13
000920085 11
000920086 14
000920087 15
000920088 15
000920089 21
000920090 22
000920091 15
000920092 35
000920093 16
000920094 13
000920095 14
000920096 14
000920097 13
000920098 19
000920099 17
000920100 17
000920101 28
000920102 26
000920103 29
000920104 16
000920105 26
000920106 22
000920107 20
000920108 9
000920109 41
000920110 15
000920111 21
000920112 25
000920113 17
000920114 21
000920115 18
000920116 11
000920117 14
000920118 11
000920119 12
000920120 13
000920121 10
000920122 19
000920123 15
000920124 25
000920125 12
000920126 16
000920127 14
000920128 17
000920129 24
000920130 26
000920131 11
000920132 12
000920133 21
000920134 24
000920135 12
000920136 30
000920137 8
000920138 18
000920139 12
000920140 20
000920141 9
000920142 10
000920143 23
000920144 25
000920145 15
000920146 12
000920147 30
000920148 26
000920149 16
000920150 5
000920151 10
000920152 16
000920153 8
000920154 13
000920155 14
000920156 11
000920157 30
000920158 16
000920159 9
000920160 38
000920161 12
000920162 12
000920163 23
000920164 20
000920165 24
000920166 27
000920167 25
000920168 21
000920169 25
000920170 16
000920171 15
000920172 18
000920173 20
000920174 14
000920175 27
000920176 17
000920177 17
000920178 21
000920179 19
000920180 6
000920181 45
000920182 29
000920183 6
000920184 32
000920185 16
000920186 9
000920187 22
000920188 15
000920189 22
000920190 33
000920191 24
000920192 6
000920193 14
000920194 30
000920195 23
000920196 16
000920197 24
000920198 8
000920199 27
000920200 12
000920201 13
000920202 26
000920203 21
000920204 41
000920205 16
000920206 13
000920207 18
000920208 5
000920209 19
000920210 19
000920211 25
000920212 17
000920213 18
000920215 9
000920216 24
000920217 10
000920218 9
000920219 24
