000920220 70432
000920221 131968
000920222 131760
000920223 123168
000920224 125776
000920225 72960
000920227 91840
000920228 105920
000920229 191520
000920230 82400
000920231 104480
000920232 88800
000920233 134880
000920234 100656
000920235 100000
000920236 101120
000920237 125456
000920238 82944
000920239 51840
000920240 89120
000920241 96640
000920242 64160
000920243 47664
000920244 64912
000920245 106448
000920246 78656
000920247 77536
000920248 60400
000920249 71904
000920250 98720
000920251 104352
000920252 42704
000920253 73408
000920255 108256
000920256 63776
000920257 72928
000920258 72592
000920259 53200
000920260 140064
000920261 175840
000920262 121872
000920263 53920
000920264 50688
000920265 46880
000920266 95280
000920267 99376
000920268 70128
000920269 55520
000920270 125600
000920271 94000
000920272 124560
000920273 82560
000920274 72944
000920275 59040
000920276 134160
000920277 137328
000920278 127888
000920279 124624
000920281 104288
000920282 64831
000920283 132768
000920284 92832
000920285 191216
000920286 120512
000920287 80768
000920288 83360
000920289 70416
000920290 86256
000920291 121760
000920292 89776
000920293 137120
000920294 84960
000920295 58080
000920296 64480
000920297 66816
000920298 53760
000920299 61232
000920300 98624
000920301 144640
000920302 57920
000920303 135200
000920304 74992
000920305 91680
000920306 102720
000920307 93440
000920308 78096
000920309 53328
000920311 76960
000920312 97296
000920313 66928
000920314 68000
000920316 53344
000920317 114224
000920318 121440
000920319 137872
000920320 48992
000920321 74128
000920322 121440
000920323 86864
000920324 115520
000920325 101600
000920326 90304
000920327 134560
000920328 66624
000920329 124384
000920330 87744
000920331 103152
000920332 77552
000920333 85760
000920334 113120
000920335 128192
000920336 103648
000920337 75344
000920338 105584
000920339 97552
000920340 66400
000920341 49760
000920342 90560
000920343 97440
000920344 83520
000920345 89760
000920346 58080
000920347 49600
000920348 112320
000920349 67200
000920350 77280
000920351 95360
000920352 95680
000920353 128800
000920354 102320
000920355 117440
000920356 104832
000920357 82240
000920358 134080
000920359 63984
000920360 103024
000920361 146432
000920362 96032
000920363 84512
000920364 109792
000920365 116480
000920366 87200
000920367 141104
000920368 130880
000920369 142480
000920370 79072
000920371 90608
000920372 163504
000920373 101920
000920374 77616
000920375 110624
000920376 95552
000920377 102560
000920378 45648
000920379 83200
000920380 102608
000920381 138240
000920382 110880
000920383 106080
000920384 52960
000920385 62720
000920386 58080
000920387 107840
000920388 98448
000920389 116672
000920390 60992
000920391 82976
000920392 107216
000920393 56544
000920394 108720
000920395 46224
000920396 114752
000920397 102736
000920398 64160
000920399 66656
000920400 75392
000921401 65840
000921402 82240
000921403 70096
000921404 90240
000921405 74240
000921406 59584
000921407 65984
000921408 78656
000921409 49440
000921410 67360
000921411 89504
000921412 79888
000921413 44160
000921414 84912
000921415 61648
000921416 69184
000921417 93600
000921418 66144
000921419 58800
000921420 52160
000921421 45600
000921422 56784
000921423 53072
000921424 61120
000921425 56800
000921426 65440
000921427 79360
000921428 56016
000921429 51968
000921430 73248
000921431 52336
000921432 80000
000921433 81344
000921434 61424
000921435 56112
000921436 68192
000921437 61920
000921438 58928
000921439 85920
000921440 43552
000921441 72800
000921442 71840
000921443 81856
000921444 83312
000921445 59120
000921446 85280
000921447 62416
000921448 62544
000921449 57616
000921450 66160
000921451 82048
000921452 90896
000921453 73216
000921454 42512
000921455 74880
000921456 68800
000921457 69776
000921458 92256
000921459 56784
000921460 66240
000921461 72320
000921462 53920
000921463 77184
000921464 72432
000921465 55552
000921466 70032
000921467 56352
000921468 69120
000921469 70224
000921470 68720
000921471 54560
000921472 75840
000921473 50176
000921474 53600
000921475 76384
000921476 62784
000921477 69696
000921478 55168
000921479 70560
000921480 94064
000921481 64096
000921482 64272
000921483 59344
000921484 63840
000921485 61248
000921486 58768
000921487 73248
000921488 58048
000921489 93104
000921490 51312
000921491 54480
000921492 61440
000921493 50880
000921494 57744
000921495 59104
000921496 61104
000921497 52160
000921498 60784
000921499 63216
000921500 68560
000921501 105552
000921502 63008
000921503 74544
000921504 106704
000921505 69600
000921506 51104
000921507 70560
000921508 63968
000921509 92832
000921510 62144
000921511 57936
000921512 91200
000921513 128320
000921514 94688
000921515 111760
000921516 74880
000921517 96592
000921518 87104
000921520 90240
000921521 86848
000921522 95984
000921523 35728
000921524 106400
000921525 130064
000921526 62080
000921527 80576
000921528 84560
000921529 85440
000921530 82240
000921531 76960
000921532 46720
000921533 64736
000921534 112480
000921535 57808
000921536 93328
000921537 55568
000921538 88992
000921539 72000
000921540 146080
000921541 60464
000921542 82560
000921543 91792
000921544 48848
000921545 126784
000921546 116208
000921547 84160
000921548 45904
000921549 59472
000921550 123136
000921551 73920
000921552 110560
000921553 108160
000921554 39360
000921555 61296
000921556 123952
000921557 128735
000921558 113824
000921559 73456
000921560 97344
000921561 106896
000921562 129600
000921563 55952
000921564 38272
000921565 87408
000921566 86208
000921567 93216
000921568 62192
000921569 64336
000921570 71360
000921571 83936
000921572 62064
000921573 119616
000921574 158880
000921575 114720
000921576 89392
000921577 74720
000921578 52240
000921579 69776
000921580 110080
000921581 78576
000921582 124480
000921583 83840
000921584 74848
000921585 73312
000921586 90224
000921587 109344
000921588 64831
000921589 148256
000921591 124608
000921592 96640
000921593 56704
000921594 109680
000921595 78496
000921596 69440
000921597 71312
000921598 91152
000921599 73760
000921600 116640
000921601 91040
000921602 93920
000921603 76944
000921604 67680
000921605 99344
000921606 51200
000921607 83360
000921608 70464
000921609 128048
000921610 94400
000921611 122976
000921612 66400
000921614 96688
000921615 98800
000921616 87200
000921617 74880
000921618 66720
000921619 96512
000921620 98176
000921622 56448
000921623 101728
000921624 63680
000921625 88560
000921626 162688
000921627 94272
000921628 100224
000921629 106528
000921630 118864
000921631 123424
000921632 57808
000921633 107120
000921634 40240
000921635 105440
000921636 114144
000921637 102752
000921638 74896
000921639 51840
000921640 70960
000921641 59344
000921642 63200
000921643 75968
000921644 70080
000921645 59984
000921646 127040
000921647 49328
000921648 66720
000921649 84688
000921650 64304
000921651 49088
000921652 85472
000921653 103072
000921654 109760
000921655 66864
000921656 94416
000921657 87232
000921658 73488
000921659 71824
000921660 66864
000921661 91904
000921662 98224
000921663 53440
000921664 82384
000921665 84016
000921666 101440
000921667 40640
000921668 60640
000921669 94160
000921670 58656
000921671 64080
000921672 74992
000921673 93808
000921674 144880
000921675 118096
000921676 121152
000921677 97952
000921678 78000
000921679 70448
000921680 99280
000921681 99520
000921682 112368
000921683 78288
000921684 80960
000921685 73728
000921686 75200
000921687 38608
000921688 53200
000921689 56480
000921690 50080
000921691 91552
000921692 76672
000921693 81536
000921694 72800
000921695 127040
000921696 94400
000921697 55744
000921698 99184
000921699 53264
000921700 96528
000921701 116576
000921702 86336
000921703 74576
000921704 141376
000921705 69584
000921706 85504
000921707 73344
000921708 103856
000921709 70400
000921710 97808
000921711 140528
000921712 55200
000921713 75824
000921714 134240
000921715 132416
000921716 131104
000921717 82816
000921718 77200
000921719 44448
000921720 120016
000921721 85888
000921722 65440
000921723 111040
000921724 71520
000921725 39056
000921726 92048
000921727 68672
000921728 53120
000921729 80720
000921730 48368
000921731 72400
000921732 101248
000921733 76880
000921734 109664
000921735 104096
000921736 93008
000921737 77040
000921738 39200
000921739 85680
000921740 102272
000921741 81424
000921742 83920
000921743 92736
000921744 72400
000921745 80976
000921746 65920
000921747 86304
000921748 71520
000921749 88512
000921750 104400
000921751 88768
000921752 51408
000921753 69360
000921754 126592
000921755 67568
000921756 114240
000921757 138880
000921758 75824
000921759 70672
000921760 81824
000921761 52992
000921762 41472
000921763 88624
000921764 166208
000921765 42240
000921766 67504
000921767 120016
000921768 103536
000921769 61456
000921770 64272
000921771 101584
000921772 92944
000921773 119424
000921774 50464
000921775 50080
000921776 80224
000921777 63136
000921778 72768
000921779 63104
000921780 74192
000921781 102720
000921782 97280
000921783 105248
000921784 58352
000921785 70288
000921786 123184
000921787 79104
000921788 80480
000921789 82560
000921790 51840
000921791 48128
000921792 102880
000921793 114304
000921794 91680
000921795 48320
000921796 55488
000921797 104880
000921798 54640
000921799 58832
000921800 70384
000930002 152000
000930003 80800
000930004 116320
000930005 165888
000930006 101120
000930007 99040
000930008 97280
000930010 112752
000930012 145920
000930013 97120
000930014 146720
000930015 123840
000930016 156320
000930017 95040
000930018 95040
000930019 152960
000930020 91680
000930021 51200
000930023 69280
000930024 76560
000930025 89184
000930026 58240
000930027 54080
000930028 53920
000930029 65391
000930030 73920
000930031 71584
000930033 89760
000930034 118240
000930035 49920
000930036 62880
000930037 100960
000930038 62880
000930039 62224
000930040 77472
000930041 37120
000930042 40640
000930043 58240
000930044 50880
000930045 45040
000930046 48640
000930047 46720
000930048 93920
000930049 48512
000930050 56320
000930052 82880
000930053 41760
000930054 41744
000930055 63200
000930056 72960
000930058 71056
000930059 58880
000930060 64304
000930062 65600
000930063 84320
000930064 69600
000930065 60480
000930067 60160
000930069 77760
000930070 59520
000930071 53760
000930072 76320
000930073 71360
000930077 62240
000930078 101120
000930079 77120
000930080 47840
000930081 66640
000930082 89520
000930083 66720
000930084 65120
000930085 68192
000930087 73600
000930089 103040
000930090 81408
000930091 81920
000930092 112016
000930093 86720
000930094 62880
000930095 66400
000930096 66880
000930097 66704
000930098 90720
000930099 70240
000930101 125280
000930102 84160
000930104 53600
000930105 118560
000930106 136320
000930107 142400
000930108 135360
000930109 140960
000930110 89280
000930112 72320
000930113 51520
000930114 66272
000930115 107680
000930117 60192
000930119 88800
000930120 56960
000930121 114080
000930122 98400
000930123 88640
000930124 137440
000930126 47040
000930127 69920
000930129 113120
000930130 86720
000930131 68000
000930132 95520
000930133 136960
000930134 84000
000930135 109920
000930136 55040
000930137 92960
000930138 102400
000930139 63840
000930140 134080
000930141 114560
000930142 66720
000930143 101280
000930144 123200
000930145 43200
000930146 63040
000930148 49280
000930149 98560
000930151 55040
000930152 50000
000930153 121600
000930154 145920
000930155 130560
000930156 124960
000930158 74880
000930159 119840
000930160 131360
000930161 123680
000930162 99840
000930164 169920
000930166 82720
000930168 100480
000930170 79840
000930172 64800
000930173 69440
000930174 97120
000930176 114240
000930177 145760
000930178 90080
000930179 98240
000930180 83024
000930182 112160
000930183 75040
000930184 132960
000930185 98560
000930186 106560
000930187 74720
000930189 133600
000930190 148960
000930191 121360
000930192 74320
000930193 68080
000930195 57120
000930196 104480
000930197 105744
000930198 97440
000930201 54672
000930202 65280
000930203 148480
000930205 126240
000930207 151040
000930209 109920
000930210 88160
000930211 88640
000930213 71360
000930214 124480
000930215 120960
000930216 143200
000930217 125008
000930218 118880
000930220 120160
000930221 100320
000930222 86400
000930223 69600
000930224 101280
000930225 92160
000930226 109280
000930228 67040
000930229 61280
000930232 96000
000930233 163680
000930234 76160
000930235 114704
000930236 64288
000930237 90560
000930238 136320
000930239 163520
000930240 123040
000930241 64959
000930242 48672
000930243 52288
000930244 143680
000930245 141600
000930246 69344
000930247 53280
000930248 99600
000930249 113744
000930250 111520
000930251 167360
000930253 104480
000930255 121920
000930256 108480
000930257 79664
000930258 79584
000930259 47264
000930260 71488
000930262 73280
000930263 84960
000930264 100848
000930266 99840
000930268 102080
000930269 117120
000930270 76176
000930271 56896
000930272 124480
000930273 70080
000930274 96320
000930276 120800
000930277 156800
000930278 95680
000930279 146880
000930280 79840
000930281 136544
000930283 86400
000930284 94080
000930285 47360
000930287 96832
000930288 93760
000930289 155520
000930291 130880
000930292 51040
000930293 107200
000930294 89600
000930296 105600
000930298 112384
000930299 78720
000930300 150560
000930301 72320
000930302 113120
000930303 108000
000930304 144128
000930305 165024
000930306 76400
000930307 76480
000930308 128768
000930309 52000
000930310 103520
000930311 118880
000930312 145760
000930313 51280
000930314 124800
000930315 129088
000930316 51520
000930317 99136
000930318 128320
000930319 124160
000930320 179040
000930321 58880
000930322 134880
000930323 117280
000930324 151520
000930326 122880
000930327 109120
000930328 77920
000930329 66080
000930331 57760
000930332 81440
000930333 68848
000930334 124000
000930335 65488
000930336 66592
000930337 66560
000930338 52656
000930339 101120
000930340 140320
000930343 90560
000930344 139040
000930346 80640
000930347 132000
000930348 85440
000930349 70560
000930350 94880
000930351 102720
000930352 126240
000930353 127840
000930354 48320
000930355 60480
000930357 78080
000930359 114080
000930361 78032
000930362 52480
000930363 139936
000930364 72976
000930366 57600
000930367 89872
000930369 86560
000930371 88160
000930372 140352
000930374 77856
000930375 88448
000930376 107520
000930379 76560
000930380 94016
000930381 83248
000930382 89040
000930383 82032
000930384 123120
000930386 53200
000930388 107872
000930389 102480
000930390 159840
000930392 88640
000930393 131008
000930395 92736
000930396 80528
000930398 61696
000930399 64544
000930400 123888
000931402 77184
000931403 72800
000931404 95840
000931405 70912
000931406 66880
000931407 61440
000931408 75520
000931409 50208
000931411 96960
000931412 84000
000931414 90880
000931415 52000
000931416 75664
000931417 99360
000931418 58560
000931419 59680
000931421 43040
000931423 46560
000931424 59840
000931425 58080
000931426 63824
000931427 76640
000931428 46560
000931429 46048
000931430 67680
000931433 87520
000931434 67840
000931436 61728
000931437 56480
000931438 59360
000931439 94736
000931440 45936
000931441 64160
000931444 92800
000931446 81328
000931448 57280
000931450 69280
000931452 86736
000931455 72960
000931457 70608
000931458 91200
000931459 57632
000931460 76960
000931461 81072
000931462 56160
000931463 85600
000931464 67360
000931465 64959
000931466 78560
000931467 53920
000931469 74160
000931470 56960
000931471 56640
000931472 71360
000931474 53840
000931475 69440
000931476 75184
000931477 72160
000931478 52320
000931479 64319
000931480 111040
000931481 68784
000931482 76112
000931483 75984
000931484 55696
000931485 66240
000931486 68992
000931487 86944
000931488 69424
000931489 105712
000931492 71040
000931494 60000
000931495 57600
000931497 63680
000931498 61920
000931499 75888
000931501 74080
000931502 108480
000931503 148160
000931505 115840
000931507 87200
000931508 145280
000931509 81280
000931510 102560
000931511 69920
000931512 112480
000931513 94720
000931516 80320
000931517 85920
000931518 116080
000931519 112960
000931521 130880
000931523 74064
000931524 118400
000931525 125760
000931527 101440
000931528 136480
000931529 84480
000931530 157920
000931531 75504
000931532 58240
000931533 121280
000931534 53168
000931535 74704
000931536 45792
000931537 65263
000931538 60368
000931539 140144
000931540 83360
000931541 113296
000931542 127520
000931543 99328
000931544 105936
000931545 135040
000931546 46720
000931547 139344
000931548 117920
000931550 99360
000931551 105760
000931552 116480
000931553 78560
000931554 93760
000931555 62560
000931556 77440
000931557 115360
000931558 127360
000931559 74240
000931560 54896
000931561 92368
000931563 73760
000931564 107840
000931566 92160
000931567 69440
000931568 80960
000931569 74560
000931570 71200
000931571 141952
000931572 83040
000931573 73280
000931574 99040
000931575 86464
000931576 77632
000931577 91520
000931578 105920
000931579 62000
000931580 107040
000931581 94976
000931583 61440
000931584 47680
000931585 77600
000931586 116800
000931587 64319
000931588 59584
000931589 42416
000931590 105936
000931591 72336
000931592 97008
000931593 96320
000931594 105760
000931595 93440
000931597 151360
000931598 122240
000931599 148016
000931600 71520
000931601 71840
000931602 108960
000931603 69280
000931604 135200
000931605 70240
000931606 150240
000931607 71504
000931608 109136
000931609 79200
000931610 151520
000931612 76000
000931613 161104
000931615 104640
000931616 120800
000931617 63360
000931618 65760
000931619 98560
000931620 62240
000931621 105440
000931623 50400
000931624 45616
000931625 72640
000931626 100640
000931627 55680
000931628 97920
000931629 114080
000931630 69600
000931631 73600
000931632 78240
000931633 143680
000931634 109120
000931635 132000
000931636 51520
000931639 105600
000931640 70080
000931641 152320
000931642 127040
000931643 154560
000931644 91360
000931645 102240
000931646 119680
000931647 96480
000931648 68384
000931650 101184
000931651 66560
000931652 75680
000931653 79040
000931654 83200
000931656 87040
000931657 108000
000931658 113280
000931659 46560
000931660 123360
000931661 111680
000931663 83520
000931664 195200
000931665 60960
000931666 63200
000931668 79360
000931670 67088
000931671 69600
000931672 45008
000931673 113568
000931674 43168
000931675 80160
000931676 69760
000931677 129120
000931678 106400
000931679 98720
000931680 137904
000931681 86240
000931682 70560
000931683 136320
000931684 74880
000931685 60160
000931686 96320
000931687 151520
000931688 83520
000931689 125120
000931690 122720
000931691 142240
000931692 101920
000931693 80800
000931694 105920
000931695 141760
000931696 66720
000931697 129280
000931698 75360
000931699 59520
000931700 114080
000931701 123840
000931702 37888
000931703 128639
000931704 46720
000931705 60960
000931706 80960
000931707 64000
000931708 99840
000931709 123200
000931710 117600
000931711 73440
000931712 101920
000931713 78400
000931714 91840
000931715 45120
000931716 85120
000931717 85920
000931718 121440
000931719 147360
000931720 45120
000931721 103680
000931722 130400
000931723 63200
000931724 73264
000931725 80320
000931726 62496
000931727 109120
000931728 129600
000931729 89920
000931730 123680
000931731 156160
000931732 85120
000931733 54448
000931734 104752
000931735 63792
000931736 78720
000931737 121120
000931738 63680
000931739 90720
000931740 42400
000931741 105120
000931742 113120
000931743 80160
000931744 51520
000931745 98880
000931747 98080
000931748 94400
000931749 67840
000931750 53024
000931751 80480
000931752 71200
000931753 112000
000931755 49392
000931756 114560
000931758 120320
000931760 73600
000931761 83040
000931762 62720
000931763 51680
000931764 100960
000931765 95520
000931766 77136
000931767 129120
000931768 163840
000931769 103360
000931770 84800
000931771 108640
000931772 76960
000931773 160160
000931774 72480
000931775 119200
000931776 48640
000931777 51840
000931778 84640
000931779 51280
000931780 62080
000931781 61440
000931782 85968
000931783 178240
000931784 73760
000931785 71040
000931786 122080
000931787 125120
000931788 140960
000931789 67680
000931790 104000
000931791 107840
000931792 74240
000931793 134080
000931794 106080
000931795 102560
000931796 69600
000931797 163840
000931798 77440
000931799 102880
000931800 111360
000940002 152368
000940004 103056
000940015 98048
000940016 140032
000940022 62768
000940023 67136
000940024 62064
000940026 61216
000940034 92960
000940035 50880
000940046 50240
000940048 85920
000940049 52960
000940051 52160
000940052 75568
000940055 63360
000940056 74400
000940058 69088
000940061 55616
000940068 77744
000940069 73760
000940078 82880
000940107 139360
000940108 63136
000940109 100176
000940110 84384
000940111 95136
000940112 90944
000940113 92224
000940114 56592
000940115 123568
000940116 91904
000940117 66992
000940119 77152
000940120 62400
000940121 125056
000940122 102560
000940123 48400
000940124 112480
000940126 47152
000940127 68640
000940128 61840
000940129 86864
000940130 97184
000940131 92160
000940132 47056
000940133 54880
000940134 80576
000940136 112640
000940137 88992
000940138 128160
000940139 114672
000940140 83248
000940141 133120
000940142 64352
000940143 120416
000940144 82560
000940145 103840
000940146 54400
000940147 86832
000940148 119168
000940149 114080
000940150 102224
000940152 108048
000940153 50080
000940154 73600
000940156 85760
000940157 118208
000940159 68096
000940160 58400
000940161 110720
000940162 100480
000940163 57600
000940164 77088
000940165 50128
000940166 76944
000940167 61760
000940168 78576
000940169 96768
000940170 66400
000940171 115168
000940172 42688
000940173 126400
000940174 76960
000940175 110480
000940176 121936
000940177 81584
000940178 55264
000940179 93120
000940180 166240
000940181 149440
000940182 88160
000940183 57440
000940184 82400
000940185 49744
000940186 93568
000940187 143040
000940188 90352
000940189 72960
000940190 117888
000940191 118560
000940192 70880
000940193 115520
000940194 85552
000940195 64160
000940196 96800
000940197 135680
000940198 112480
000940199 75680
000940200 103808
000940201 102080
000940202 84320
000940203 68000
000940204 124320
000940205 94160
000940206 123920
000940207 130720
000940208 118560
000940209 92160
000940210 124000
000940211 136000
000940212 72288
000940213 96960
000940214 98720
000940216 127168
000940217 77664
000940218 71520
000940219 61120
000940220 76592
000940221 84960
000940222 112032
000940223 124000
000940224 47648
000940226 54320
000940228 65343
000940229 77632
000940231 52640
000940232 45296
000940234 97360
000940235 83520
000940236 70432
000940237 97696
000940238 101920
000940239 60000
000940240 87440
000940241 97600
000940242 92960
000940243 77168
000940244 48800
000940246 70880
000940247 58896
000940248 71680
000940249 77328
000940250 120800
000940252 110560
000940253 108672
000940254 89712
000940255 83536
000940256 85712
000940257 113440
000940258 67472
000940259 82368
000940260 78528
000940261 62912
000940263 60768
000940264 50560
000940265 61392
000940266 65792
000940267 110560
000940268 89248
000940270 110080
000940271 111200
000940272 68960
000940273 62240
000940274 88960
000940275 99680
000940277 79520
000940278 112480
000940279 113600
000940280 102720
000940281 109440
000940282 82720
000940283 74080
000940284 83360
000940285 52800
000940286 59712
000940287 140464
000940289 104160
000940290 93600
000940291 56000
000940292 47808
000940293 128000
000940294 64160
000940295 70080
000940296 84800
000940297 118080
000940298 51680
000940299 86400
000940300 86560
000940301 81440
000940302 61920
000940305 73280
000940307 79040
000940308 41648
000940309 77280
000940310 76160
000940311 80160
000940312 110560
000940313 77952
000940314 95680
000940315 70624
000940316 60160
000940317 95648
000940318 61440
000940319 76000
000940320 105280
000940321 57760
000940322 105920
000940323 49600
000940325 82080
000940326 56000
000940327 87520
000940328 62080
000940329 42080
000940330 78240
000940331 148800
000940332 46400
000940333 84640
000940334 82720
000940335 106880
000940336 44640
000940337 117552
000940338 59680
000940339 79360
000940340 75520
000940341 55200
000940342 63360
000940343 73440
000940344 80640
000940345 55520
000940346 54880
000940347 64096
000940348 80640
000940350 106720
000940351 93440
000940352 152160
000940353 70240
000940354 66240
000940355 113440
000940356 101440
000940357 84320
000940358 53120
000940359 81920
000940360 60320
000940362 73008
000940363 116960
000940364 67200
000940365 54720
000940366 102240
000940367 82080
000940368 78880
000940369 109760
000940370 90560
000940371 79840
000940372 101280
000940373 99520
000940374 91200
000940375 87040
000940376 74080
000940377 48960
000940378 106560
000940379 97280
000940381 58400
000940382 115680
000940383 81872
000940384 101120
000940385 83872
000940387 135824
000940388 105920
000940389 103520
000940390 128479
000940391 80960
000940392 52160
000940393 72160
000940394 65120
000940395 53440
000940396 58880
000940397 59360
000940398 67520
000940399 103840
000941401 63840
000941402 83088
000941403 72800
000941404 89920
000941405 69280
000941406 59360
000941407 62880
000941409 48800
000941410 53760
000941411 86848
000941412 79216
000941413 40960
000941414 80320
000941415 55840
000941416 66560
000941417 96960
000941418 61280
000941419 58240
000941420 49440
000941421 47360
000941422 53600
000941423 46896
000941424 56480
000941425 54400
000941426 59040
000941427 73920
000941428 49600
000941429 49440
000941430 66400
000941432 71520
000941433 75520
000941434 66240
000941435 54880
000941436 62720
000941439 79840
000941440 43168
000941441 63840
000941442 63200
000941443 76480
000941444 71360
000941446 75840
000941447 60480
000941448 58400
000941450 62560
000941451 76320
000941453 74720
000941454 44160
000941455 64640
000941456 72800
000941458 87056
000941459 55840
000941460 57280
000941461 67040
000941462 55040
000941463 67200
000941464 64480
000941465 58080
000941466 67408
000941467 58656
000941468 71680
000941469 72800
000941471 58784
000941472 69440
000941475 73920
000941476 65664
000941477 66400
000941478 51840
000941480 82240
000941483 69760
000941484 59360
000941485 58720
000941487 76368
000941489 85280
000941491 51264
000941492 63360
000941493 57920
000941494 59040
000941495 62720
000941496 62400
000941497 53440
000941498 63520
000941499 69920
000941501 49696
000941504 98576
000941505 129440
000941507 42096
000941508 100208
000941509 70016
000941510 123840
000941511 98400
000941512 81280
000941514 46288
000941515 46240
000941517 70080
000941518 79520
000941519 71680
000941520 104480
000941521 127040
000941522 95680
000941523 78080
000941524 61120
000941525 106880
000941526 119152
000941527 136304
000941529 99680
000941530 89120
000941531 128960
000941532 119040
000941533 72160
000941534 64160
000941535 62720
000941536 109280
000941538 116320
000941539 67680
000941540 78560
000941541 69584
000941543 115840
000941547 66080
000941548 39360
000941549 71200
000941550 61440
000941552 104320
000941553 55680
000941554 101280
000941555 135680
000941556 61920
000941558 133280
000941559 122080
000941560 138560
000941562 96000
000941563 57600
000941565 49632
000941566 110880
000941568 114720
000941570 86048
000941571 113920
000941572 100960
000941573 78240
000941574 96800
000941575 77440
000941576 87040
000941577 138080
000941579 93120
000941581 62720
000941584 57600
000941585 106720
000941586 68160
000941587 91200
000941588 111200
000941590 103376
000941591 52480
000941592 63360
000941593 113760
000941594 93280
000941595 88640
000941596 42240
000941598 68480
000941599 83040
000941600 92480
000941601 79520
000941602 98080
000941603 53120
000941604 80704
000941605 74080
000941606 73120
000941608 105760
000941609 56960
000941610 69312
000941611 104000
000941612 77760
000941613 60320
000941614 55200
000941616 103360
000941617 56640
000941618 80000
000941620 47840
000941621 62720
000941623 110560
000941624 81280
000941625 51840
000941626 113760
000941627 134080
000941628 103680
000941629 120480
000941630 57440
000941631 47520
000941632 75040
000941633 63472
000941634 92320
000941635 50720
000941636 97600
000941637 70080
000941638 93440
000941639 105600
000941640 63120
000941641 144480
000941643 93984
000941644 104640
000941645 99680
000941646 89376
000941647 103568
000941648 57520
000941649 70256
000941650 73728
000941651 95520
000941652 92000
000941653 80960
000941654 114720
000941655 142560
000941656 99360
000941657 107680
000941658 88160
000941659 59520
000941660 89280
000941663 75680
000941664 67200
000941666 123680
000941667 92320
000941668 51840
000941669 105440
000941670 80800
000941671 121584
000941672 101440
000941673 101280
000941674 76480
000941675 105920
000941676 83360
000941677 123680
000941678 55520
000941679 110560
000941680 96960
000941681 91488
000941682 99040
000941683 74864
000941684 81280
000941685 109280
000941686 70560
000941687 64000
000941688 67104
000941689 61760
000941690 95200
000941691 95520
000941692 133760
000941693 71680
000941695 93280
000941696 129120
000941697 50224
000941698 68000
000941699 125920
000941700 50560
000941701 116320
000941702 110240
000941703 79520
000941704 104480
000941705 80160
000941706 91360
000941707 57440
000941708 81920
000941709 82720
000941710 44000
000941712 88160
000941713 73280
000941714 117120
000941715 69120
000941716 38080
000941717 74400
000941718 130080
000941719 104640
000941720 92960
000941721 73760
000941723 128320
000941724 93760
000941725 86560
000941726 94560
000941728 105920
000941730 80800
000941731 48480
000941732 84480
000941733 95840
000941734 70080
000941735 143040
000941736 80368
000941737 102720
000941738 121280
000941739 93600
000941740 138240
000941741 95840
000941742 77488
000941743 54720
000941744 89600
000941745 107360
000941746 112160
000941747 89280
000941748 100480
000941749 63680
000941750 124640
000941751 75040
000941753 60512
000941755 110240
000941756 79840
000941757 125920
000941760 87520
000941761 88320
000941762 54240
000941763 83360
000941764 81440
000941765 88800
000941766 95840
000941768 112000
000941769 60912
000941770 103360
000941771 56480
000941772 96000
000941773 61760
000941774 46560
000941775 80960
000941776 93760
000941777 78080
000941778 78560
000941779 59680
000941780 49440
000941781 96480
000941782 67840
000941783 100480
000941784 98240
000941785 54880
000941786 63200
000941787 85760
000941788 48480
000941789 44480
000941790 55520
000941791 108320
000941792 77760
000941793 66080
000941794 77680
000941795 84000
000941796 60800
000941797 87200
000941798 82400
000941799 78400
000941800 72640
000950001 61760
000950002 163040
000950003 89440
000950004 104800
000950005 161760
000950007 111200
000950008 97920
000950009 75040
000950010 100800
000950011 81440
000950012 153920
000950013 105120
000950014 140160
000950015 130544
000950016 160000
000950017 79520
000950018 94064
000950019 155360
000950020 87040
000950021 49920
000950024 60480
000950025 87680
000950026 60160
000950027 56480
000950028 51680
000950029 69280
000950030 63536
000950031 68864
000950032 61120
000950033 104320
000950034 100752
000950036 60960
000950037 92048
000950038 57440
000950039 63536
000950040 73920
000950042 40640
000950043 64160
000950044 46608
000950045 49840
000950046 47200
000950047 54080
000950048 97744
000950049 55840
000950050 68800
000950052 80480
000950053 44320
000950054 41920
000950056 90880
000950057 72320
000950058 73760
000950059 58560
000950060 67360
000950061 64480
000950062 78400
000950063 87040
000950064 68960
000950065 66080
000950066 69280
000950067 64864
000950068 93120
000950069 103360
000950070 58560
000950071 53600
000950072 66880
000950073 72480
000950074 93280
000950075 61424
000950076 105728
000950077 64959
000950078 121280
000950079 73600
000950081 64000
000950082 109232
000950083 60960
000950084 103040
000950085 72800
000950086 75360
000950087 70224
000950088 83360
000950091 89600
000950092 93920
000950093 80320
000950094 66080
000950095 87680
000950096 84000
000950097 64319
000950098 99040
000950099 80160
000950100 79216
000950101 178720
000950102 190880
000950103 99520
000950104 85600
000950105 51360
000950107 68608
000950108 100000
000950109 140320
000950110 99344
000950111 135520
000950113 133760
000950114 68000
000950115 97760
000950117 64160
000950118 125600
000950119 62432
000950120 64640
000950121 42880
000950122 125120
000950123 112160
000950124 73200
000950126 122560
000950127 67520
000950128 132960
000950129 111680
000950131 106560
000950132 116320
000950133 97600
000950134 93120
000950135 105280
000950136 67840
000950137 45440
000950138 87680
000950139 47008
000950140 65280
000950141 158240
000950142 105440
000950143 78112
000950144 70928
000950145 122400
000950146 64000
000950147 118720
000950148 114720
000950151 115200
000950152 61600
000950153 72640
000950154 94080
000950155 115808
000950156 146880
000950157 141280
000950158 156800
000950159 132000
000950160 94272
000950161 125120
000950162 131904
000950163 46416
000950164 125920
000950165 131360
000950167 110240
000950168 55040
000950169 129600
000950170 95920
000950171 103680
000950172 60800
000950173 124640
000950174 114560
000950175 73104
000950176 55040
000950177 87520
000950178 119520
000950179 109360
000950180 146080
000950181 47680
000950182 114400
000950183 158080
000950184 61392
000950185 76320
000950186 58080
000950187 48960
000950188 131520
000950189 96480
000950190 56704
000950191 97072
000950192 64976
000950193 48544
000950194 96000
000950195 58720
000950196 133440
000950197 55120
000950198 106512
000950199 95040
000950200 59680
000950202 49520
000950203 56480
000950204 57600
000950205 84000
000950206 51360
000950207 124160
000950208 150720
000950209 90720
000950210 85600
000950211 68160
000950212 61568
000950213 56960
000950214 82256
000950215 58576
000950216 111664
000950217 74288
000950218 51584
000950219 38528
000950220 128800
000950221 66080
000950222 46720
000950223 56320
000950224 103360
000950225 39520
000950226 119680
000950227 134720
000950228 89600
000950229 177120
000950230 128960
000950231 132000
000950232 67520
000950233 56320
000950234 187840
000950235 76480
000950236 71200
000950237 99920
000950238 62240
000950239 113760
000950240 60160
000950241 72800
000950243 122560
000950244 110240
000950245 120640
000950246 114240
000950247 104320
000950249 62880
000950250 74720
000950251 64959
000950252 45280
000950253 51680
000950254 98400
000950255 111040
000950256 113280
000950257 158752
000950258 92320
000950259 104480
000950260 66880
000950261 107200
000950262 60320
000950263 132960
000950264 149920
000950265 93280
000950266 64640
000950267 120800
000950268 73440
000950269 88640
000950270 156480
000950271 79024
000950272 93280
000950273 65872
000950274 132320
000950275 43360
000950276 132160
000950277 90720
000950278 104960
000950279 64800
000950280 138560
000950281 107200
000950282 92960
000950283 98240
000950284 54496
000950285 133920
000950286 124320
000950287 88960
000950288 63200
000950289 91920
000950291 118240
000950292 103040
000950293 56480
000950295 167040
000950296 119200
000950297 83200
000950298 101440
000950299 107184
000950301 153920
000950302 90240
000950304 74848
000950305 85328
000950306 104320
000950307 89440
000950308 93904
000950309 65536
000950310 95680
000950311 56976
000950312 133920
000950313 86880
000950314 113600
000950315 117280
000950316 91840
000950317 166560
000950318 94816
000950319 69120
000950320 121600
000950321 121920
000950322 163520
000950323 112256
000950324 87040
000950325 106400
000950327 76480
000950328 209920
000950329 103968
000950330 47040
000950331 83840
000950332 94400
000950333 121600
000950334 122880
000950335 132800
000950336 126720
000950338 92160
000950339 96048
000950340 176960
000950341 80160
000950342 54400
000950343 109952
000950344 103360
000950345 105120
000950346 74528
000950347 109680
000950348 81488
000950349 66720
000950350 113440
000950351 74400
000950352 64560
000950354 80000
000950355 86720
000950356 138080
000950357 91040
000950358 174400
000950359 150928
000950360 114784
000950361 115520
000950362 139360
000950363 99888
000950364 60752
000950365 58240
000950366 64800
000950367 88768
000950368 120480
000950369 125120
000950370 141600
000950371 131200
000950372 43520
000950373 69600
000950374 157120
000950375 114528
000950376 133984
000950377 88960
000950378 118720
000950380 118240
000950381 92640
000950382 75200
000950383 131039
000950384 62240
000950385 58080
000950386 91840
000950387 138880
000950388 100320
000950389 87840
000950390 125600
000950391 117280
000950392 162080
000950393 107680
000950394 51184
000950395 137600
000950396 57120
000950397 52480
000950399 72800
000951401 60480
000951402 81440
000951403 78560
000951404 85120
000951405 74176
000951406 59360
000951407 74240
000951408 85120
000951409 49216
000951411 96880
000951412 93120
000951413 43856
000951414 92592
000951415 70720
000951416 79680
000951417 107520
000951418 67840
000951419 80800
000951421 44128
000951422 61280
000951423 51872
000951424 69440
000951425 61760
000951427 71840
000951428 52000
000951430 78720
000951431 46080
000951432 87840
000951433 88000
000951434 79680
000951435 55680
000951436 68960
000951438 57120
000951439 96000
000951440 43840
000951441 82400
000951442 70720
000951443 81440
000951444 97600
000951445 58880
000951447 63200
000951448 64319
000951449 61440
000951450 76960
000951451 79680
000951452 80000
000951453 73280
000951454 46944
000951456 104208
000951457 77280
000951458 117920
000951459 54352
000951460 61920
000951461 68992
000951463 94880
000951464 77920
000951465 60816
000951466 72480
000951467 57280
000951470 65440
000951471 61760
000951473 49120
000951474 56480
000951475 85280
000951476 72800
000951477 79968
000951478 59360
000951479 83680
000951480 123200
000951481 81760
000951482 71360
000951483 58720
000951487 89600
000951489 89920
000951490 55040
000951491 57120
000951494 67520
000951496 73760
000951497 70880
000951498 68160
000951499 63840
000951500 78672
000951501 55040
000951502 59616
000951503 93600
000951504 48480
000951505 137280
000951506 100512
000951507 143680
000951508 186240
000951509 162240
000951510 72480
000951511 57760
000951512 78560
000951513 92800
000951514 89920
000951515 122400
000951516 67200
000951517 87040
000951519 76160
000951520 71520
000951521 158240
000951522 88480
000951523 131360
000951524 74912
000951525 97600
000951526 61456
000951527 88640
000951528 98432
000951529 105760
000951530 54720
000951531 115520
000951532 92960
000951533 111520
000951535 131360
000951536 50048
000951538 135200
000951540 123840
000951541 98400
000951542 104480
000951543 123008
000951544 85280
000951546 112160
000951547 77600
000951548 106560
000951550 112480
000951552 141120
000951553 121760
000951554 119904
000951555 65616
000951556 109920
000951557 124000
000951559 56768
000951560 66864
000951562 117248
000951563 110880
000951564 114720
000951565 77280
000951566 124800
000951567 100960
000951568 129600
000951569 83680
000951570 84960
000951571 76640
000951572 84960
000951573 91840
000951574 162720
000951575 199520
000951577 180960
000951578 86880
000951579 95200
000951580 68800
000951582 111200
000951583 108960
000951584 57920
000951585 122080
000951586 121440
000951587 119680
000951588 121760
000951589 83456
000951590 104800
000951591 71360
000951592 127680
000951593 43200
000951594 118880
000951596 44960
000951597 80800
000951598 67520
000951599 136784
000951600 112480
000951601 93120
000951602 103520
000951603 110560
000951604 117280
000951605 40640
000951606 116800
000951607 97120
000951608 93920
000951609 121280
000951610 91360
000951611 107808
000951612 95040
000951613 78400
000951614 108080
000951616 135200
000951617 94720
000951618 110560
000951619 134192
000951621 97920
000951622 168480
000951623 106560
000951624 56320
000951625 58368
000951626 70560
000951627 103328
000951628 130880
000951629 73440
000951630 81440
000951632 53808
000951633 80800
000951634 93760
000951635 112800
000951636 84960
000951637 128000
000951639 47648
000951640 121760
000951641 87040
000951642 102400
000951643 70560
000951645 91488
000951646 80960
000951647 111040
000951648 112800
000951649 68688
000951650 203200
000951651 108640
000951652 87120
000951654 158240
000951655 210880
000951656 122400
000951657 57120
000951658 77120
000951659 123840
000951660 65391
000951661 100800
000951662 55648
000951663 170720
000951664 72816
000951665 122080
000951666 144784
000951667 116320
000951668 144960
000951669 80160
000951670 71680
000951671 72144
000951672 62400
000951673 149600
000951674 92960
000951675 49920
000951676 83328
000951677 91040
000951678 161440
000951679 82400
000951680 100000
000951683 93600
000951684 100800
000951685 79520
000951686 150720
000951687 82208
000951688 128160
000951689 88320
000951690 112320
000951691 113440
000951692 104000
000951693 74672
000951694 155840
000951695 79520
000951696 124800
000951697 74080
000951698 150720
000951699 149120
000951701 72320
000951702 82240
000951703 102560
000951704 179520
000951705 75360
000951706 148960
000951707 123840
000951708 74240
000951709 87680
000951711 115840
000951712 144800
000951713 80960
000951714 124320
000951715 68160
000951716 123312
000951717 88000
000951719 116880
000951720 64000
000951722 106256
000951723 68000
000951724 90880
000951725 117600
000951726 78720
000951727 77600
000951728 153600
000951729 90080
000951730 66400
000951731 60128
000951732 151200
000951734 115200
000951735 74528
000951736 125440
000951737 48160
000951738 94400
000951739 55360
000951740 52480
000951741 82720
000951742 121440
000951743 111520
000951744 69584
000951745 91200
000951746 104800
000951747 89280
000951748 91360
000951750 117760
000951751 56000
000951752 154560
000951753 44000
000951754 166240
000951757 81120
000951758 57328
000951759 134720
000951760 128160
000951762 76688
000951764 111520
000951765 119104
000951766 139040
000951767 56944
000951768 145280
000951769 61280
000951770 107680
000951771 78880
000951773 80208
000951774 94880
000951775 106240
000951776 94720
000951777 115680
000951778 55840
000951779 103040
000951780 93920
000951782 66880
000951783 97744
000951785 66880
000951786 120960
000951787 85280
000951788 73776
000951789 98720
000951790 69760
000951791 64000
000951792 60000
000951793 57920
000951794 94720
000951795 99200
000951796 115360
000951797 150880
000951798 139680
000951799 91200
000960001 61536
000960002 179680
000960003 104144
000960004 117120
000960005 153600
000960006 101808
000960007 108480
000960008 117920
000960009 83200
000960010 117440
000960011 110080
000960012 147200
000960013 93344
000960014 143200
000960015 121760
000960016 200480
000960017 91840
000960018 116480
000960019 158080
000960020 102880
000960021 55856
000960022 54272
000960023 64623
000960024 68736
000960025 109328
000960026 59200
000960027 56800
000960028 53680
000960029 64447
000960030 80320
000960031 82832
000960032 65280
000960033 103200
000960034 103040
000960035 45744
000960036 64640
000960037 109280
000960038 58240
000960039 65120
000960040 86640
000960041 29952
000960042 38080
000960043 65920
000960044 48928
000960045 43360
000960046 48352
000960047 45920
000960048 93920
000960049 56000
000960050 60960
000960052 76640
000960054 37680
000960055 52224
000960056 89760
000960057 93600
000960058 59520
000960059 57920
000960060 73600
000960061 62720
000960062 56304
000960063 89120
000960064 65888
000960065 69440
000960066 63376
000960067 65120
000960068 84048
000960069 78848
000960070 71216
000960071 61568
000960072 72128
000960073 69600
000960074 86080
000960075 64000
000960076 117280
000960077 54368
000960078 111680
000960079 84800
000960080 46528
000960081 81888
000960082 106080
000960083 69600
000960084 73760
000960085 64160
000960086 71360
000960087 72160
000960088 82384
000960089 108480
000960090 85120
000960091 116176
000960092 125072
000960093 88160
000960094 82240
000960095 70560
000960096 67200
000960097 71840
000960098 109600
000960099 73040
000960100 74400
000960101 73760
000960102 83696
000960103 62880
000960104 158880
000960105 106720
000960106 92640
000960107 114400
000960108 168800
000960109 149600
000960110 70240
000960111 111680
000960112 105808
000960113 40704
000960114 125120
000960115 75680
000960116 53280
000960117 74016
000960118 91680
000960119 131520
000960120 79360
000960121 83696
000960122 85824
000960123 86080
000960124 55040
000960125 98384
000960126 118560
000960127 103520
000960128 145760
000960129 135120
000960130 97600
000960131 128576
000960132 126720
000960133 73824
000960134 56800
000960135 76960
000960136 148160
000960137 115360
000960138 86080
000960139 91840
000960140 89120
000960141 106240
000960142 139520
000960143 110880
000960144 127680
000960145 69872
000960146 59248
000960147 57920
000960148 81440
000960149 101920
000960150 175808
000960151 89440
000960152 69440
000960153 151040
000960154 73776
000960155 104336
000960156 85008
000960157 103008
000960158 140320
000960159 177520
000960160 148000
000960161 123200
000960162 174720
000960163 100560
000960164 91040
000960165 117440
000960166 105120
000960167 116800
000960168 59520
000960169 102000
000960170 49920
000960171 82400
000960172 116160
000960173 79040
000960175 116752
000960176 66176
000960177 134416
000960179 109440
000960180 53120
000960181 33600
000960182 72016
000960183 89568
000960184 82880
000960185 62080
000960186 119840
000960187 54080
000960188 160000
000960189 118240
000960190 60672
000960191 128816
000960192 118720
000960193 118400
000960194 114400
000960195 75120
000960196 115024
000960197 56800
000960198 59200
000960199 68480
000960200 92640
000960201 182240
000960202 77920
000960203 60800
000960204 45024
000960205 48800
000960206 67744
000960207 46896
000960208 137440
000960209 98720
000960210 59680
000960211 95840
000960212 137920
000960213 79872
000960214 55360
000960215 124480
000960216 42336
000960217 94080
000960218 80480
000960219 66240
000960220 108160
000960221 138240
000960222 104064
000960223 159040
000960224 107040
000960225 57696
000960226 118560
000960227 93440
000960228 119520
000960229 162752
000960230 53552
000960231 75360
000960232 97360
000960233 89280
000960234 113856
000960235 63440
000960236 144000
000960237 114560
000960238 92576
000960239 183680
000960241 131039
000960242 158560
000960243 95200
000960244 105600
000960245 68064
000960246 125488
000960247 125440
000960248 103520
000960249 91520
000960250 91760
000960251 125920
000960252 69584
000960253 86432
000960254 73312
000960255 100960
000960256 45440
000960257 84320
000960258 63344
000960260 115840
000960261 95360
000960262 154880
000960263 85760
000960264 63840
000960265 96160
000960266 142880
000960267 88960
000960268 65840
000960269 117904
000960270 96320
000960271 113920
000960272 43552
000960274 48848
000960275 191680
000960276 55040
000960277 149120
000960278 117216
000960279 58672
000960280 83040
000960281 82560
000960282 67040
000960283 97936
000960285 61760
000960287 129120
000960288 141120
000960289 85856
000960290 44048
000960291 93920
000960292 160960
000960293 114192
000960294 70528
000960295 98048
000960296 102560
000960297 79840
000960298 122880
000960299 185440
000960300 93952
000960301 94880
000960302 97440
000960303 195680
000960304 64000
000960305 125152
000960306 120096
000960307 81536
000960308 91360
000960309 70752
000960310 68960
000960311 98240
000960312 51136
000960313 140800
000960314 182080
000960315 55808
000960316 120320
000960317 108800
000960318 164800
000960319 50304
000960320 70000
000960321 84000
000960322 140320
000960323 101296
000960324 46704
000960325 91040
000960326 57024
000960327 45296
000960328 76112
000960329 164480
000960330 100640
000960331 99840
000960332 34576
000960333 110080
000960334 162240
000960335 90368
000960336 95360
000960337 138400
000960338 148064
000960339 40800
000960340 52960
000960342 149952
000960343 56960
000960344 58880
000960345 116640
000960346 106960
000960347 95680
000960348 81760
000960349 72400
000960350 77920
000960352 134304
000960353 158720
000960354 54176
000960355 117760
000960356 119040
000960357 111520
000960358 73600
000960359 83600
000960360 88000
000960361 63200
000960362 44800
000960363 113600
000960364 91920
000960365 69952
000960366 168160
000960367 65952
000960368 51488
000960369 114160
000960370 78720
000960371 97920
000960372 87200
000960373 128080
000960374 79360
000960375 80640
000960377 86560
000960378 87200
000960379 82880
000960380 42816
000960381 100160
000960382 91520
000960383 196672
000960384 79776
000960385 69120
000960386 64800
000960387 95200
000960388 105440
000960389 83744
000960391 112448
000960392 130240
000960393 88880
000960394 80800
000960395 164160
000960396 104000
000960397 68864
000960398 66720
000960399 132000
000960400 106640
000961401 64592
000961402 89760
000961403 76480
000961404 92320
000961405 82240
000961406 64592
000961407 66496
000961408 90880
000961409 46736
000961410 72480
000961411 91040
000961412 102240
000961413 36800
000961414 96320
000961415 54720
000961416 69312
000961417 104256
000961418 75360
000961419 65263
000961421 39024
000961422 53120
000961423 48896
000961424 59040
000961425 50400
000961426 75680
000961427 89264
000961428 42880
000961429 56000
000961430 66720
000961431 43040
000961432 75040
000961433 77584
000961434 62080
000961435 65104
000961436 67520
000961437 53280
000961438 69760
000961439 96960
000961440 41136
000961441 67360
000961442 98144
000961443 68800
000961444 92640
000961445 52976
000961446 80320
000961447 59680
000961448 57600
000961449 71680
000961450 73440
000961451 71952
000961452 86240
000961453 80800
000961454 42864
000961455 74384
000961456 79200
000961457 86400
000961458 118560
000961459 51824
000961460 66720
000961461 93680
000961462 54752
000961463 93600
000961464 67520
000961465 67520
000961466 74304
000961467 59360
000961469 66848
000961470 67200
000961471 56160
000961472 73232
000961473 51664
000961474 54560
000961475 84640
000961476 80800
000961477 84000
000961478 52320
000961479 82720
000961480 100640
000961481 65920
000961482 61440
000961483 66192
000961484 53760
000961485 71232
000961486 48912
000961487 79520
000961488 60544
000961489 97600
000961490 53808
000961491 63200
000961492 63408
000961493 61392
000961494 63680
000961495 57440
000961496 77120
000961497 61600
000961498 67840
000961499 65440
000961500 69120
000961501 43520
000961502 47680
000961503 86000
000961504 47520
000961505 106080
000961506 101280
000961507 63184
000961508 141312
000961509 57248
000961510 59040
000961511 52320
000961512 61920
000961513 117920
000961514 111520
000961515 88320
000961516 87840
000961517 109600
000961518 57264
000961519 71680
000961520 85664
000961521 121920
000961522 95376
000961523 41600
000961524 146560
000961525 100480
000961526 83680
000961527 187520
000961528 53440
000961529 87840
000961530 110560
000961531 100800
000961532 69920
000961533 49600
000961534 75360
000961535 107040
000961536 49664
000961537 48160
000961538 166400
000961539 66400
000961540 46176
000961541 99680
000961542 92640
000961543 36160
000961544 162400
000961545 75200
000961546 73600
000961547 55616
000961548 60160
000961549 38080
000961550 119488
000961551 163520
000961552 88320
000961553 63040
000961554 71776
000961555 46416
000961556 54080
000961557 75520
000961558 86912
000961559 63040
000961560 84480
000961561 56160
000961562 89600
000961563 64319
000961564 84000
000961565 55776
000961566 72944
000961567 128000
000961568 83467
000961569 91680
000961570 143200
000961571 97120
000961572 62560
000961573 42752
000961574 101760
000961575 100320
000961576 70688
000961577 89440
000961578 99040
000961579 107680
000961580 45600
000961581 45312
000961582 74880
000961584 68640
000961585 49600
000961586 49600
000961588 39536
000961590 82736
000961591 115200
000961592 111200
000961593 105120
000961594 88336
000961595 93424
000961596 73680
000961597 50560
000961598 91680
000961599 118240
000961600 131808
000961601 114560
000961603 161408
000961604 52736
000961605 161248
000961606 75072
000961607 74368
000961608 56480
000961609 83008
000961610 95840
000961611 129440
000961612 82400
000961613 103648
000961615 70400
000961616 113760
000961617 120016
000961618 74080
000961619 40816
000961620 74208
000961621 74880
000961622 59520
000961623 57280
000961624 90240
000961625 102032
000961626 59040
000961627 103360
000961628 106880
000961631 198720
000961632 48640
000961633 95568
000961634 121600
000961635 75680
000961636 106240
000961637 88016
000961638 112128
000961639 89760
000961641 112272
000961642 71040
000961643 85120
000961644 103648
000961645 45920
000961646 94880
000961647 78400
000961648 98160
000961649 60960
000961650 98480
000961651 98864
000961652 56320
000961653 130080
000961654 118400
000961655 85440
000961656 85120
000961657 91040
000961658 90528
000961660 62672
000961663 119344
000961664 72880
000961665 61856
000961666 63040
000961667 87040
000961668 81600
000961669 46400
000961670 95360
000961671 54912
000961672 76640
000961673 43280
000961674 56896
000961675 71040
000961676 77440
000961677 67904
000961678 106576
000961679 128320
000961680 151376
000961681 83520
000961682 38240
000961683 95520
000961684 55568
000961685 46720
000961686 106560
000961687 47520
000961688 66080
000961689 100960
000961690 70080
000961691 105440
000961692 88960
000961693 76000
000961694 95888
000961695 112480
000961696 63296
000961697 55968
000961698 69120
000961699 175680
000961700 109600
000961701 66272
000961702 96000
000961703 77760
000961704 91360
000961705 29760
000961706 80544
000961707 121920
000961708 54032
000961709 101600
000961710 128960
000961711 108480
000961712 120416
000961713 96960
000961714 57600
000961715 101760
000961716 90528
000961717 102400
000961718 63040
000961719 55360
000961720 126080
000961721 79200
000961722 39392
000961723 52960
000961724 69424
000961725 113440
000961726 116000
000961727 112480
000961728 83840
000961729 89120
000961730 102720
000961731 121440
000961732 88320
000961733 122400
000961734 60448
000961735 89120
000961736 135040
000961737 56320
000961738 119680
000961739 149120
000961740 136560
000961741 98880
000961742 109712
000961743 81456
000961744 56064
000961745 190240
000961746 88960
000961747 79152
000961748 32671
000961749 91680
000961750 126880
000961751 71840
000961752 93744
000961753 123360
000961754 127376
000961755 57760
000961756 98880
000961757 118240
000961758 84480
000961759 68640
000961760 98240
000961761 87088
000961762 93504
000961763 116160
000961764 129407
000961765 124640
000961766 115040
000961767 104288
000961768 127040
000961770 131200
000961772 66208
000961773 55376
000961774 89760
000961775 68096
000961777 76288
000961778 82432
000961780 67680
000961782 38752
000961783 66720
000961784 127360
000961785 43728
000961786 121280
000961787 77248
000961788 106240
000961789 71040
000961790 145600
000961791 112480
000961793 81600
000961794 76000
000961795 110400
000961796 92176
000961797 73744
000961798 55040
000961800 133920
000970001 73296
000970002 161920
000970003 76320
000970004 109280
000970005 141600
000970006 76640
000970007 97440
000970008 86240
000970009 68320
000970010 89120
000970011 69440
000970012 128400
000970013 91520
000970014 133600
000970015 115680
000970016 149440
000970017 79040
000970018 88960
000970019 130064
000970020 88480
000970021 54240
000970022 64000
000970023 73920
000970024 59840
000970025 91360
000970026 61760
000970027 56800
000970028 49216
000970029 67040
000970030 72480
000970031 72800
000970032 69600
000970033 90560
000970034 108160
000970035 46160
000970036 64000
000970037 88000
000970038 60320
000970039 60800
000970040 69760
000970042 38528
000970043 63200
000970044 46528
000970045 44640
000970046 46720
000970047 47680
000970048 87200
000970049 53600
000970050 63040
000970051 42416
000970052 79520
000970053 45120
000970054 39808
000970055 61152
000970056 76800
000970057 85920
000970058 65760
000970059 63040
000970060 64160
000970061 61920
000970062 61920
000970063 79520
000970064 62400
000970065 63840
000970066 53440
000970067 60000
000970068 78400
000970069 68480
000970070 61280
000970071 53328
000970072 67200
000970073 71520
000970074 74080
000970075 58064
000970076 97440
000970077 64480
000970078 91680
000970079 68000
000970080 45424
000970081 59200
000970082 86640
000970083 67200
000970084 68160
000970085 75520
000970086 65856
000970087 68320
000970088 70656
000970089 104720
000970090 77920
000970091 85488
000970092 115200
000970093 76048
000970094 61120
000970095 73600
000970096 70720
000970097 66720
000970098 96320
000970099 67952
000970100 73280
000970101 129919
000970102 86240
000970103 89760
000970104 101920
000970105 69760
000970106 50720
000970107 65600
000970108 87408
000970109 89280
000970110 117920
000970111 84320
000970112 94880
000970113 120480
000970114 140800
000970115 100480
000970116 97440
000970117 100960
000970118 78080
000970119 77760
000970120 97760
000970121 72928
000970122 108000
000970123 130240
000970124 108480
000970125 80960
000970126 118080
000970127 81360
000970128 119360
000970129 116640
000970130 91776
000970131 66416
000970132 75680
000970133 118224
000970134 63216
000970135 119040
000970136 57440
000970138 140640
000970139 120640
000970140 141280
000970141 112000
000970142 96800
000970143 100480
000970144 80000
000970145 62016
000970146 116640
000970147 96800
000970148 50400
000970149 96640
000970150 85120
000970151 76112
000970152 117120
000970153 127520
000970154 130720
000970155 102560
000970156 106080
000970157 103200
000970158 89600
000970159 57760
000970160 44784
000970161 95200
000970162 82800
000970163 68448
000970164 93440
000970165 67360
000970166 72960
000970167 120800
000970168 66720
000970169 95520
000970170 103520
000970171 135360
000970172 56320
000970173 74960
000970174 131360
000970175 81120
000970176 102240
000970177 98240
000970178 69008
000970179 81600
000970180 63040
000970181 59040
000970182 103840
000970183 117920
000970184 114240
000970185 124672
000970186 71520
000970187 109600
000970188 147680
000970189 92960
000970190 72800
000970191 87840
000970192 105760
000970193 115680
000970194 86560
000970195 120160
000970196 100528
000970197 117120
000970198 40160
000970199 99680
000970200 46384
000970201 84832
000970202 95840
000970203 93488
000970204 72800
000970205 55520
000970206 137040
000970207 80480
000970208 92160
000970209 48240
000970210 133280
000970211 48832
000970212 55824
000970213 108000
000970214 61200
000970215 111360
000970216 51360
000970217 58240
000970218 58400
000970219 87520
000970220 51520
000970221 113760
000970222 77440
000970223 124880
000970224 103520
000970225 39056
000970226 80960
000970227 108320
000970228 115680
000970229 62080
000970230 94240
000970231 67200
000970232 94032
000970233 64640
000970235 81920
000970236 98080
000970237 98736
000970238 86080
000970239 97120
000970240 89120
000970241 137600
000970242 84192
000970243 150560
000970244 57808
000970245 90544
000970246 60592
000970247 109760
000970248 120000
000970249 104640
000970250 98400
000970251 87104
000970252 126880
000970253 125440
000970254 64464
000970255 101280
000970257 111120
000970258 72064
000970259 65920
000970260 96960
000970261 104800
000970262 91520
000970263 81440
000970264 118560
000970265 84480
000970266 77120
000970267 127360
000970268 127360
000970269 70256
000970270 109184
000970271 129759
000970272 81920
000970273 58880
000970274 60800
000970275 76320
000970276 122560
000970277 69280
000970278 74720
000970279 65920
000970280 82240
000970281 45760
000970282 61440
000970283 150560
000970284 67520
000970285 65600
000970286 83680
000970287 57600
000970288 68368
000970289 103680
000970290 90880
000970291 70880
000970292 59040
000970293 108320
000970294 58640
000970295 71680
000970296 67840
000970297 100736
000970298 93120
000970299 116160
000970300 75200
000970301 142400
000970302 63040
000970303 86064
000970304 51040
000970305 127680
000970306 45680
000970307 45280
000970308 80160
000970309 88800
000970310 71552
000970311 152960
000970312 132640
000970313 54448
000970314 128160
000970315 103808
000970316 97920
000970317 55040
000970318 98400
000970319 128960
000970320 70080
000970321 66560
000970322 111840
000970323 44880
000970324 116320
000970325 109936
000970326 116320
000970327 61216
000970328 72320
000970329 50848
000970330 128639
000970331 132736
000970332 53456
000970333 103520
000970334 36192
000970337 127680
000970338 141280
000970339 152160
000970340 68480
000970341 84320
000970342 72160
000970343 78560
000970344 106400
000970345 146048
000970346 91840
000970347 77120
000970348 79040
000970349 157600
000970350 138240
000970351 70016
000970352 106080
000970353 68160
000970354 88480
000970355 129440
000970356 35680
000970357 76000
000970358 130400
000970359 115680
000970360 102720
000970361 55360
000970362 97760
000970363 70880
000970364 112160
000970365 73280
000970366 87040
000970367 49360
000970368 109920
000970369 55040
000970370 46160
000970371 110560
000970372 94544
000970374 65280
000970375 69680
000970376 92640
000970377 39840
000970378 120640
000970379 53360
000970380 90880
000970381 44960
000970382 109120
000970383 70720
000970384 51152
000970385 152000
000970386 44928
000970387 122560
000970388 91936
000970389 95520
000970390 140160
000970391 121440
000970392 59680
000970393 60160
000970394 87680
000970395 106240
000970396 75200
000970397 139360
000970398 48736
000970399 38992
000970400 56352
000971401 58400
000971402 78128
000971403 70240
000971404 77120
000971405 65920
000971406 54720
000971407 61280
000971408 73440
000971409 45264
000971410 51072
000971411 77760
000971412 70400
000971413 38880
000971414 83520
000971415 58080
000971416 67040
000971417 93920
000971418 58864
000971419 63040
000971420 44240
000971421 42048
000971422 48000
000971423 49088
000971424 60304
000971425 55680
000971426 55168
000971427 70240
000971428 49312
000971429 47328
000971430 65280
000971431 42080
000971432 70080
000971433 75520
000971434 58080
000971435 57120
000971436 61280
000971437 52320
000971438 56640
000971439 87520
000971440 38400
000971441 61584
000971442 64495
000971443 66240
000971444 87360
000971445 52320
000971446 75200
000971447 60800
000971448 60800
000971449 60000
000971450 63200
000971451 69952
000971452 75264
000971453 71680
000971454 42368
000971455 70640
000971456 67360
000971457 70080
000971458 100000
000971459 48320
000971460 58080
000971461 60800
000971462 46208
000971463 73280
000971464 66320
000971465 56096
000971466 68480
000971467 55200
000971468 60832
000971469 64672
000971470 68480
000971471 53920
000971472 69728
000971473 44688
000971474 50736
000971475 72160
000971476 67664
000971477 69920
000971478 54560
000971479 70576
000971480 94720
000971481 63520
000971482 59040
000971483 54544
000971484 53760
000971485 54720
000971486 48368
000971487 80784
000971488 54208
000971489 91040
000971490 51840
000971491 53600
000971492 58608
000971493 47632
000971494 57120
000971495 55680
000971496 68480
000971497 49840
000971498 62720
000971499 68160
000971500 64640
000971501 93120
000971502 72960
000971503 112800
000971504 80240
000971505 75680
000971506 86080
000971507 116000
000971508 83360
000971509 71680
000971510 111744
000971511 66720
000971512 105920
000971513 49920
000971514 70720
000971515 46880
000971516 49280
000971517 119680
000971518 107520
000971519 51664
000971520 111200
000971521 67360
000971522 60880
000971523 70720
000971524 87520
000971525 74880
000971526 101120
000971527 85760
000971528 122400
000971529 53008
000971530 43376
000971531 72800
000971532 106880
000971533 98080
000971534 112000
000971535 123776
000971536 56080
000971537 74880
000971538 99520
000971539 99840
000971540 117120
000971541 78240
000971542 41600
000971543 105600
000971544 46080
000971545 81712
000971546 91840
000971547 92640
000971550 127040
000971551 60320
000971552 44896
000971553 75680
000971554 90400
000971555 116960
000971556 102560
000971557 48960
000971558 58560
000971559 38672
000971560 77632
000971561 55200
000971562 85792
000971563 91520
000971564 93920
000971565 77552
000971566 135680
000971567 82720
000971568 120944
000971569 50240
000971570 98240
000971571 91040
000971572 83200
000971573 106080
000971574 97920
000971575 104960
000971576 109760
000971577 79040
000971578 70816
000971579 132640
000971580 49296
000971581 85440
000971582 108320
000971583 66240
000971584 72960
000971585 81440
000971586 100640
000971587 112160
000971588 76480
000971589 72528
000971590 91360
000971591 36160
000971592 137760
000971593 65760
000971594 88224
000971595 65120
000971596 120320
000971597 73280
000971598 108640
000971599 55120
000971600 72640
000971601 146720
000971602 104960
000971603 71904
000971604 97440
000971605 115200
000971606 125904
000971607 124480
000971608 98880
000971609 87680
000971610 39200
000971611 69440
000971612 105600
000971613 46336
000971614 77344
000971615 99040
000971616 60432
000971617 62272
000971618 95104
000971619 57280
000971620 105472
000971621 59040
000971622 53600
000971623 60960
000971624 131520
000971625 114256
000971626 119840
000971627 36000
000971628 113328
000971629 39520
000971630 141600
000971631 79232
000971632 81040
000971633 115232
000971634 73760
000971635 105600
000971636 49440
000971637 88480
000971638 67680
000971639 77696
000971640 85440
000971641 112160
000971642 53616
000971643 42352
000971644 87520
000971645 121440
000971646 120000
000971647 109120
000971648 111680
000971649 55520
000971650 139200
000971651 94240
000971652 98400
000971653 131520
000971654 63360
000971655 94400
000971656 79680
000971657 79040
000971658 65920
000971659 81040
000971660 73280
000971661 104960
000971662 78720
000971663 123392
000971664 62080
000971665 96160
000971666 78880
000971667 108000
000971668 136960
000971669 85280
000971670 44800
000971671 115520
000971672 75680
000971673 60000
000971674 44960
000971675 61280
000971676 125280
000971677 77440
000971678 83488
000971679 125600
000971680 53760
000971681 105920
000971682 81440
000971683 122240
000971684 68960
000971685 90560
000971686 129440
000971687 84640
000971688 48880
000971689 101920
000971690 59840
000971691 56720
000971692 38080
000971693 146240
000971694 63680
000971695 52800
000971696 65760
000971697 76000
000971698 64288
000971699 88800
000971700 111680
000971701 76480
000971702 67840
000971703 78720
000971704 103200
000971705 68800
000971706 72480
000971707 46336
000971708 120800
000971709 55840
000971710 75200
000971711 90240
000971712 77280
000971713 104960
000971714 98592
000971715 85600
000971716 94080
000971717 105296
000971718 82880
000971719 99520
000971720 100160
000971721 103200
000971722 131840
000971723 58240
000971724 49600
000971725 120800
000971726 115680
000971727 102880
000971728 112320
000971729 64959
000971731 139520
000971732 88640
000971733 57584
000971734 103200
000971735 41616
000971736 72640
000971737 70560
000971738 108960
000971739 94560
000971740 76000
000971741 101696
000971742 63360
000971743 70032
000971744 44640
000971745 94416
000971746 127200
000971747 114400
000971748 59360
000971749 93600
000971750 108800
000971751 56800
000971752 96000
000971753 53040
000971754 98240
000971755 74560
000971756 78240
000971757 75936
000971758 115040
000971759 73440
000971760 91632
000971761 113600
000971762 41760
000971764 59792
000971765 48320
000971766 74240
000971767 72400
000971768 77296
000971769 76160
000971770 143968
000971771 80480
000971772 53600
000971773 159680
000971774 88640
000971775 100320
000971776 106240
000971777 127840
000971778 51088
000971779 106720
000971780 108640
000971781 111520
000971782 64144
000971783 74320
000971784 91840
000971785 41264
000971786 43840
000971787 134080
000971788 158240
000971789 128960
000971790 110080
000971791 72960
000971792 76320
000971793 76000
000971794 76160
000971795 91040
000971796 87360
000971797 75040
000971798 68640
000971799 81440
000971800 107680
000980001 59632
000980002 153616
000980003 81760
000980004 116400
000980005 142400
000980006 74768
000980007 91840
000980008 92320
000980009 62720
000980010 94240
000980011 73936
000980012 144960
000980013 83520
000980014 129600
000980015 96320
000980016 125760
000980017 67040
000980018 75456
000980019 132480
000980020 73872
000980021 44800
000980022 60480
000980023 58560
000980024 54992
000980025 75360
000980026 47360
000980027 57440
000980028 47888
000980029 63520
000980030 60000
000980031 65760
000980032 62400
000980033 86560
000980034 104480
000980035 38880
000980036 55232
000980037 75520
000980038 63040
000980039 58880
000980040 69808
000980041 31712
000980042 37280
000980043 59840
000980044 59360
000980045 53120
000980046 52032
000980047 42080
000980048 83360
000980049 61760
000980050 61600
000980051 61920
000980052 91040
000980053 40752
000980054 40640
000980055 61824
000980056 68800
000980057 77280
000980058 61440
000980059 55840
000980060 61280
000980061 63200
000980062 57120
000980063 71520
000980064 65904
000980065 58240
000980066 56080
000980067 54240
000980068 78400
000980069 70240
000980070 56112
000980071 52160
000980072 68720
000980073 64480
000980074 71280
000980075 55360
000980076 98240
000980077 55024
000980078 74080
000980079 61760
000980080 42928
000980081 52160
000980082 87360
000980083 55200
000980084 56480
000980085 59360
000980086 59840
000980087 67040
000980088 71952
000980089 91200
000980090 72160
000980091 77440
000980092 95840
000980093 71696
000980094 49904
000980095 68320
000980096 63040
000980097 55520
000980098 80992
000980099 58688
000980100 68480
000980101 84960
000980102 112640
000980103 54720
000980104 96800
000980105 85280
000980106 110896
000980107 43632
000980108 78400
000980109 80160
000980110 63200
000980111 59520
000980112 133280
000980113 135680
000980114 81120
000980115 48480
000980116 94560
000980117 48864
000980118 43200
000980119 107360
000980120 63520
000980121 72640
000980122 72960
000980123 70928
000980124 64208
000980125 102240
000980126 98976
000980127 67504
000980128 31984
000980129 93120
000980130 53968
000980131 106560
000980132 38352
000980133 113920
000980134 94080
000980135 97904
000980136 58880
000980137 126720
000980138 81744
000980139 59840
000980140 64319
000980141 107360
000980142 128639
000980143 67040
000980144 39840
000980145 106880
000980146 52800
000980147 55520
000980148 67360
000980149 104960
000980150 87200
000980151 102240
000980152 89600
000980153 80480
000980154 67200
000980155 68320
000980156 42880
000980157 56480
000980158 75840
000980159 110720
000980160 84800
000980161 67840
000980162 40960
000980163 56320
000980164 38400
000980165 100000
000980166 140160
000980167 90240
000980168 49760
000980169 62080
000980170 52320
000980171 95680
000980172 56320
000980173 36480
000980174 67216
000980175 68384
000980176 116480
000980177 81760
000980178 117760
000980179 93120
000980180 32320
000980181 71840
000980182 62224
000980183 134080
000980184 70576
000980185 90560
000980186 52960
000980187 56160
000980188 51840
000980189 118080
000980190 88960
000980191 100960
000980192 73472
000980193 81200
000980195 57488
000980196 104160
000980197 93120
000980198 89440
000980199 62544
000980200 67040
000980201 81120
000980202 95200
000980203 102400
000980204 116320
000980205 110880
000980206 71200
000980207 61840
000980208 68480
000980209 81920
000980210 82400
000980211 127360
000980212 40160
000980213 113760
000980214 64319
000980215 104800
000980216 102720
000980217 78880
000980218 52960
000980219 35536
000980221 40800
000980222 69920
000980223 38080
000980224 100160
000980225 136640
000980226 75200
000980227 93280
000980228 92160
000980230 45584
000980231 68448
000980232 84800
000980233 39360
000980234 47632
000980235 55856
000980236 59840
000980237 86400
000980238 119792
000980239 64800
000980240 44992
000980241 62880
000980242 97600
000980243 94560
000980244 65760
000980245 54080
000980246 96416
000980247 56016
000980248 52000
000980249 73392
000980250 62240
000980251 70720
000980252 82560
000980253 45008
000980254 125600
000980255 109760
000980256 45568
000980257 73440
000980258 83360
000980259 60672
000980260 80000
000980261 69760
000980262 126720
000980263 100000
000980264 91040
000980265 78400
000980266 94720
000980267 38912
000980268 96416
000980269 120960
000980270 48448
000980271 47040
000980272 110880
000980273 48896
000980274 85408
000980275 43904
000980276 81280
000980277 65600
000980278 38176
000980279 94560
000980280 53760
000980281 51840
000980282 80368
000980283 64319
000980284 96800
000980285 88960
000980286 68320
000980288 89280
000980289 121440
000980290 111888
000980291 103520
000980292 34880
000980293 126880
000980294 69584
000980295 136160
000980296 156640
000980297 75200
000980298 84800
000980299 119040
000980300 81280
000980301 85280
000980302 72960
000980303 49280
000980304 39872
000980305 60480
000980306 68112
000980307 72160
000980308 79840
000980309 38240
000980310 77280
000980311 122720
000980312 87680
000980313 89600
000980314 95360
000980315 55200
000980316 49056
000980317 39360
000980318 109920
000980319 91200
000980320 87520
000980321 157920
000980322 76720
000980323 42400
000980324 102400
000980325 84448
000980326 44960
000980328 119024
000980329 91520
000980330 67920
000980331 91360
000980332 113440
000980333 93440
000980334 75520
000980335 120960
000980336 76800
000980337 123200
000980338 47104
000980339 113712
000980340 66080
000980341 52640
000980342 74240
000980343 66512
000980344 61376
000980345 49120
000980346 116800
000980347 53760
000980348 60480
000980349 37600
000980350 133120
000980351 66720
000980352 50688
000980353 150400
000980354 54864
000980355 55840
000980356 34240
000980357 90720
000980358 49440
000980359 59568
000980360 65760
000980361 60480
000980362 91200
000980363 54176
000980364 92512
000980365 37120
000980366 89760
000980367 93120
000980368 77440
000980369 114880
000980370 133760
000980371 69280
000980372 100800
000980373 96800
000980374 104480
000980375 54800
000980376 76000
000980377 95280
000980379 66480
000980380 64000
000980381 60336
000980382 62560
000980383 61648
000980384 65760
000980385 55616
000980386 87040
000980387 43840
000980388 41232
000980389 88800
000980390 81120
000980391 56528
000980392 75200
000980393 63040
000980394 72480
000980395 82560
000980396 81280
000980397 40480
000980398 68000
000980399 65120
000980400 65760
000981401 55488
000981402 68624
000981403 67520
000981404 79648
000981405 60640
000981406 52480
000981407 55840
000981408 65280
000981409 41440
000981410 46848
000981411 93760
000981412 67520
000981413 34560
000981414 78880
000981415 47680
000981416 65440
000981417 75216
000981418 49920
000981419 57152
000981422 44640
000981423 39600
000981424 49600
000981425 46400
000981426 50400
000981427 67424
000981428 47200
000981429 40800
000981430 60640
000981431 33744
000981432 69600
000981433 65760
000981434 54080
000981435 43840
000981436 54720
000981438 50880
000981439 74208
000981440 33600
000981441 49920
000981442 58416
000981443 56160
000981444 64480
000981445 42400
000981446 63600
000981447 49120
000981448 51520
000981449 49760
000981450 57120
000981451 60320
000981452 70720
000981453 67840
000981454 35872
000981456 63616
000981457 54880
000981458 72960
000981459 44800
000981460 49600
000981461 57104
000981462 39376
000981463 57920
000981464 54240
000981465 49280
000981466 58720
000981467 47360
000981468 54080
000981469 53216
000981470 67840
000981471 46720
000981472 52464
000981473 40800
000981474 44352
000981475 53280
000981476 59200
000981477 57936
000981478 45440
000981479 56480
000981480 83040
000981481 53280
000981482 54240
000981483 46496
000981484 43696
000981485 51680
000981487 63040
000981488 48320
000981489 70240
000981490 44800
000981491 44240
000981492 50144
000981493 40000
000981494 46240
000981495 46240
000981496 52640
000981497 42560
000981498 52000
000981499 55200
000981500 50880
000981501 75360
000981502 44000
000981503 82304
000981504 81760
000981505 54944
000981506 93328
000981507 108320
000981508 121760
000981509 51040
000981510 57600
000981511 63616
000981512 89760
000981513 79680
000981514 82880
000981515 78400
000981516 90720
000981517 64640
000981518 48960
000981519 132800
000981520 68640
000981521 78880
000981522 84000
000981523 35840
000981524 60832
000981525 115840
000981526 41616
000981527 80960
000981528 81072
000981529 93440
000981530 116160
000981531 63360
000981532 83824
000981533 108480
000981534 77232
000981535 65440
000981536 112320
000981537 122720
000981538 63888
000981539 51552
000981540 53440
000981541 64000
000981542 45920
000981543 45120
000981544 88320
000981545 86880
000981546 85056
000981547 90080
000981548 78400
000981549 83360
000981550 47184
000981551 59360
000981552 60160
000981553 122560
000981554 92000
000981555 51840
000981556 27840
000981557 106320
000981558 48096
000981559 90464
000981560 96640
000981561 77120
000981562 44800
000981563 87680
000981564 62720
000981565 52816
000981566 97760
000981567 36800
000981568 55200
000981569 95200
000981571 54064
000981573 45120
000981574 82240
000981575 93440
000981576 74400
000981577 53600
000981578 48576
000981579 58400
000981580 46544
000981581 101408
000981582 83200
000981583 114240
000981584 101920
000981585 54080
000981586 66400
000981587 109760
000981588 79040
000981589 86560
000981590 78880
000981591 63520
000981592 61440
000981593 104784
000981594 107040
000981596 68960
000981597 110880
000981598 45440
000981599 74880
000981600 101440
000981601 53280
000981602 61856
000981603 59680
000981604 58800
000981605 60368
000981606 43680
000981607 89280
000981608 75920
000981609 66752
000981610 52624
000981611 59040
000981612 61312
000981613 110240
000981614 128320
000981615 56016
000981616 84160
000981617 86928
000981618 42592
000981619 70080
000981620 91840
000981621 102400
000981622 88480
000981623 52480
000981624 59104
000981625 73600
000981626 50720
000981627 36160
000981628 110720
000981629 103520
000981630 57568
000981631 80448
000981632 116640
000981633 80960
000981634 68000
000981635 49760
000981636 115520
000981637 70080
000981638 107360
000981639 100480
000981640 70240
000981641 43840
000981642 71360
000981643 117920
000981644 76640
000981645 73760
000981646 47520
000981647 40800
000981648 84720
000981649 102720
000981650 100480
000981651 86400
000981652 49600
000981653 73600
000981654 89920
000981655 117120
000981656 76960
000981657 94560
000981658 64751
000981659 146720
000981660 43680
000981661 109280
000981662 91840
000981663 68000
000981664 88960
000981665 71200
000981666 87200
000981668 97920
000981669 55824
000981670 46720
000981671 98080
000981672 76160
000981673 84800
000981674 116320
000981675 89760
000981676 67936
000981677 67360
000981678 62864
000981679 46080
000981680 49456
000981681 96320
000981682 45920
000981683 56640
000981684 64319
000981685 80160
000981686 120160
000981687 94720
000981688 79568
000981689 77600
000981690 107680
000981691 78688
000981692 64640
000981693 151200
000981694 81520
000981695 96160
000981696 82400
000981697 53920
000981698 54400
000981699 97440
000981700 30240
000981701 111200
000981702 62720
000981703 74240
000981704 81120
000981705 114720
000981706 49600
000981707 139840
000981708 105600
000981709 97760
000981710 80208
000981711 114880
000981712 87744
000981713 41136
000981714 49760
000981715 56320
000981716 138880
000981717 58800
000981718 72160
000981719 72784
000981720 96080
000981721 49120
000981722 73920
000981723 30096
000981724 85920
000981725 44480
000981726 55200
000981727 65744
000981728 139392
000981729 36320
000981730 58976
000981731 86416
000981732 103840
000981733 77120
000981734 40800
000981735 38400
000981736 78176
000981737 87040
000981738 56000
000981739 102880
000981740 71040
000981741 67200
000981742 48960
000981743 69760
000981744 36320
000981745 121280
000981746 94688
000981747 128800
000981748 76480
000981749 154240
000981750 111040
000981751 131360
000981752 136480
000981753 81440
000981754 53760
000981755 52112
000981756 101600
000981757 103328
000981758 76160
000981759 64480
000981760 118240
000981761 83808
000981762 59024
000981763 86928
000981764 71360
000981765 51552
000981766 81760
000981767 76800
000981768 69280
000981769 35520
000981770 74592
000981771 91776
000981772 54144
000981773 106048
000981774 57488
000981775 58080
000981776 52160
000981777 72320
000981778 56640
000981779 105440
000981780 50240
000981781 128639
000981782 91680
000981783 67840
000981784 109600
000981785 111328
000981786 52960
000981787 101472
000981788 106400
000981789 71344
000981790 37440
000981791 96320
000981792 72000
000981793 73920
000981794 90720
000981795 81440
000981796 83680
000981797 54720
000981798 77984
000981799 92000
000981800 58240
000990001 70224
000990002 174496
000990003 91040
000990004 115360
000990005 138880
000990006 80000
000990007 104320
000990008 98080
000990009 80480
000990010 95840
000990011 76688
000990012 138080
000990013 86064
000990014 139200
000990015 116320
000990016 165760
000990017 92960
000990018 92000
000990019 147520
000990020 85440
000990021 54016
000990023 69920
000990024 69184
000990025 91520
000990026 64816
000990027 60000
000990029 68736
000990030 70080
000990031 72640
000990032 69600
000990033 91040
000990034 103360
000990036 62608
000990037 85120
000990038 62240
000990039 64480
000990040 75680
000990041 44384
000990043 75680
000990045 49488
000990046 50160
000990047 53440
000990048 92640
000990049 57760
000990050 66880
000990052 81776
000990053 47120
000990055 64239
000990056 74016
000990057 77120
000990058 69440
000990059 68160
000990060 81280
000990061 64912
000990063 86880
000990064 62080
000990065 65600
000990066 60448
000990067 71344
000990068 81600
000990070 68368
000990071 57472
000990073 81280
000990074 85120
000990075 61440
000990076 101600
000990077 62560
000990078 85440
000990079 68960
000990081 63200
000990082 90480
000990083 64800
000990084 67840
000990085 73760
000990086 75520
000990087 75200
000990088 74080
000990089 117280
000990090 77440
000990091 89280
000990092 123520
000990093 83680
000990094 66720
000990095 71520
000990096 72000
000990097 73760
000990098 105600
000990099 71424
000990100 75840
000990101 96320
000990102 145920
000990103 63200
000990104 62240
000990105 70240
000990106 58880
000990107 78560
000990108 84000
000990109 152800
000990110 94720
000990112 79680
000990113 115200
000990114 97440
000990115 104416
000990116 128208
000990117 115840
000990118 159888
000990119 70720
000990121 57280
000990122 80480
000990123 125600
000990124 103200
000990125 163520
000990127 122960
000990128 136640
000990129 110560
000990130 119680
000990131 132944
000990133 109920
000990134 88048
000990135 68432
000990136 103840
000990138 111360
000990139 140480
000990140 115520
000990141 128960
000990142 89760
000990143 112000
000990144 67520
000990145 139840
000990146 63680
000990147 65519
000990149 89920
000990150 116736
000990151 91936
000990152 92160
000990153 76640
000990154 126560
000990156 72480
000990157 90496
000990158 101440
000990161 111520
000990162 140320
000990163 91680
000990164 131792
000990165 123200
000990166 95984
000990167 116640
000990169 64000
000990170 114560
000990171 125920
000990172 138208
000990173 78560
000990174 77200
000990175 122080
000990176 57920
000990177 95840
000990178 88160
000990179 109760
000990180 188960
000990181 133600
000990182 142400
000990183 115664
000990185 99200
000990186 110720
000990187 113712
000990188 84320
000990189 95040
000990191 76448
000990192 82560
000990193 91840
000990194 105440
000990195 79600
000990196 145440
000990197 134720
000990198 59520
000990199 62720
000990200 132000
000990201 126560
000990202 94240
000990203 127520
000990204 118304
000990205 134240
000990206 152480
000990207 193120
000990208 133120
000990209 119360
000990211 119072
000990212 149760
000990213 116800
000990214 110448
000990215 74816
000990216 182560
000990217 110880
000990218 80960
000990219 121920
000990222 118720
000990223 134880
000990224 121760
000990226 152160
000990227 133920
000990228 79840
000990229 160304
000990230 69600
000990233 84352
000990234 63040
000990235 141280
000990236 53120
000990237 65760
000990238 97280
000990240 136160
000990241 114240
000990242 158080
000990243 67040
000990244 77456
000990245 70096
000990246 91200
000990247 50112
000990248 79680
000990249 90240
000990250 130880
000990251 113280
000990252 121600
000990253 66880
000990254 81760
000990255 117712
000990256 78400
000990257 91504
000990258 137504
000990259 179520
000990261 63760
000990262 77920
000990263 150720
000990264 90560
000990265 86080
000990268 58464
000990270 120368
000990271 131360
000990272 143680
000990273 102400
000990274 91456
000990275 151680
000990277 120320
000990278 101280
000990279 150400
000990283 139520
000990284 74400
000990285 63360
000990286 87360
000990289 111200
000990290 123088
000990291 91840
000990292 95360
000990294 70800
000990295 152480
000990296 99200
000990297 93440
000990298 67680
000990299 66240
000990300 148208
000990301 121600
000990302 64959
000990303 93440
000990304 118864
000990305 86320
000990306 125568
000990307 92640
000990309 56688
000990311 49280
000990313 100160
000990315 161120
000990317 82240
000990318 79088
000990319 80944
000990320 88320
000990321 101440
000990322 117280
000990323 62208
000990324 109120
000990325 53760
000990326 145280
000990328 65104
000990329 49440
000990330 83040
000990331 128160
000990332 163520
000990333 112480
000990334 140672
000990336 89760
000990337 143040
000990338 101280
000990339 109120
000990340 94624
000990341 131039
000990342 60960
000990343 183200
000990344 81440
000990345 181760
000990346 119680
000990347 117440
000990348 58560
000990349 75184
000990350 117920
000990351 109552
000990352 103232
000990353 119520
000990355 98144
000990356 88480
000990357 51040
000990358 114832
000990359 87088
000990360 97520
000990362 133760
000990363 140960
000990364 71040
000990365 93648
000990368 176160
000990370 130080
000990371 123040
000990372 94720
000990373 82720
000990374 69024
000990376 108640
000990378 129472
000990379 120320
000990380 95632
000990381 151104
000990382 91136
000990383 64768
000990384 128320
000990385 76160
000990390 73440
000990391 56640
000990392 99200
000990393 108480
000990394 147712
000990395 118880
000990396 85792
000990397 109920
000990398 91520
000990399 102880
000990400 127360
000991401 68272
000991402 84640
000991403 75200
000991404 86304
000991405 73120
000991406 65760
000991407 69440
000991408 77392
000991409 51200
000991411 86720
000991412 88784
000991413 41648
000991414 95360
000991415 72480
000991416 80128
000991418 73120
000991421 45648
000991422 54400
000991423 50880
000991424 62560
000991425 61280
000991426 66160
000991428 58080
000991429 52336
000991430 69968
000991431 53600
000991432 76688
000991433 87360
000991434 63040
000991435 56800
000991436 68320
000991438 68960
000991439 88400
000991440 47296
000991441 68592
000991442 72320
000991444 83040
000991445 53920
000991448 58880
000991449 57280
000991450 73712
000991451 79232
000991452 75168
000991453 80480
000991454 47376
000991456 78832
000991457 69520
000991458 89600
000991459 51856
000991460 62176
000991461 61424
000991463 68960
000991464 66880
000991465 58560
000991466 72640
000991467 59888
000991468 72304
000991470 69760
000991471 59536
000991474 57600
000991475 75040
000991476 71664
000991478 62560
000991479 75984
000991480 99200
000991481 75792
000991482 65440
000991483 62192
000991484 55888
000991485 72640
000991487 76256
000991488 64944
000991489 89600
000991490 55440
000991491 60320
000991492 64575
000991494 57600
000991495 63360
000991496 65440
000991497 60320
000991498 66240
000991499 70560
000991500 65600
000991501 55344
000991502 56016
000991503 93600
000991504 68096
000991505 63680
000991506 117760
000991507 82560
000991508 75520
000991510 72000
000991511 77600
000991512 70880
000991513 94400
000991514 68160
000991515 102400
000991516 91360
000991517 64319
000991518 75520
000991519 129280
000991520 69760
000991521 167040
000991522 127680
000991523 79680
000991524 102880
000991525 89536
000991526 143040
000991527 67840
000991528 76480
000991529 74848
000991530 113808
000991531 72000
000991532 62240
000991533 111520
000991534 135840
000991535 133280
000991536 115040
000991537 70880
000991538 72960
000991539 51200
000991540 42720
000991541 73760
000991542 46880
000991543 35520
000991544 88640
000991545 139200
000991546 79520
000991548 113440
000991549 93280
000991550 62560
000991551 57600
000991552 97600
000991553 48800
000991554 83360
000991557 98896
000991558 45184
000991559 68800
000991560 134080
000991561 98720
000991563 49968
000991564 100640
000991565 107840
000991566 47840
000991567 156960
000991568 57120
000991569 54400
000991570 50720
000991571 52480
000991572 116800
000991573 47200
000991574 72960
000991575 107680
000991576 58640
000991577 105440
000991578 110080
000991579 99488
000991580 71680
000991581 64640
000991582 73920
000991583 58080
000991584 156960
000991585 115680
000991586 55520
000991587 98656
000991588 62560
000991589 104000
000991590 91840
000991592 87424
000991594 109440
000991595 109120
000991597 87360
000991598 100000
000991600 43040
000991601 49920
000991602 76160
000991603 102240
000991604 51648
000991605 90240
000991606 90432
000991607 112320
000991608 90880
000991609 83280
000991610 88000
000991611 82704
000991612 109920
000991613 118080
000991614 104320
000991615 65600
000991616 107632
000991617 120480
000991618 82720
000991619 109760
000991620 45280
000991621 113920
000991622 77760
000991623 128800
000991624 60480
000991625 68000
000991626 53456
000991627 67360
000991628 77920
000991629 63520
000991630 97600
000991631 127200
000991632 104192
000991633 61120
000991635 95184
000991636 72176
000991637 88432
000991638 63360
000991639 122864
000991640 113760
000991641 103040
000991642 56640
000991643 83040
000991644 82240
000991645 110880
000991646 83040
000991647 124480
000991648 85280
000991649 103904
000991650 71824
000991651 78032
000991653 44800
000991654 57600
000991655 53440
000991656 73920
000991657 122240
000991658 103360
000991659 126400
000991660 74656
000991661 65440
000991662 132624
000991663 67744
000991664 102240
000991665 57424
000991667 71200
000991668 70720
000991669 100800
000991670 115840
000991672 55584
000991673 86720
000991674 72000
000991675 103840
000991677 80480
000991678 79360
000991679 43680
000991680 92224
000991682 84320
000991683 56480
000991684 97728
000991685 85600
000991687 86304
000991688 116640
000991690 59408
000991691 90880
000991693 154720
000991694 91040
000991695 70240
000991696 74240
000991697 107040
000991698 127360
000991700 77600
000991701 98560
000991702 135168
000991703 128800
000991704 100320
000991705 83680
000991706 95200
000991707 74080
000991708 132960
000991709 143200
000991710 103840
000991711 113280
000991712 104640
000991713 128320
000991714 75184
000991715 60960
000991716 117600
000991717 91200
000991718 121920
000991719 121600
000991720 104480
000991721 64959
000991723 97280
000991724 92128
000991725 77936
000991726 73280
000991727 87520
000991728 78880
000991729 110080
000991730 79680
000991732 102080
000991733 70192
000991734 79840
000991735 69536
000991736 66080
000991737 87872
000991738 122096
000991739 133280
000991740 50720
000991741 71344
000991742 86880
000991743 52320
000991744 98080
000991745 111360
000991746 65280
000991747 150880
000991748 74704
000991749 90720
000991750 68640
000991751 64319
000991752 49920
000991753 83680
000991754 107680
000991755 101440
000991756 58512
000991757 73648
000991758 75184
000991759 60320
000991760 98208
000991761 122080
000991762 139424
000991763 110400
000991764 103312
000991765 56544
000991766 60912
000991767 95360
000991768 66560
000991769 100960
000991770 71200
000991772 61760
000991773 47680
000991774 49056
000991775 98400
000991776 141600
000991777 84848
000991779 87712
000991780 125920
000991781 113408
000991783 106720
000991784 105440
000991785 111520
000991787 103680
000991788 107360
000991789 65232
000991790 120320
000991791 69248
000991793 112064
000991794 64640
000991796 121280
000991797 109760
000991799 93600
001000001 55840
001000002 145280
001000003 71824
001000004 99040
001000005 127840
001000006 75664
001000007 90400
001000008 84960
001000009 66080
001000010 89600
001000011 63648
001000012 115360
001000013 78848
001000014 116480
001000015 94816
001000016 124640
001000017 76160
001000018 83040
001000019 124000
001000020 69920
001000021 47040
001000023 62880
001000024 52544
001000025 69600
001000026 56160
001000027 49760
001000028 44864
001000029 55680
001000030 59376
001000031 65120
001000032 61440
001000033 70720
001000034 85600
001000035 41760
001000036 54400
001000037 74880
001000038 58560
001000039 55840
001000040 61440
001000042 36640
001000043 52960
001000045 41424
001000046 40752
001000047 45312
001000048 72960
001000049 49760
001000050 55040
001000052 63520
001000053 43840
001000054 38192
001000055 52032
001000057 70240
001000058 57792
001000059 53120
001000060 59520
001000061 54240
001000062 52800
001000063 71840
001000064 60320
001000065 55520
001000066 47760
001000068 75520
001000069 64160
001000070 51184
001000071 49280
001000072 64640
001000073 64640
001000074 68960
001000075 59520
001000076 88480
001000077 57120
001000079 61120
001000080 41824
001000081 56000
001000082 82880
001000083 56928
001000084 63040
001000085 67376
001000086 61600
001000087 62560
001000088 59984
001000089 94720
001000090 68640
001000091 74592
001000092 106400
001000095 73440
001000096 64000
001000097 61920
001000098 77648
001000099 64000
001000100 70880
001000101 64319
001000102 63680
001000103 71840
001000104 89120
001000105 112160
001000106 98080
001000107 102720
001000108 71200
001000109 108640
001000110 100000
001000111 108320
001000112 71808
001000113 76256
001000114 101600
001000116 67312
001000117 61600
001000118 54160
001000119 111408
001000120 89792
001000121 92960
001000123 100224
001000124 72384
001000125 98880
001000126 92160
001000127 96640
001000128 93440
001000129 51520
001000130 102080
001000131 76160
001000133 68960
001000134 64319
001000135 76480
001000136 77984
001000137 44224
001000138 86720
001000139 136160
001000140 76320
001000141 97920
001000142 108480
001000143 72944
001000144 57648
001000145 104160
001000146 123520
001000148 79680
001000149 66048
001000150 101104
001000151 110400
001000152 67200
001000153 104160
001000154 81184
001000155 91680
001000157 77472
001000158 98400
001000159 74560
001000160 107520
001000161 94880
001000162 71680
001000163 75840
001000164 130720
001000165 76800
001000166 92112
001000167 112336
001000168 69392
001000169 50560
001000170 60560
001000171 63520
001000172 102880
001000173 90224
001000174 89760
001000175 76960
001000176 81600
001000177 93760
001000178 119520
001000179 48000
001000180 80000
001000181 93920
001000182 116480
001000183 115360
001000184 80480
001000185 104160
001000186 48896
001000187 110880
001000188 75680
001000189 68752
001000192 48592
001000193 51184
001000194 61440
001000195 109760
001000196 110624
001000197 99392
001000199 89568
001000200 96160
001000201 106400
001000202 66240
001000204 110560
001000205 146720
001000206 60480
001000207 79200
001000208 80848
001000209 47520
001000210 54560
001000211 51840
001000212 109120
001000213 37920
001000214 99200
001000215 99680
001000216 85120
001000217 75520
001000218 65760
001000219 49600
001000220 87360
001000221 82848
001000223 84800
001000224 74080
001000225 52000
001000226 73456
001000227 133744
001000228 50080
001000229 49104
001000230 87520
001000231 105280
001000232 127200
001000233 100480
001000235 141600
001000236 84736
001000238 55040
001000239 85696
001000240 118880
001000241 58400
001000242 70592
001000243 86880
001000244 89920
001000245 147520
001000247 109760
001000248 51040
001000249 123520
001000250 73120
001000251 94240
001000252 96960
001000253 51840
001000254 133760
001000255 88800
001000256 66080
001000257 82400
001000258 98080
001000259 129120
001000260 124480
001000261 111840
001000262 57280
001000263 48416
001000264 82224
001000265 116960
001000267 85760
001000268 51392
001000269 79200
001000270 51200
001000271 120800
001000272 116160
001000273 97344
001000274 64959
001000275 84304
001000276 52480
001000277 117920
001000278 98240
001000279 60160
001000280 57440
001000281 95840
001000282 73760
001000283 86240
001000284 70720
001000285 86560
001000286 70176
001000287 66080
001000288 102080
001000290 99040
001000291 69984
001000292 81152
001000293 119040
001000294 63360
001000295 67520
001000296 140960
001000297 96320
001000298 60960
001000299 114080
001000300 85600
001000301 107360
001000303 99200
001000304 52928
001000305 62144
001000306 121600
001000307 85920
001000308 45440
001000309 43840
001000310 98240
001000311 48960
001000312 74240
001000313 122304
001000315 106400
001000316 71040
001000317 64367
001000318 121280
001000319 51024
001000320 71024
001000321 89120
001000322 87520
001000323 118560
001000324 55536
001000325 46400
001000326 115200
001000327 64367
001000328 59712
001000329 108320
001000330 115200
001000332 91280
001000333 92480
001000334 80000
001000336 48976
001000337 75200
001000338 71200
001000340 93600
001000341 53600
001000342 48480
001000343 72960
001000344 72480
001000345 68000
001000346 105888
001000347 105040
001000348 70416
001000349 101440
001000350 94960
001000351 114880
001000352 87360
001000353 79472
001000354 132640
001000355 75040
001000356 98784
001000357 125600
001000358 59840
001000360 82880
001000361 91360
001000362 100800
001000363 43520
001000364 82560
001000365 90640
001000366 62976
001000367 110560
001000369 79520
001000370 79200
001000371 96000
001000372 46880
001000373 115088
001000374 114080
001000375 122400
001000376 64640
001000377 91200
001000378 82400
001000379 76640
001000380 85920
001000381 108960
001000382 79040
001000383 105120
001000384 74416
001000385 118400
001000386 130880
001000387 115840
001000388 93440
001000389 138240
001000390 68464
001000391 76960
001000392 48528
001000393 85600
001000395 118400
001000396 117760
001000397 98080
001000398 111840
001000399 108480
001000400 112640
001001401 54736
001001402 77440
001001403 68800
001001404 84800
001001405 72000
001001407 65280
001001408 72480
001001409 44624
001001411 75680
001001412 75360
001001414 88960
001001415 60960
001001416 64800
001001418 64000
001001419 57472
001001421 40720
001001422 57440
001001423 47696
001001424 58880
001001425 56960
001001426 61584
001001428 54240
001001429 53664
001001430 70560
001001431 48224
001001432 72480
001001433 80800
001001435 54880
001001436 67040
001001438 64480
001001439 79424
001001440 43424
001001441 63472
001001442 64959
001001443 72160
001001444 86400
001001445 53744
001001446 77280
001001447 62176
001001448 59200
001001449 58560
001001450 71360
001001451 84352
001001453 80320
001001456 71680
001001457 77520
001001458 96640
001001459 53776
001001460 58448
001001462 50640
001001463 78080
001001464 72320
001001465 56160
001001466 71584
001001467 59840
001001470 68160
001001471 59840
001001472 70704
001001474 56496
001001475 80320
001001476 67360
001001477 73600
001001478 61120
001001479 79344
001001480 95200
001001481 72592
001001482 72320
001001483 60768
001001487 84800
001001488 65984
001001489 99680
001001490 55824
001001491 61600
001001492 63584
001001493 51600
001001494 64480
001001495 57120
001001496 72000
001001497 60640
001001498 65920
001001499 73120
001001500 68320
001001501 103360
001001502 105280
001001503 44432
001001504 54880
001001505 46880
001001506 85760
001001507 89920
001001508 100480
001001509 104000
001001510 43360
001001511 58880
001001513 84480
001001514 44000
001001515 51712
001001516 104480
001001517 80000
001001518 71520
001001519 65360
001001520 110240
001001521 54128
001001522 52880
001001524 106720
001001525 48160
001001526 116752
001001527 98880
001001528 78400
001001529 53008
001001530 72160
001001531 102240
001001533 124000
001001534 88800
001001535 132960
001001536 56640
001001537 90080
001001538 50640
001001539 88640
001001541 102560
001001542 55360
001001543 94400
001001544 72480
001001545 76480
001001546 44960
