000920220 11
000920221 31
000920222 34
000920223 37
000920224 29
000920225 15
000920227 19
000920228 24
000920229 45
000920230 17
000920231 24
000920232 21
000920233 32
000920234 22
000920235 18
000920236 15
000920237 27
000920238 10
000920239 12
000920240 22
000920241 31
000920242 10
000920243 7
000920244 12
000920245 24
000920246 12
000920247 11
000920248 15
000920249 12
000920250 24
000920251 24
000920252 6
000920253 13
000920255 21
000920256 10
000920257 12
000920258 16
000920259 7
000920260 29
000920261 43
000920262 31
000920263 13
000920264 7
000920265 7
000920266 22
000920267 16
000920268 14
000920269 12
000920270 30
000920271 21
000920272 28
000920273 13
000920274 14
000920275 13
000920276 31
000920277 31
000920278 32
000920279 27
000920281 19
000920282 16
000920283 23
000920284 17
000920285 43
000920286 30
000920287 15
000920288 15
000920289 15
000920290 14
000920291 27
000920292 16
000920293 31
000920294 28
000920295 7
000920296 12
000920297 11
000920298 12
000920299 8
000920300 24
000920301 25
000920302 8
000920303 31
000920304 15
000920305 19
000920306 22
000920307 21
000920308 13
000920309 10
000920311 16
000920312 18
000920313 12
000920314 13
000920316 7
000920317 22
000920318 25
000920319 30
000920320 9
000920321 15
000920322 30
000920323 18
000920324 28
000920325 21
000920326 14
000920327 38
000920328 11
000920329 21
000920330 21
000920331 24
000920332 16
000920333 18
000920334 23
000920335 33
000920336 17
000920337 12
000920338 21
000920339 21
000920340 15
000920341 8
000920342 17
000920343 18
000920344 18
000920345 19
000920346 7
000920347 10
000920348 25
000920349 10
000920350 20
000920351 21
000920352 17
000920353 34
000920354 23
000920355 28
000920356 21
000920357 15
000920358 34
000920359 13
000920360 22
000920361 27
000920362 19
000920363 17
000920364 30
000920365 25
000920366 16
000920367 33
000920368 29
000920369 34
000920370 14
000920371 18
000920372 51
000920373 26
000920374 13
000920375 18
000920376 23
000920377 27
000920378 5
000920379 23
000920380 17
000920381 28
000920382 21
000920383 32
000920384 5
000920385 16
000920386 8
000920387 25
000920388 19
000920389 30
000920390 12
000920391 19
000920392 26
000920393 8
000920394 22
000920395 7
000920396 32
000920397 21
000920398 9
000920399 17
000920400 13
000921401 12
000921402 18
000921403 13
000921404 21
000921405 13
000921406 15
000921407 22
000921408 16
000921409 10
000921410 19
000921411 19
000921412 21
000921413 6
000921414 19
000921415 11
000921416 13
000921417 27
000921418 12
000921419 16
000921420 14
000921421 8
000921422 13
000921423 10
000921424 15
000921425 10
000921426 12
000921427 22
000921428 10
000921429 15
000921430 17
000921431 14
000921432 20
000921433 19
000921434 14
000921435 10
000921436 12
000921437 12
000921438 16
000921439 19
000921440 14
000921441 17
000921442 20
000921443 18
000921444 19
000921445 15
000921446 21
000921447 11
000921448 16
000921449 12
000921450 16
000921451 21
000921452 25
000921453 15
000921454 6
000921455 20
000921456 16
000921457 13
000921458 23
000921459 15
000921460 15
000921461 16
000921462 14
000921463 21
000921464 16
000921465 13
000921466 19
000921467 9
000921468 15
000921469 19
000921470 18
000921471 14
000921472 20
000921473 12
000921474 8
000921475 20
000921476 13
000921477 13
000921478 14
000921479 18
000921480 33
000921481 12
000921482 14
000921483 17
000921484 15
000921485 10
000921486 8
000921487 18
000921488 11
000921489 25
000921490 13
000921491 15
000921492 16
000921493 11
000921494 13
000921495 12
000921496 21
000921497 15
000921498 15
000921499 14
000921500 18
000921501 29
000921502 17
000921503 20
000921504 26
000921505 12
000921506 15
000921507 15
000921508 9
000921509 23
000921510 12
000921511 12
000921512 18
000921513 35
000921514 22
000921515 31
000921516 18
000921517 23
000921518 15
000921520 21
000921521 22
000921522 21
000921523 5
000921524 27
000921525 27
000921526 12
000921527 26
000921528 16
000921529 22
000921530 22
000921531 19
000921532 6
000921533 16
000921534 29
000921535 13
000921536 19
000921537 12
000921538 23
000921539 11
000921540 39
000921541 12
000921542 14
000921543 19
000921544 5
000921545 28
000921546 41
000921547 19
000921548 12
000921549 15
000921550 31
000921551 14
000921552 28
000921553 24
000921554 5
000921555 18
000921556 37
000921557 27
000921558 21
000921559 17
000921560 27
000921561 29
000921562 33
000921563 10
000921564 6
000921565 25
000921566 26
000921567 25
000921568 10
000921569 21
000921570 13
000921571 20
000921572 15
000921573 28
000921574 39
000921575 27
000921576 17
000921577 18
000921578 11
000921579 19
000921580 30
000921581 19
000921582 29
000921583 12
000921584 17
000921585 14
000921586 15
000921587 31
000921588 11
000921589 34
000921591 28
000921592 17
000921593 7
000921594 32
000921595 14
000921596 21
000921597 16
000921598 22
000921599 16
000921600 28
000921601 27
000921602 20
000921603 22
000921604 21
000921605 21
000921606 6
000921607 25
000921608 11
000921609 30
000921610 23
000921611 30
000921612 12
000921614 23
000921615 29
000921616 18
000921617 20
000921618 12
000921619 26
000921620 26
000921622 9
000921623 19
000921624 11
000921625 21
000921626 40
000921627 25
000921628 20
000921629 27
000921630 28
000921631 28
000921632 10
000921633 27
000921634 7
000921635 31
000921636 26
000921637 23
000921638 17
000921639 10
000921640 14
000921641 14
000921642 13
000921643 23
000921644 17
000921645 13
000921646 35
000921647 10
000921648 12
000921649 20
000921650 12
000921651 8
000921652 20
000921653 24
000921654 31
000921655 10
000921656 18
000921657 16
000921658 23
000921659 13
000921660 17
000921661 19
000921662 17
000921663 9
000921664 18
000921665 23
000921666 23
000921667 9
000921668 16
000921669 17
000921670 13
000921671 17
000921672 22
000921673 22
000921674 28
000921675 31
000921676 30
000921677 17
000921678 19
000921679 13
000921680 23
000921681 18
000921682 25
000921683 19
000921684 25
000921685 16
000921686 14
000921687 6
000921688 8
000921689 10
000921690 8
000921691 21
000921692 14
000921693 22
000921694 15
000921695 26
000921696 24
000921697 10
000921698 30
000921699 7
000921700 20
000921701 26
000921702 15
000921703 23
000921704 41
000921705 13
000921706 29
000921707 22
000921708 23
000921709 14
000921710 18
000921711 35
000921712 7
000921713 19
000921714 44
000921715 23
000921716 27
000921717 14
000921718 19
000921719 7
000921720 26
000921721 20
000921722 16
000921723 45
000921724 14
000921725 6
000921726 18
000921727 14
000921728 14
000921729 14
000921730 5
000921731 15
000921732 26
000921733 16
000921734 21
000921735 27
000921736 18
000921737 27
000921738 5
000921739 22
000921740 21
000921741 17
000921742 18
000921743 24
000921744 14
000921745 16
000921746 13
000921747 20
000921748 16
000921749 20
000921750 25
000921751 17
000921752 11
000921753 17
000921754 26
000921755 16
000921756 21
000921757 32
000921758 17
000921759 10
000921760 22
000921761 10
000921762 7
000921763 22
000921764 50
000921765 7
000921766 16
000921767 30
000921768 21
000921769 15
000921770 14
000921771 31
000921772 26
000921773 31
000921774 8
000921775 8
000921776 20
000921777 16
000921778 21
000921779 15
000921780 15
000921781 21
000921782 25
000921783 30
000921784 10
000921785 14
000921786 27
000921787 17
000921788 20
000921789 20
000921790 7
000921791 6
000921792 21
000921793 30
000921794 21
000921795 11
000921796 9
000921797 29
000921798 10
000921799 8
000921800 15
000930002 42
000930003 16
000930004 33
000930005 35
000930006 21
000930007 30
000930008 24
000930010 27
000930012 34
000930013 20
000930014 36
000930015 27
000930016 45
000930017 18
000930018 25
000930019 42
000930020 23
000930021 7
000930023 14
000930024 12
000930025 20
000930026 8
000930027 12
000930028 8
000930029 11
000930030 14
000930031 14
000930033 20
000930034 20
000930035 7
000930036 8
000930037 17
000930038 10
000930039 11
000930040 14
000930041 4
000930042 4
000930043 14
000930044 10
000930045 6
000930046 9
000930047 10
000930048 15
000930049 7
000930050 14
000930052 16
000930053 8
000930054 7
000930055 12
000930056 13
000930058 14
000930059 9
000930060 14
000930062 11
000930063 20
000930064 13
000930065 18
000930067 11
000930069 20
000930070 19
000930071 14
000930072 12
000930073 15
000930077 7
000930078 20
000930079 14
000930080 10
000930081 13
000930082 17
000930083 14
000930084 13
000930085 10
000930087 15
000930089 21
000930090 22
000930091 15
000930092 35
000930093 16
000930094 13
000930095 14
000930096 14
000930097 12
000930098 19
000930099 18
000930101 31
000930102 15
000930104 11
000930105 34
000930106 26
000930107 30
000930108 35
000930109 33
000930110 13
000930112 11
000930113 10
000930114 11
000930115 18
000930117 8
000930119 15
000930120 9
000930121 35
000930122 19
000930123 17
000930124 23
000930126 9
000930127 14
000930129 25
000930130 19
000930131 13
000930132 14
000930133 36
000930134 12
000930135 24
000930136 9
000930137 19
000930138 28
000930139 12
000930140 37
000930141 26
000930142 14
000930143 23
000930144 27
000930145 7
000930146 11
000930148 6
000930149 25
000930151 10
000930152 5
000930153 26
000930154 22
000930155 22
000930156 21
000930158 15
000930159 21
000930160 29
000930161 25
000930162 19
000930164 37
000930166 17
000930168 17
000930170 23
000930172 12
000930173 18
000930174 26
000930176 17
000930177 32
000930178 20
000930179 21
000930180 16
000930182 19
000930183 17
000930184 29
000930185 17
000930186 21
000930187 14
000930189 25
000930190 29
000930191 26
000930192 14
000930193 12
000930195 8
000930196 19
000930197 18
000930198 15
000930201 9
000930202 9
000930203 21
000930205 26
000930207 40
000930209 21
000930210 25
000930211 21
000930213 11
000930214 23
000930215 33
000930216 23
000930217 21
000930218 23
000930220 26
000930221 24
000930222 14
000930223 11
000930224 29
000930225 16
000930226 21
000930228 11
000930229 10
000930232 14
000930233 41
000930234 17
000930235 21
000930236 13
000930237 16
000930238 29
000930239 38
000930240 21
000930241 13
000930242 6
000930243 8
000930244 34
000930245 35
000930246 11
000930247 9
000930248 19
000930249 25
000930250 20
000930251 36
000930253 16
000930255 22
000930256 18
000930257 19
000930258 15
000930259 5
000930260 13
000930262 15
000930263 17
000930264 15
000930266 18
000930268 14
000930269 19
000930270 14
000930271 13
000930272 22
000930273 17
000930274 20
000930276 26
000930277 31
000930278 26
000930279 23
000930280 16
000930281 29
000930283 20
000930284 15
000930285 6
000930287 17
000930288 18
000930289 38
000930291 22
000930292 7
000930293 20
000930294 21
000930296 16
000930298 16
000930299 17
000930300 36
000930301 14
000930302 25
000930303 23
000930304 30
000930305 35
000930306 9
000930307 18
000930308 25
000930309 6
000930310 21
000930311 25
000930312 28
000930313 12
000930314 22
000930315 20
000930316 9
000930317 18
000930318 28
000930319 20
000930320 43
000930321 8
000930322 27
000930323 23
000930324 34
000930326 30
000930327 22
000930328 16
000930329 10
000930331 8
000930332 16
000930333 13
000930334 27
000930335 10
000930336 15
000930337 9
000930338 8
000930339 18
000930340 33
000930343 22
000930344 28
000930346 12
000930347 23
000930348 17
000930349 15
000930350 14
000930351 21
000930352 29
000930353 27
000930354 7
000930355 15
000930357 14
000930359 25
000930361 14
000930362 12
000930363 35
000930364 14
000930366 10
000930367 24
000930369 17
000930371 20
000930372 26
000930374 9
000930375 14
000930376 16
000930379 14
000930380 15
000930381 26
000930382 18
000930383 21
000930384 24
000930386 7
000930388 24
000930389 22
000930390 31
000930392 20
000930393 21
000930395 19
000930396 10
000930398 12
000930399 11
000930400 17
000931402 30
000931403 13
000931404 12
000931405 19
000931406 21
000931407 17
000931408 28
000931409 10
000931411 21
000931412 21
000931414 25
000931415 11
000931416 15
000931417 33
000931418 11
000931419 16
000931421 8
000931423 22
000931424 15
000931425 10
000931426 12
000931427 22
000931428 10
000931429 15
000931430 17
000931433 19
000931434 14
000931436 12
000931437 18
000931438 16
000931439 20
000931440 8
000931441 17
000931444 19
000931446 28
000931448 22
000931450 16
000931452 25
000931455 17
000931457 13
000931458 23
000931459 15
000931460 15
000931461 22
000931462 14
000931463 20
000931464 16
000931465 13
000931466 19
000931467 9
000931469 19
000931470 18
000931471 14
000931472 21
000931474 8
000931475 20
000931476 14
000931477 18
000931478 14
000931479 24
000931480 33
000931481 12
000931482 14
000931483 23
000931484 14
000931485 10
000931486 13
000931487 18
000931488 15
000931489 31
000931492 16
000931494 19
000931495 12
000931497 21
000931498 21
000931499 14
000931501 22
000931502 21
000931503 29
000931505 28
000931507 15
000931508 47
000931509 25
000931510 25
000931511 12
000931512 21
000931513 27
000931516 17
000931517 15
000931518 20
000931519 26
000931521 26
000931523 15
000931524 26
000931525 22
000931527 23
000931528 26
000931529 30
000931530 34
000931531 17
000931532 19
000931533 23
000931534 12
000931535 12
000931536 8
000931537 10
000931538 14
000931539 32
000931540 15
000931541 16
000931542 29
000931543 21
000931544 20
000931545 28
000931546 8
000931547 31
000931548 29
000931550 23
000931551 21
000931552 31
000931553 18
000931554 22
000931555 12
000931556 13
000931557 30
000931558 23
000931559 13
000931560 10
000931561 18
000931563 9
000931564 17
000931566 21
000931567 14
000931568 18
000931569 15
000931570 11
000931571 30
000931572 17
000931573 19
000931574 30
000931575 29
000931576 17
000931577 22
000931578 21
000931579 11
000931580 22
000931581 23
000931583 16
000931584 6
000931585 13
000931586 21
000931587 10
000931588 15
000931589 6
000931590 27
000931591 19
000931592 28
000931593 27
000931594 28
000931595 22
000931597 36
000931598 35
000931599 29
000931600 19
000931601 17
000931602 18
000931603 12
000931604 32
000931605 14
000931606 32
000931607 12
000931608 27
000931609 18
000931610 33
000931612 12
000931613 43
000931615 27
000931616 32
000931617 11
000931618 13
000931619 23
000931620 12
000931621 25
000931623 9
000931624 9
000931625 16
000931626 19
000931627 17
000931628 27
000931629 20
000931630 20
000931631 14
000931632 15
000931633 24
000931634 22
000931635 26
000931636 12
000931639 19
000931640 18
000931641 32
000931642 23
000931643 30
000931644 19
000931645 15
000931646 26
000931647 17
000931648 21
000931650 25
000931651 13
000931652 16
000931653 16
000931654 25
000931656 17
000931657 25
000931658 29
000931659 8
000931660 23
000931661 24
000931663 18
000931664 42
000931665 9
000931666 9
000931668 12
000931670 15
000931671 15
000931672 6
000931673 23
000931674 10
000931675 23
000931676 17
000931677 29
000931678 22
000931679 17
000931680 31
000931681 16
000931682 14
000931683 29
000931684 17
000931685 19
000931686 20
000931687 32
000931688 17
000931689 29
000931690 27
000931691 37
000931692 20
000931693 19
000931694 20
000931695 26
000931696 7
000931697 30
000931698 15
000931699 7
000931700 26
000931701 25
000931702 9
000931703 23
000931704 8
000931705 9
000931706 14
000931707 18
000931708 19
000931709 26
000931710 31
000931711 13
000931712 22
000931713 13
000931714 19
000931715 7
000931716 20
000931717 20
000931718 22
000931719 25
000931720 7
000931721 22
000931722 25
000931723 8
000931724 11
000931725 18
000931726 14
000931727 25
000931728 25
000931729 25
000931730 28
000931731 31
000931732 25
000931733 7
000931734 17
000931735 10
000931736 17
000931737 25
000931738 16
000931739 18
000931740 5
000931741 17
000931742 26
000931743 13
000931744 9
000931745 23
000931747 20
000931748 24
000931749 11
000931750 13
000931751 15
000931752 14
000931753 18
000931755 9
000931756 18
000931758 41
000931760 20
000931761 13
000931762 8
000931763 15
000931764 22
000931765 18
000931766 14
000931767 23
000931768 28
000931769 19
000931770 23
000931771 21
000931772 17
000931773 41
000931774 11
000931775 24
000931776 9
000931777 8
000931778 13
000931779 13
000931780 13
000931781 15
000931782 19
000931783 35
000931784 18
000931785 13
000931786 31
000931787 25
000931788 30
000931789 15
000931790 18
000931791 22
000931792 14
000931793 30
000931794 23
000931795 25
000931796 21
000931797 35
000931798 20
000931799 25
000931800 35
000940002 41
000940004 33
000940015 27
000940016 46
000940022 11
000940023 14
000940024 12
000940026 8
000940034 20
000940035 7
000940046 9
000940048 15
000940049 7
000940051 11
000940052 17
000940055 12
000940056 13
000940058 14
000940061 17
000940068 13
000940069 20
000940078 20
000940107 28
000940108 16
000940109 17
000940110 14
000940111 21
000940112 20
000940113 24
000940114 9
000940115 24
000940116 20
000940117 13
000940119 18
000940120 8
000940121 26
000940122 24
000940123 11
000940124 25
000940126 6
000940127 14
000940128 9
000940129 26
000940130 20
000940131 20
000940132 6
000940133 7
000940134 22
000940136 25
000940137 22
000940138 37
000940139 32
000940140 18
000940141 34
000940142 10
000940143 33
000940144 16
000940145 24
000940146 7
000940147 19
000940148 37
000940149 31
000940150 20
000940152 23
000940153 8
000940154 17
000940156 15
000940157 27
000940159 9
000940160 15
000940161 25
000940162 19
000940163 11
000940164 16
000940165 7
000940166 18
000940167 12
000940168 18
000940169 33
000940170 17
000940171 25
000940172 6
000940173 31
000940174 16
000940175 22
000940176 36
000940177 15
000940178 10
000940179 20
000940180 54
000940181 40
000940182 18
000940183 8
000940184 13
000940185 7
000940186 21
000940187 25
000940188 21
000940189 15
000940190 27
000940191 23
000940192 11
000940193 26
000940194 13
000940195 11
000940196 21
000940197 30
000940198 29
000940199 15
000940200 21
000940201 23
000940202 23
000940203 15
000940204 28
000940205 19
000940206 27
000940207 33
000940208 26
000940209 20
000940210 33
000940211 26
000940212 12
000940213 29
000940214 22
000940216 39
000940217 18
000940218 18
000940219 12
000940220 18
000940221 23
000940222 32
000940223 34
000940224 5
000940226 10
000940228 16
000940229 21
000940231 8
000940232 6
000940234 36
000940235 15
000940236 18
000940237 26
000940238 25
000940239 13
000940240 18
000940241 21
000940242 25
000940243 18
000940244 6
000940246 26
000940247 12
000940248 22
000940249 22
000940250 29
000940252 24
000940253 39
000940254 24
000940255 31
000940256 20
000940257 25
000940258 13
000940259 21
000940260 19
000940261 17
000940263 12
000940264 10
000940265 9
000940266 15
000940267 30
000940268 30
000940270 27
000940271 27
000940272 12
000940273 10
000940274 15
000940275 29
000940277 18
000940278 31
000940279 26
000940280 25
000940281 25
000940282 12
000940283 22
000940284 29
000940285 12
000940286 8
000940287 32
000940289 27
000940290 20
000940291 14
000940292 6
000940293 40
000940294 16
000940295 17
000940296 26
000940297 36
000940298 10
000940299 20
000940300 19
000940301 23
000940302 11
000940305 25
000940307 25
000940308 7
000940309 22
000940310 19
000940311 16
000940312 23
000940313 16
000940314 19
000940315 10
000940316 14
000940317 16
000940318 10
000940319 17
000940320 30
000940321 8
000940322 25
000940323 6
000940325 32
000940326 10
000940327 18
000940328 12
000940329 7
000940330 20
000940331 37
000940332 8
000940333 24
000940334 14
000940335 18
000940336 6
000940337 25
000940338 9
000940339 19
000940340 18
000940341 13
000940342 14
000940343 19
000940344 19
000940345 10
000940346 10
000940347 20
000940348 19
000940350 23
000940351 18
000940352 32
000940353 17
000940354 13
000940355 31
000940356 26
000940357 29
000940358 9
000940359 17
000940360 15
000940362 17
000940363 22
000940364 12
000940365 9
000940366 19
000940367 16
000940368 15
000940369 25
000940370 26
000940371 24
000940372 25
000940373 17
000940374 19
000940375 20
000940376 18
000940377 9
000940378 27
000940379 25
000940381 8
000940382 31
000940383 22
000940384 23
000940385 31
000940387 36
000940388 19
000940389 27
000940390 36
000940391 17
000940392 9
000940393 17
000940394 12
000940395 7
000940396 11
000940397 8
000940398 15
000940399 19
000941401 12
000941402 18
000941403 13
000941404 21
000941405 13
000941406 15
000941407 17
000941409 10
000941410 19
000941411 19
000941412 21
000941413 6
000941414 19
000941415 11
000941416 13
000941417 27
000941418 12
000941419 16
000941420 14
000941421 8
000941422 13
000941423 10
000941424 15
000941425 10
000941426 12
000941427 22
000941428 10
000941429 15
000941430 17
000941432 20
000941433 19
000941434 14
000941435 10
000941436 12
000941439 19
000941440 8
000941441 17
000941442 20
000941443 17
000941444 18
000941446 21
000941447 11
000941448 16
000941450 16
000941451 21
000941453 15
000941454 6
000941455 20
000941456 20
000941458 23
000941459 15
000941460 15
000941461 16
000941462 14
000941463 21
000941464 16
000941465 13
000941466 19
000941467 11
000941468 15
000941469 19
000941471 14
000941472 20
000941475 20
000941476 13
000941477 13
000941478 14
000941480 33
000941483 17
000941484 15
000941485 9
000941487 18
000941489 25
000941491 15
000941492 16
000941493 11
000941494 13
000941495 12
000941496 21
000941497 15
000941498 15
000941499 14
000941501 7
000941504 19
000941505 36
000941507 5
000941508 23
000941509 22
000941510 29
000941511 19
000941512 16
000941514 9
000941515 10
000941517 11
000941518 17
000941519 16
000941520 23
000941521 33
000941522 19
000941523 15
000941524 9
000941525 34
000941526 34
000941527 32
000941529 21
000941530 19
000941531 28
000941532 24
000941533 10
000941534 11
000941535 16
000941536 28
000941538 27
000941539 16
000941540 15
000941541 14
000941543 26
000941547 12
000941548 5
000941549 11
000941550 15
000941552 31
000941553 12
000941554 24
000941555 38
000941556 14
000941558 31
000941559 33
000941560 34
000941562 22
000941563 11
000941565 7
000941566 25
000941568 34
000941570 20
000941571 26
000941572 29
000941573 16
000941574 22
000941575 16
000941576 22
000941577 35
000941579 24
000941581 18
000941584 7
000941585 36
000941586 16
000941587 17
000941588 30
000941590 17
000941591 5
000941592 14
000941593 34
000941594 13
000941595 18
000941596 5
000941598 11
000941599 20
000941600 14
000941601 15
000941602 25
000941603 8
000941604 14
000941605 20
000941606 21
000941608 34
000941609 14
000941610 15
000941611 23
000941612 17
000941613 8
000941614 8
000941616 21
000941617 12
000941618 20
000941620 6
000941621 18
000941623 26
000941624 16
000941625 11
000941626 27
000941627 36
000941628 31
000941629 30
000941630 10
000941631 8
000941632 11
000941633 12
000941634 20
000941635 8
000941636 24
000941637 19
000941638 13
000941639 22
000941640 15
000941641 25
000941643 26
000941644 26
000941645 20
000941646 18
000941647 31
000941648 10
000941649 14
000941650 15
000941651 29
000941652 20
000941653 20
000941654 34
000941655 31
000941656 23
000941657 24
000941658 31
000941659 14
000941660 20
000941663 16
000941664 23
000941666 30
000941667 18
000941668 10
000941669 30
000941670 17
000941671 44
000941672 30
000941673 26
000941674 16
000941675 33
000941676 18
000941677 33
000941678 9
000941679 33
000941680 25
000941681 19
000941682 27
000941683 12
000941684 21
000941685 23
000941686 14
000941687 9
000941688 21
000941689 12
000941690 24
000941691 22
000941692 34
000941693 14
000941695 17
000941696 30
000941697 8
000941698 15
000941699 27
000941700 12
000941701 23
000941702 28
000941703 18
000941704 25
000941705 19
000941706 26
000941707 9
000941708 23
000941709 20
000941710 8
000941712 19
000941713 17
000941714 28
000941715 10
000941716 5
000941717 18
000941718 33
000941719 28
000941720 33
000941721 18
000941723 47
000941724 28
000941725 21
000941726 22
000941728 25
000941730 16
000941731 10
000941732 17
000941733 20
000941734 12
000941735 43
000941736 15
000941737 34
000941738 31
000941739 20
000941740 31
000941741 20
000941742 19
000941743 9
000941744 20
000941745 21
000941746 28
000941747 21
000941748 19
000941749 9
000941750 21
000941751 13
000941753 13
000941755 30
000941756 14
000941757 30
000941760 23
000941761 26
000941762 11
000941763 22
000941764 18
000941765 19
000941766 30
000941768 30
000941769 16
000941770 24
000941771 10
000941772 25
000941773 9
000941774 9
000941775 21
000941776 27
000941777 19
000941778 22
000941779 11
000941780 7
000941781 23
000941782 17
000941783 24
000941784 31
000941785 15
000941786 9
000941787 24
000941788 9
000941789 7
000941790 14
000941791 24
000941792 22
000941793 11
000941794 18
000941795 25
000941796 13
000941797 25
000941798 30
000941799 13
000941800 16
000950001 10
000950002 41
000950003 16
000950004 33
000950005 35
000950007 30
000950008 24
000950009 14
000950010 27
000950011 20
000950012 34
000950013 20
000950014 37
000950015 27
000950016 46
000950017 17
000950018 30
000950019 42
000950020 29
000950021 12
000950024 12
000950025 19
000950026 8
000950027 12
000950028 8
000950029 11
000950030 15
000950031 15
000950032 19
000950033 18
000950034 20
000950036 8
000950037 17
000950038 10
000950039 16
000950040 14
000950042 4
000950043 14
000950044 10
000950045 12
000950046 9
000950047 10
000950048 15
000950049 7
000950050 14
000950052 17
000950053 8
000950054 7
000950056 13
000950057 16
000950058 14
000950059 9
000950060 14
000950061 17
000950062 11
000950063 20
000950064 13
000950065 18
000950066 8
000950067 12
000950068 13
000950069 20
000950070 19
000950071 14
000950072 12
000950073 15
000950074 14
000950075 19
000950076 17
000950077 7
000950078 22
000950079 14
000950081 13
000950082 23
000950083 14
000950084 13
000950085 11
000950086 20
000950087 15
000950088 15
000950091 15
000950092 35
000950093 16
000950094 13
000950095 14
000950096 14
000950097 13
000950098 19
000950099 17
000950100 17
000950101 34
000950102 30
000950103 21
000950104 21
000950105 13
000950107 11
000950108 20
000950109 28
000950110 20
000950111 27
000950113 22
000950114 14
000950115 15
000950117 11
000950118 35
000950119 10
000950120 20
000950121 6
000950122 32
000950123 23
000950124 19
000950126 27
000950127 12
000950128 32
000950129 29
000950131 15
000950132 27
000950133 20
000950134 13
000950135 17
000950136 15
000950137 7
000950138 14
000950139 10
000950140 13
000950141 33
000950142 18
000950143 17
000950144 16
000950145 19
000950146 13
000950147 23
000950148 23
000950151 20
000950152 9
000950153 20
000950154 17
000950155 18
000950156 30
000950157 24
000950158 25
000950159 27
000950160 15
000950161 27
000950162 28
000950163 10
000950164 18
000950165 26
000950167 19
000950168 8
000950169 24
000950170 20
000950171 26
000950172 10
000950173 33
000950174 29
000950175 16
000950176 12
000950177 15
000950178 30
000950179 17
000950180 22
000950181 7
000950182 29
000950183 35
000950184 13
000950185 18
000950186 9
000950187 9
000950188 22
000950189 20
000950190 7
000950191 28
000950192 11
000950193 9
000950194 23
000950195 11
000950196 28
000950197 11
000950198 20
000950199 26
000950200 14
000950202 8
000950203 17
000950204 9
000950205 22
000950206 7
000950207 34
000950208 42
000950209 13
000950210 28
000950211 18
000950212 15
000950213 15
000950214 24
000950215 21
000950216 37
000950217 19
000950218 17
000950219 11
000950220 36
000950221 24
000950222 10
000950223 9
000950224 22
000950225 10
000950226 36
000950227 35
000950228 19
000950229 46
000950230 23
000950231 39
000950232 10
000950233 13
000950234 35
000950235 17
000950236 14
000950237 24
000950238 12
000950239 30
000950240 9
000950241 14
000950243 22
000950244 28
000950245 34
000950246 34
000950247 23
000950249 10
000950250 12
000950251 15
000950252 12
000950253 11
000950254 25
000950255 37
000950256 30
000950257 52
000950258 16
000950259 25
000950260 19
000950261 27
000950262 8
000950263 32
000950264 32
000950265 20
000950266 9
000950267 32
000950268 16
000950269 19
000950270 44
000950271 16
000950272 30
000950273 14
000950274 36
000950275 6
000950276 25
000950277 23
000950278 18
000950279 14
000950280 31
000950281 21
000950282 20
000950283 19
000950284 15
000950285 26
000950286 26
000950287 24
000950288 19
000950289 18
000950291 31
000950292 31
000950293 11
000950295 34
000950296 28
000950297 15
000950298 11
000950299 19
000950301 30
000950302 20
000950304 13
000950305 13
000950306 34
000950307 17
000950308 10
000950309 10
000950310 18
000950311 8
000950312 34
000950313 17
000950314 20
000950315 28
000950316 18
000950317 38
000950318 22
000950319 11
000950320 24
000950321 28
000950322 39
000950323 25
000950324 21
000950325 16
000950327 12
000950328 43
000950329 24
000950330 14
000950331 15
000950332 26
000950333 19
000950334 30
000950335 35
000950336 33
000950338 23
000950339 22
000950340 41
000950341 14
000950342 8
000950343 24
000950344 22
000950345 14
000950346 10
000950347 27
000950348 23
000950349 14
000950350 26
000950351 12
000950352 21
000950354 15
000950355 16
000950356 36
000950357 23
000950358 34
000950359 29
000950360 30
000950361 34
000950362 27
000950363 25
000950364 13
000950365 16
000950366 19
000950367 22
000950368 19
000950369 24
000950370 34
000950371 33
000950372 4
000950373 14
000950374 35
000950375 37
000950376 31
000950377 12
000950378 29
000950380 20
000950381 22
000950382 10
000950383 19
000950384 13
000950385 6
000950386 26
000950387 21
000950388 21
000950389 12
000950390 27
000950391 17
000950392 36
000950393 22
000950394 6
000950395 41
000950396 11
000950397 8
000950399 14
000951401 12
000951402 18
000951403 13
000951404 21
000951405 13
000951406 15
000951407 17
000951408 16
000951409 10
000951411 19
000951412 21
000951413 6
000951414 24
000951415 11
000951416 13
000951417 32
000951418 12
000951419 16
000951421 8
000951422 13
000951423 10
000951424 15
000951425 10
000951427 22
000951428 10
000951430 17
000951431 14
000951432 20
000951433 19
000951434 14
000951435 10
000951436 12
000951438 16
000951439 19
000951440 8
000951441 18
000951442 20
000951443 17
000951444 19
000951445 15
000951447 11
000951448 16
000951449 12
000951450 16
000951451 21
000951452 25
000951453 15
000951454 6
000951456 20
000951457 13
000951458 23
000951459 15
000951460 15
000951461 16
000951463 21
000951464 16
000951465 13
000951466 19
000951467 9
000951470 18
000951471 14
000951473 12
000951474 8
000951475 20
000951476 13
000951477 13
000951478 14
000951479 17
000951480 33
000951481 12
000951482 20
000951483 17
000951487 18
000951489 25
000951490 13
000951491 15
000951494 13
000951496 22
000951497 15
000951498 15
000951499 14
000951500 18
000951501 9
000951502 10
000951503 16
000951504 10
000951505 25
000951506 19
000951507 31
000951508 35
000951509 35
000951510 10
000951511 10
000951512 17
000951513 20
000951514 13
000951515 30
000951516 10
000951517 16
000951519 14
000951520 11
000951521 42
000951522 11
000951523 24
000951524 13
000951525 19
000951526 8
000951527 18
000951528 16
000951529 22
000951530 11
000951531 22
000951532 22
000951533 17
000951535 24
000951536 5
000951538 26
000951540 26
000951541 16
000951542 15
000951543 30
000951544 26
000951546 25
000951547 13
000951548 23
000951550 30
000951552 28
000951553 24
000951554 26
000951555 20
000951556 25
000951557 27
000951559 7
000951560 12
000951562 27
000951563 26
000951564 35
000951565 19
000951566 23
000951567 17
000951568 23
000951569 20
000951570 19
000951571 11
000951572 13
000951573 21
000951574 28
000951575 30
000951577 31
000951578 12
000951579 16
000951580 10
000951582 20
000951583 28
000951584 11
000951585 26
000951586 25
000951587 20
000951588 27
000951589 17
000951590 25
000951591 15
000951592 26
000951593 7
000951594 30
000951596 9
000951597 18
000951598 12
000951599 33
000951600 21
000951601 17
000951602 19
000951603 13
000951604 29
000951605 5
000951606 19
000951607 19
000951608 21
000951609 21
000951610 17
000951611 21
000951612 17
000951613 16
000951614 22
000951616 25
000951617 19
000951618 24
000951619 26
000951621 22
000951622 43
000951623 12
000951624 13
000951625 8
000951626 11
000951627 12
000951628 33
000951629 9
000951630 17
000951632 8
000951633 18
000951634 17
000951635 18
000951636 20
000951637 31
000951639 10
000951640 21
000951641 17
000951642 25
000951643 19
000951645 21
000951646 15
000951647 22
000951648 24
000951649 13
000951650 44
000951651 17
000951652 22
000951654 37
000951655 46
000951656 26
000951657 13
000951658 14
000951659 31
000951660 9
000951661 28
000951662 6
000951663 36
000951664 9
000951665 19
000951666 27
000951667 22
000951668 28
000951669 14
000951670 13
000951671 14
000951672 12
000951673 24
000951674 10
000951675 7
000951676 19
000951677 19
000951678 23
000951679 20
000951680 27
000951683 18
000951684 19
000951685 18
000951686 25
000951687 14
000951688 28
000951689 26
000951690 29
000951691 21
000951692 17
000951693 14
000951694 21
000951695 13
000951696 25
000951697 14
000951698 29
000951699 27
000951701 19
000951702 12
000951703 18
000951704 34
000951705 10
000951706 31
000951707 24
000951708 14
000951709 19
000951711 17
000951712 39
000951713 13
000951714 22
000951715 10
000951716 21
000951717 16
000951719 18
000951720 14
000951722 22
000951723 11
000951724 13
000951725 28
000951726 19
000951727 15
000951728 24
000951729 16
000951730 9
000951731 8
000951732 35
000951734 20
000951735 20
000951736 22
000951737 5
000951738 14
000951739 9
000951740 7
000951741 12
000951742 20
000951743 16
000951744 11
000951745 18
000951746 20
000951747 14
000951748 17
000951750 30
000951751 8
000951752 40
000951753 7
000951754 32
000951757 15
000951758 14
000951759 34
000951760 30
000951762 17
000951764 24
000951765 27
000951766 29
000951767 11
000951768 29
000951769 11
000951770 20
000951771 15
000951773 22
000951774 17
000951775 16
000951776 19
000951777 20
000951778 11
000951779 24
000951780 21
000951782 11
000951783 26
000951785 11
000951786 22
000951787 21
000951788 15
000951789 21
000951790 15
000951791 9
000951792 13
000951793 9
000951794 19
000951795 22
000951796 26
000951797 30
000951798 24
000951799 20
000960001 10
000960002 41
000960003 16
000960004 33
000960005 35
000960006 21
000960007 30
000960008 24
000960009 14
000960010 27
000960011 21
000960012 34
000960013 19
000960014 37
000960015 27
000960016 46
000960017 19
000960018 31
000960019 45
000960020 23
000960021 7
000960022 11
000960023 14
000960024 12
000960025 20
000960026 8
000960027 12
000960028 8
000960029 11
000960030 21
000960031 15
000960032 19
000960033 20
000960034 20
000960035 7
000960036 8
000960037 17
000960038 10
000960039 11
000960040 14
000960041 4
000960042 4
000960043 14
000960044 10
000960045 7
000960046 9
000960047 10
000960048 16
000960049 7
000960050 14
000960052 17
000960054 7
000960055 12
000960056 12
000960057 18
000960058 14
000960059 9
000960060 14
000960061 18
000960062 11
000960063 20
000960064 13
000960065 18
000960066 8
000960067 11
000960068 13
000960069 19
000960070 19
000960071 14
000960072 12
000960073 15
000960074 14
000960075 13
000960076 17
000960077 7
000960078 20
000960079 14
000960080 10
000960081 15
000960082 17
000960083 13
000960084 13
000960085 10
000960086 14
000960087 15
000960088 15
000960089 21
000960090 22
000960091 16
000960092 41
000960093 16
000960094 13
000960095 15
000960096 13
000960097 13
000960098 19
000960099 17
000960100 18
000960101 15
000960102 11
000960103 12
000960104 33
000960105 30
000960106 16
000960107 26
000960108 39
000960109 26
000960110 12
000960111 34
000960112 21
000960113 7
000960114 27
000960115 16
000960116 9
000960117 17
000960118 15
000960119 22
000960120 14
000960121 18
000960122 18
000960123 15
000960124 12
000960125 18
000960126 28
000960127 21
000960128 31
000960129 18
000960130 16
000960131 23
000960132 24
000960133 11
000960134 8
000960135 13
000960136 24
000960137 21
000960138 16
000960139 21
000960140 18
000960141 25
000960142 18
000960143 20
000960144 37
000960145 17
000960146 11
000960147 13
000960148 17
000960149 19
000960150 45
000960151 16
000960152 15
000960153 36
000960154 22
000960155 21
000960156 17
000960157 25
000960158 25
000960159 31
000960160 32
000960161 23
000960162 19
000960163 18
000960164 21
000960165 22
000960166 19
000960167 22
000960168 14
000960169 21
000960170 6
000960171 14
000960172 22
000960173 11
000960175 24
000960176 11
000960177 29
000960179 34
000960180 9
000960181 5
000960182 14
000960183 16
000960184 13
000960185 7
000960186 30
000960187 6
000960188 26
000960189 19
000960190 9
000960191 28
000960192 25
000960193 20
000960194 21
000960195 17
000960196 29
000960197 8
000960198 7
000960199 9
000960200 24
000960201 42
000960202 13
000960203 7
000960204 8
000960205 9
000960206 21
000960207 8
000960208 23
000960209 13
000960210 11
000960211 24
000960212 21
000960213 17
000960214 10
000960215 34
000960216 7
000960217 15
000960218 15
000960219 12
000960220 28
000960221 22
000960222 26
000960223 28
000960224 20
000960225 8
000960226 29
000960227 20
000960228 23
000960229 32
000960230 8
000960231 10
000960232 21
000960233 16
000960234 31
000960235 12
000960236 29
000960237 23
000960238 19
000960239 33
000960241 31
000960242 41
000960243 13
000960244 25
000960245 13
000960246 37
000960247 30
000960248 18
000960249 19
000960250 23
000960251 25
000960252 16
000960253 22
000960254 13
000960255 15
000960256 6
000960257 18
000960258 13
000960260 23
000960261 21
000960262 32
000960263 20
000960264 12
000960265 19
000960266 29
000960267 15
000960268 18
000960269 23
000960270 22
000960271 20
000960272 8
000960274 8
000960275 49
000960276 10
000960277 21
000960278 25
000960279 10
000960280 16
000960281 21
000960282 10
000960283 24
000960285 11
000960287 29
000960288 27
000960289 21
000960290 10
000960291 20
000960292 38
000960293 20
000960294 9
000960295 19
000960296 20
000960297 17
000960298 29
000960299 39
000960300 14
000960301 25
000960302 21
000960303 33
000960304 15
000960305 26
000960306 23
000960307 16
000960308 19
000960309 11
000960310 11
000960311 21
000960312 8
000960313 26
000960314 38
000960315 6
000960316 31
000960317 20
000960318 37
000960319 7
000960320 12
000960321 15
000960322 34
000960323 21
000960324 6
000960325 16
000960326 9
000960327 11
000960328 18
000960329 40
000960330 23
000960331 18
000960332 5
000960333 17
000960334 34
000960335 16
000960336 18
000960337 26
000960338 35
000960339 6
000960340 9
000960342 40
000960343 8
000960344 10
000960345 22
000960346 16
000960347 12
000960348 17
000960349 8
000960350 19
000960352 19
000960353 31
000960354 7
000960355 24
000960356 25
000960357 31
000960358 14
000960359 14
000960360 16
000960361 8
000960362 11
000960363 20
000960364 15
000960365 16
000960366 31
000960367 12
000960368 10
000960369 28
000960370 18
000960371 18
000960372 13
000960373 29
000960374 15
000960375 16
000960377 25
000960378 20
000960379 19
000960380 7
000960381 25
000960382 14
000960383 32
000960384 19
000960385 15
000960386 12
000960387 19
000960388 18
000960389 11
000960391 21
000960392 24
000960393 11
000960394 11
000960395 36
000960396 22
000960397 10
000960398 17
000960399 24
000960400 18
000961401 18
000961402 18
000961403 13
000961404 21
000961405 15
000961406 15
000961407 17
000961408 17
000961409 10
000961410 19
000961411 19
000961412 21
000961413 6
000961414 17
000961415 9
000961416 13
000961417 27
000961418 12
000961419 16
000961421 8
000961422 13
000961423 10
000961424 15
000961425 10
000961426 13
000961427 22
000961428 5
000961429 15
000961430 17
000961431 14
000961432 20
000961433 19
000961434 14
000961435 16
000961436 12
000961437 12
000961438 16
000961439 18
000961440 8
000961441 17
000961442 20
000961443 17
000961444 19
000961445 21
000961446 21
000961447 11
000961448 15
000961449 14
000961450 16
000961451 21
000961452 25
000961453 15
000961454 6
000961455 20
000961456 20
000961457 13
000961458 23
000961459 15
000961460 15
000961461 20
000961462 14
000961463 21
000961464 16
000961465 13
000961466 19
000961467 9
000961469 19
000961470 18
000961471 14
000961472 20
000961473 12
000961474 8
000961475 20
000961476 13
000961477 13
000961478 14
000961479 18
000961480 33
000961481 9
000961482 14
000961483 16
000961484 14
000961485 10
000961486 7
000961487 18
000961488 15
000961489 25
000961490 14
000961491 14
000961492 17
000961493 11
000961494 13
000961495 12
000961496 20
000961497 14
000961498 15
000961499 14
000961500 18
000961501 7
000961502 7
000961503 18
000961504 7
000961505 19
000961506 21
000961507 11
000961508 34
000961509 8
000961510 14
000961511 10
000961512 13
000961513 39
000961514 21
000961515 21
000961516 18
000961517 22
000961518 8
000961519 18
000961520 15
000961521 25
000961522 30
000961523 6
000961524 37
000961525 21
000961526 23
000961527 38
000961528 12
000961529 23
000961530 28
000961531 30
000961532 10
000961533 8
000961534 15
000961535 22
000961536 13
000961537 7
000961538 35
000961539 20
000961540 8
000961541 17
000961542 21
000961543 5
000961544 29
000961545 15
000961546 15
000961547 14
000961548 10
000961549 5
000961550 27
000961551 36
000961552 22
000961553 10
000961554 15
000961555 7
000961556 9
000961557 13
000961558 21
000961559 14
000961560 14
000961561 7
000961562 20
000961563 19
000961564 23
000961565 9
000961566 19
000961567 33
000961568 13
000961569 16
000961570 29
000961571 13
000961572 13
000961573 7
000961574 28
000961575 20
000961576 12
000961577 25
000961578 24
000961579 26
000961580 7
000961581 10
000961582 20
000961584 20
000961585 14
000961586 16
000961588 7
000961590 18
000961591 34
000961592 36
000961593 23
000961594 25
000961595 18
000961596 19
000961597 7
000961598 16
000961599 19
000961600 23
000961601 18
000961603 35
000961604 16
000961605 34
000961606 14
000961607 12
000961608 13
000961609 21
000961610 15
000961611 35
000961612 17
000961613 25
000961615 11
000961616 20
000961617 19
000961618 12
000961619 8
000961620 17
000961621 13
000961622 12
000961623 9
000961624 30
000961625 28
000961626 17
000961627 18
000961628 22
000961631 35
000961632 7
000961633 20
000961634 28
000961635 16
000961636 20
000961637 15
000961638 19
000961639 23
000961641 27
000961642 14
000961643 20
000961644 17
000961645 6
000961646 20
000961647 16
000961648 18
000961649 9
000961650 16
000961651 20
000961652 8
000961653 30
000961654 23
000961655 18
000961656 15
000961657 17
000961658 22
000961660 13
000961663 30
000961664 13
000961665 12
000961666 11
000961667 15
000961668 15
000961669 9
000961670 23
000961671 17
000961672 14
000961673 9
000961674 14
000961675 19
000961676 20
000961677 12
000961678 19
000961679 19
000961680 33
000961681 22
000961682 5
000961683 19
000961684 11
000961685 7
000961686 31
000961687 9
000961688 10
000961689 20
000961690 15
000961691 26
000961692 20
000961693 15
000961694 20
000961695 21
000961696 12
000961697 9
000961698 14
000961699 39
000961700 24
000961701 16
000961702 26
000961703 10
000961704 21
000961705 5
000961706 13
000961707 29
000961708 7
000961709 18
000961710 21
000961711 20
000961712 22
000961713 18
000961714 8
000961715 27
000961716 23
000961717 26
000961718 20
000961719 11
000961720 20
000961721 16
000961722 8
000961723 8
000961724 15
000961725 18
000961726 33
000961727 25
000961728 16
000961729 15
000961730 25
000961731 22
000961732 16
000961733 29
000961734 10
000961735 10
000961736 33
000961737 10
000961738 23
000961739 30
000961740 22
000961741 19
000961742 22
000961743 20
000961744 9
000961745 42
000961746 20
000961747 17
000961748 5
000961749 22
000961750 29
000961751 10
000961752 24
000961753 27
000961754 24
000961755 16
000961756 18
000961757 30
000961758 16
000961759 17
000961760 22
000961761 15
000961762 20
000961763 22
000961764 29
000961765 22
000961766 24
000961767 21
000961768 26
000961770 27
000961772 11
000961773 11
000961774 18
000961775 13
000961777 21
000961778 20
000961780 22
000961782 15
000961783 22
000961784 40
000961785 11
000961786 30
000961787 21
000961788 29
000961789 10
000961790 38
000961791 25
000961793 21
000961794 16
000961795 19
000961796 24
000961797 20
000961798 13
000961800 42
000970001 10
000970002 41
000970003 14
000970004 33
000970005 35
000970006 21
000970007 29
000970008 24
000970009 14
000970010 27
000970011 20
000970012 34
000970013 20
000970014 37
000970015 28
000970016 46
000970017 18
000970018 25
000970019 42
000970020 23
000970021 7
000970022 11
000970023 14
000970024 12
000970025 20
000970026 8
000970027 12
000970028 8
000970029 11
000970030 14
000970031 14
000970032 19
000970033 20
000970034 20
000970035 7
000970036 8
000970037 17
000970038 10
000970039 11
000970040 14
000970042 4
000970043 14
000970044 10
000970045 5
000970046 8
000970047 10
000970048 15
000970049 7
000970050 14
000970051 11
000970052 17
000970053 8
000970054 7
000970055 12
000970056 13
000970057 16
000970058 14
000970059 9
000970060 14
000970061 17
000970062 11
000970063 20
000970064 14
000970065 18
000970066 8
000970067 11
000970068 14
000970069 19
000970070 19
000970071 14
000970072 12
000970073 16
000970074 14
000970075 13
000970076 18
000970077 7
000970078 20
000970079 14
000970080 10
000970081 13
000970082 17
000970083 14
000970084 13
000970085 11
000970086 14
000970087 15
000970088 15
000970089 21
000970090 22
000970091 15
000970092 34
000970093 16
000970094 13
000970095 13
000970096 14
000970097 13
000970098 19
000970099 17
000970100 17
000970101 32
000970102 20
000970103 18
000970104 28
000970105 13
000970106 8
000970107 9
000970108 19
000970109 14
000970110 31
000970111 15
000970112 17
000970113 30
000970114 35
000970115 18
000970116 16
000970117 31
000970118 18
000970119 18
000970120 17
000970121 11
000970122 21
000970123 24
000970124 24
000970125 15
000970126 33
000970127 19
000970128 22
000970129 36
000970130 13
000970131 11
000970132 14
000970133 25
000970134 9
000970135 26
000970136 10
000970138 25
000970139 28
000970140 27
000970141 18
000970142 20
000970143 17
000970144 17
000970145 12
000970146 21
000970147 23
000970148 9
000970149 18
000970150 17
000970151 22
000970152 26
000970153 29
000970154 28
000970155 21
000970156 25
000970157 26
000970158 17
000970159 12
000970160 8
000970161 27
000970162 22
000970163 13
000970164 15
000970165 14
000970166 19
000970167 33
000970168 9
000970169 23
000970170 21
000970171 25
000970172 14
000970173 13
000970174 30
000970175 15
000970176 21
000970177 19
000970178 10
000970179 18
000970180 11
000970181 9
000970182 22
000970183 21
000970184 20
000970185 27
000970186 15
000970187 22
000970188 28
000970189 16
000970190 12
000970191 15
000970192 25
000970193 30
000970194 23
000970195 34
000970196 26
000970197 22
000970198 9
000970199 19
000970200 8
000970201 17
000970202 20
000970203 17
000970204 19
000970205 10
000970206 27
000970207 21
000970208 17
000970209 10
000970210 21
000970211 9
000970212 13
000970213 24
000970214 11
000970215 26
000970216 10
000970217 13
000970218 8
000970219 17
000970220 6
000970221 27
000970222 12
000970223 35
000970224 22
000970225 7
000970226 20
000970227 24
000970228 29
000970229 14
000970230 16
000970231 10
000970232 23
000970233 13
000970235 24
000970236 24
000970237 25
000970238 20
000970239 26
000970240 18
000970241 34
000970242 24
000970243 36
000970244 16
000970245 18
000970246 8
000970247 30
000970248 27
000970249 22
000970250 28
000970251 18
000970252 32
000970253 27
000970254 15
000970255 22
000970257 25
000970258 16
000970259 13
000970260 20
000970261 27
000970262 18
000970263 17
000970264 26
000970265 19
000970266 18
000970267 28
000970268 29
000970269 13
000970270 16
000970271 22
000970272 18
000970273 10
000970274 14
000970275 15
000970276 22
000970277 17
000970278 13
000970279 18
000970280 12
000970281 6
000970282 11
000970283 32
000970284 13
000970285 17
000970286 18
000970287 11
000970288 19
000970289 18
000970290 18
000970291 15
000970292 12
000970293 25
000970294 13
000970295 15
000970296 11
000970297 22
000970298 26
000970299 27
000970300 13
000970301 33
000970302 10
000970303 16
000970304 8
000970305 38
000970306 7
000970307 7
000970308 18
000970309 19
000970310 20
000970311 38
000970312 31
000970313 11
000970314 34
000970315 22
000970316 22
000970317 9
000970318 19
000970319 32
000970320 17
000970321 17
000970322 32
000970323 7
000970324 27
000970325 22
000970326 28
000970327 11
000970328 18
000970329 9
000970330 25
000970331 39
000970332 10
000970333 32
000970334 6
000970337 27
000970338 31
000970339 45
000970340 14
000970341 23
000970342 12
000970343 17
000970344 29
000970345 46
000970346 18
000970347 14
000970348 23
000970349 45
000970350 22
000970351 11
000970352 25
000970353 12
000970354 17
000970355 35
000970356 5
000970357 20
000970358 23
000970359 29
000970360 23
000970361 9
000970362 22
000970363 12
000970364 17
000970365 18
000970366 24
000970367 9
000970368 25
000970369 8
000970370 8
000970371 25
000970372 16
000970374 13
000970375 13
000970376 22
000970377 5
000970378 32
000970379 8
000970380 16
000970381 8
000970382 21
000970383 11
000970384 12
000970385 36
000970386 9
000970387 26
000970388 20
000970389 18
000970390 35
000970391 23
000970392 10
000970393 15
000970394 20
000970395 24
000970396 14
000970397 35
000970398 7
000970399 9
000970400 9
000971401 11
000971402 18
000971403 13
000971404 21
000971405 13
000971406 15
000971407 17
000971408 16
000971409 10
000971410 19
000971411 19
000971412 21
000971413 6
000971414 19
000971415 9
000971416 13
000971417 27
000971418 12
000971419 16
000971420 14
000971421 8
000971422 13
000971423 10
000971424 15
000971425 10
000971426 12
000971427 22
000971428 16
000971429 15
000971430 17
000971431 14
000971432 20
000971433 19
000971434 14
000971435 10
000971436 12
000971437 12
000971438 16
000971439 19
000971440 8
000971441 17
000971442 20
000971443 17
000971444 19
000971445 15
000971446 21
000971447 11
000971448 17
000971449 8
000971450 16
000971451 21
000971452 24
000971453 15
000971454 6
000971455 20
000971456 20
000971457 13
000971458 23
000971459 15
000971460 15
000971461 16
000971462 14
000971463 20
000971464 16
000971465 13
000971466 19
000971467 9
000971468 15
000971469 19
000971470 18
000971471 14
000971472 20
000971473 12
000971474 8
000971475 20
000971476 13
000971477 13
000971478 14
000971479 17
000971480 33
000971481 12
000971482 14
000971483 17
000971484 15
000971485 9
000971486 8
000971487 20
000971488 15
000971489 25
000971490 13
000971491 15
000971492 16
000971493 11
000971494 13
000971495 12
000971496 21
000971497 15
000971498 15
000971499 14
000971500 18
000971501 25
000971502 12
000971503 27
000971504 21
000971505 14
000971506 29
000971507 30
000971508 22
000971509 15
000971510 23
000971511 17
000971512 21
000971513 7
000971514 12
000971515 11
000971516 11
000971517 35
000971518 30
000971519 8
000971520 30
000971521 9
000971522 15
000971523 15
000971524 24
000971525 17
000971526 24
000971527 22
000971528 33
000971529 10
000971530 7
000971531 15
000971532 26
000971533 27
000971534 19
000971535 36
000971536 14
000971537 17
000971538 18
000971539 31
000971540 25
000971541 19
000971542 7
000971543 29
000971544 10
000971545 14
000971546 26
000971547 28
000971550 26
000971551 13
000971552 8
000971553 18
000971554 20
000971555 37
000971556 20
000971557 8
000971558 14
000971559 5
000971560 17
000971561 11
000971562 25
000971563 21
000971564 25
000971565 11
000971566 38
000971567 25
000971568 24
000971569 9
000971570 22
000971571 20
000971572 21
000971573 23
000971574 20
000971575 26
000971576 26
000971577 22
000971578 18
000971579 43
000971580 10
000971581 20
000971582 35
000971583 15
000971584 17
000971585 23
000971586 26
000971587 26
000971588 14
000971589 12
000971590 26
000971591 6
000971592 29
000971593 18
000971594 21
000971595 12
000971596 28
000971597 16
000971598 30
000971599 7
000971600 15
000971601 37
000971602 19
000971603 20
000971604 21
000971605 29
000971606 31
000971607 30
000971608 18
000971609 18
000971610 5
000971611 14
000971612 27
000971613 9
000971614 21
000971615 30
000971616 9
000971617 12
000971618 21
000971619 11
000971620 18
000971621 10
000971622 13
000971623 13
000971624 46
000971625 25
000971626 23
000971627 6
000971628 26
000971629 7
000971630 38
000971631 18
000971632 17
000971633 32
000971634 13
000971635 21
000971636 8
000971637 21
000971638 9
000971639 17
000971640 18
000971641 24
000971642 14
000971643 5
000971644 15
000971645 28
000971646 25
000971647 22
000971648 24
000971649 11
000971650 33
000971651 23
000971652 25
000971653 29
000971654 13
000971655 20
000971656 20
000971657 14
000971658 20
000971659 19
000971660 15
000971661 22
000971662 14
000971663 33
000971664 12
000971665 36
000971666 16
000971667 24
000971668 34
000971669 22
000971670 8
000971671 24
000971672 16
000971673 9
000971674 6
000971675 13
000971676 28
000971677 23
000971678 23
000971679 23
000971680 14
000971681 22
000971682 17
000971683 20
000971684 13
000971685 24
000971686 33
000971687 20
000971688 7
000971689 19
000971690 15
000971691 12
000971692 5
000971693 27
000971694 13
000971695 9
000971696 9
000971697 18
000971698 16
000971699 28
000971700 20
000971701 13
000971702 19
000971703 15
000971704 28
000971705 17
000971706 22
000971707 8
000971708 34
000971709 9
000971710 15
000971711 23
000971712 20
000971713 24
000971714 26
000971715 19
000971716 22
000971717 23
000971718 21
000971719 16
000971720 23
000971721 21
000971722 21
000971723 8
000971724 11
000971725 24
000971726 29
000971727 21
000971728 30
000971729 16
000971731 29
000971732 19
000971733 14
000971734 16
000971735 6
000971736 16
000971737 16
000971738 34
000971739 15
000971740 19
000971741 20
000971742 11
000971743 12
000971744 7
000971745 15
000971746 36
000971747 21
000971748 15
000971749 15
000971750 32
000971751 13
000971752 19
000971753 9
000971754 16
000971755 23
000971756 19
000971757 16
000971758 29
000971759 16
000971760 15
000971761 28
000971762 7
000971764 13
000971765 7
000971766 13
000971767 19
000971768 15
000971769 15
000971770 35
000971771 14
000971772 13
000971773 35
000971774 24
000971775 19
000971776 23
000971777 21
000971778 12
000971779 16
000971780 26
000971781 22
000971782 13
000971783 10
000971784 21
000971785 10
000971786 7
000971787 36
000971788 32
000971789 30
000971790 23
000971791 17
000971792 18
000971793 16
000971794 14
000971795 19
000971796 21
000971797 17
000971798 16
000971799 14
000971800 22
000980001 10
000980002 41
000980003 16
000980004 33
000980005 35
000980006 21
000980007 30
000980008 24
000980009 14
000980010 27
000980011 21
000980012 34
000980013 20
000980014 37
000980015 27
000980016 46
000980017 17
000980018 25
000980019 42
000980020 23
000980021 7
000980022 11
000980023 14
000980024 12
000980025 20
000980026 8
000980027 12
000980028 8
000980029 11
000980030 14
000980031 15
000980032 19
000980033 19
000980034 20
000980035 7
000980036 8
000980037 17
000980038 10
000980039 11
000980040 13
000980041 4
000980042 4
000980043 14
000980044 10
000980045 6
000980046 9
000980047 10
000980048 15
000980049 10
000980050 14
000980051 11
000980052 17
000980053 8
000980054 7
000980055 12
000980056 13
000980057 18
000980058 14
000980059 9
000980060 14
000980061 17
000980062 11
000980063 20
000980064 13
000980065 18
000980066 8
000980067 11
000980068 13
000980069 20
000980070 19
000980071 14
000980072 12
000980073 15
000980074 14
000980075 13
000980076 19
000980077 7
000980078 20
000980079 14
000980080 10
000980081 13
000980082 17
000980083 14
000980084 13
000980085 11
000980086 14
000980087 15
000980088 16
000980089 20
000980090 22
000980091 15
000980092 36
000980093 16
000980094 13
000980095 14
000980096 14
000980097 13
000980098 18
000980099 17
000980100 17
000980101 19
000980102 31
000980103 10
000980104 23
000980105 25
000980106 24
000980107 7
000980108 18
000980109 24
000980110 9
000980111 15
000980112 32
000980113 31
000980114 18
000980115 8
000980116 25
000980117 13
000980118 11
000980119 32
000980120 13
000980121 14
000980122 16
000980123 13
000980124 12
000980125 25
000980126 26
000980127 17
000980128 6
000980129 25
000980130 15
000980131 22
000980132 8
000980133 31
000980134 31
000980135 22
000980136 12
000980137 31
000980138 25
000980139 14
000980140 15
000980141 28
000980142 24
000980143 21
000980144 8
000980145 35
000980146 12
000980147 12
000980148 19
000980149 27
000980150 22
000980151 27
000980152 23
000980153 23
000980154 20
000980155 17
000980156 12
000980157 11
000980158 14
000980159 33
000980160 15
000980161 21
000980162 10
000980163 10
000980164 8
000980165 29
000980166 29
000980167 20
000980168 13
000980169 12
000980170 14
000980171 25
000980172 19
000980173 10
000980174 23
000980175 25
000980176 43
000980177 23
000980178 35
000980179 18
000980180 5
000980181 17
000980182 19
000980183 41
000980184 19
000980185 21
000980186 12
000980187 11
000980188 9
000980189 25
000980190 23
000980191 20
000980192 15
000980193 14
000980195 18
000980196 24
000980197 28
000980198 24
000980199 14
000980200 12
000980201 19
000980202 24
000980203 25
000980204 31
000980205 36
000980206 11
000980207 16
000980208 22
000980209 17
000980210 19
000980211 41
000980212 11
000980213 33
000980214 17
000980215 24
000980216 25
000980217 12
000980218 11
000980219 6
000980221 8
000980222 18
000980223 12
000980224 22
000980225 25
000980226 12
000980227 23
000980228 15
000980230 14
000980231 24
000980232 21
000980233 7
000980234 11
000980235 15
000980236 15
000980237 14
000980238 34
000980239 18
000980240 7
000980241 14
000980242 34
000980243 20
000980244 15
000980245 10
000980246 30
000980247 12
000980248 10
000980249 21
000980250 18
000980251 20
000980252 28
000980253 9
000980254 25
000980255 33
000980256 7
000980257 24
000980258 22
000980259 16
000980260 18
000980261 18
000980262 25
000980263 33
000980264 25
000980265 22
000980266 22
000980267 10
000980268 24
000980269 35
000980270 12
000980271 16
000980272 24
000980273 13
000980274 30
000980275 7
000980276 26
000980277 17
000980278 7
000980279 28
000980280 14
000980281 11
000980282 24
000980283 15
000980284 18
000980285 16
000980286 11
000980288 26
000980289 27
000980290 34
000980291 27
000980292 12
000980293 40
000980294 13
000980295 39
000980296 36
000980297 16
000980298 27
000980299 37
000980300 18
000980301 18
000980302 15
000980303 10
000980304 8
000980305 17
000980306 16
000980307 15
000980308 14
000980309 6
000980310 15
000980311 34
000980312 19
000980313 16
000980314 22
000980315 13
000980316 8
000980317 6
000980318 21
000980319 24
000980320 20
000980321 34
000980322 22
000980323 11
000980324 32
000980325 14
000980326 9
000980328 25
000980329 22
000980330 16
000980331 22
000980332 25
000980333 37
000980334 25
000980335 34
000980336 30
000980337 28
000980338 13
000980339 29
000980340 12
000980341 10
000980342 24
000980343 24
000980344 14
000980345 11
000980346 33
000980347 13
000980348 16
000980349 10
000980350 26
000980351 18
000980352 12
000980353 38
000980354 13
000980355 17
000980356 5
000980357 26
000980358 9
000980359 12
000980360 19
000980361 13
000980362 20
000980363 12
000980364 29
000980365 9
000980366 29
000980367 21
000980368 13
000980369 30
000980370 31
000980371 25
000980372 31
000980373 28
000980374 28
000980375 9
000980376 25
000980377 21
000980379 23
000980380 13
000980381 16
000980382 12
000980383 15
000980384 15
000980385 18
000980386 24
000980387 13
000980388 10
000980389 25
000980390 26
000980391 15
000980392 20
000980393 16
000980394 16
000980395 25
000980396 28
000980397 9
000980398 17
000980399 16
000980400 15
000981401 12
000981402 18
000981403 13
000981404 21
000981405 13
000981406 15
000981407 17
000981408 16
000981409 10
000981410 19
000981411 19
000981412 21
000981413 6
000981414 19
000981415 11
000981416 14
000981417 27
000981418 12
000981419 16
000981422 13
000981423 10
000981424 15
000981425 10
000981426 12
000981427 22
000981428 10
000981429 15
000981430 17
000981431 14
000981432 20
000981433 19
000981434 14
000981435 10
000981436 12
000981438 16
000981439 19
000981440 8
000981441 17
000981442 20
000981443 18
000981444 19
000981445 15
000981446 21
000981447 11
000981448 16
000981449 12
000981450 16
000981451 21
000981452 24
000981453 15
000981454 6
000981456 20
000981457 13
000981458 23
000981459 15
000981460 15
000981461 16
000981462 14
000981463 21
000981464 16
000981465 13
000981466 19
000981467 9
000981468 15
000981469 19
000981470 18
000981471 14
000981472 20
000981473 12
000981474 8
000981475 20
000981476 13
000981477 13
000981478 14
000981479 17
000981480 33
000981481 12
000981482 14
000981483 17
000981484 15
000981485 10
000981487 18
000981488 15
000981489 25
000981490 13
000981491 15
000981492 16
000981493 11
000981494 13
000981495 12
000981496 21
000981497 15
000981498 15
000981499 14
000981500 18
000981501 20
000981502 10
000981503 17
000981504 17
000981505 13
000981506 31
000981507 24
000981508 22
000981509 13
000981510 19
000981511 26
000981512 24
000981513 19
000981514 21
000981515 23
000981516 24
000981517 13
000981518 12
000981519 40
000981520 24
000981521 15
000981522 20
000981523 6
000981524 11
000981525 22
000981526 12
000981527 22
000981528 23
000981529 34
000981530 34
000981531 9
000981532 22
000981533 22
000981534 19
000981535 20
000981536 26
000981537 27
000981538 21
000981539 10
000981540 11
000981541 16
000981542 10
000981543 12
000981544 23
000981545 21
000981546 22
000981547 22
000981548 15
000981549 20
000981550 11
000981551 13
000981552 16
000981553 29
000981554 25
000981555 14
000981556 4
000981557 27
000981558 12
000981559 18
000981560 33
000981561 20
000981562 9
000981563 20
000981564 20
000981565 11
000981566 26
000981567 5
000981568 14
000981569 24
000981571 16
000981573 15
000981574 26
000981575 23
000981576 22
000981577 9
000981578 14
000981579 10
000981580 10
000981581 20
000981582 18
000981583 29
000981584 33
000981585 15
000981586 17
000981587 26
000981588 19
000981589 22
000981590 12
000981591 14
000981592 16
000981593 28
000981594 17
000981596 14
000981597 25
000981598 9
000981599 20
000981600 25
000981601 10
000981602 11
000981603 17
000981604 17
000981605 16
000981606 8
000981607 23
000981608 28
000981609 14
000981610 10
000981611 10
000981612 14
000981613 33
000981614 43
000981615 8
000981616 19
000981617 18
000981618 13
000981619 16
000981620 20
000981621 30
000981622 18
000981623 15
000981624 17
000981625 18
000981626 11
000981627 10
000981628 21
000981629 24
000981630 12
000981631 24
000981632 32
000981633 19
000981634 13
000981635 13
000981636 34
000981637 14
000981638 25
000981639 37
000981640 17
000981641 9
000981642 17
000981643 28
000981644 18
000981645 20
000981646 10
000981647 6
000981648 20
000981649 27
000981650 30
000981651 17
000981652 12
000981653 16
000981654 17
000981655 26
000981656 17
000981657 24
000981658 15
000981659 31
000981660 12
000981661 33
000981662 22
000981663 14
000981664 18
000981665 17
000981666 20
000981668 30
000981669 19
000981670 11
000981671 21
000981672 22
000981673 23
000981674 30
000981675 23
000981676 21
000981677 18
000981678 25
000981679 9
000981680 15
000981681 22
000981682 15
000981683 16
000981684 16
000981685 22
000981686 31
000981687 23
000981688 23
000981689 26
000981690 22
000981691 15
000981692 13
000981693 43
000981694 18
000981695 18
000981696 22
000981697 11
000981698 8
000981699 22
000981700 5
000981701 20
000981702 17
000981703 23
000981704 15
000981705 22
000981706 10
000981707 42
000981708 25
000981709 19
000981710 18
000981711 34
000981712 19
000981713 10
000981714 13
000981715 16
000981716 36
000981717 16
000981718 15
000981719 21
000981720 22
000981721 13
000981722 25
000981723 7
000981724 30
000981725 9
000981726 10
000981727 19
000981728 32
000981729 6
000981730 16
000981731 15
000981732 29
000981733 24
000981734 5
000981735 7
000981736 20
000981737 25
000981738 14
000981739 26
000981740 16
000981741 15
000981742 8
000981743 14
000981744 5
000981745 35
000981746 23
000981747 35
000981748 24
000981749 28
000981750 33
000981751 33
000981752 33
000981753 23
000981754 17
000981755 13
000981756 32
000981757 20
000981758 22
000981759 21
000981760 25
000981761 26
000981762 13
000981763 29
000981764 17
000981765 8
000981766 27
000981767 20
000981768 13
000981769 5
000981770 18
000981771 25
000981772 12
000981773 24
000981774 16
000981775 18
000981776 14
000981777 20
000981778 11
000981779 25
000981780 11
000981781 30
000981782 22
000981783 15
000981784 24
000981785 30
000981786 10
000981787 20
000981788 27
000981789 27
000981790 8
000981791 25
000981792 18
000981793 10
000981794 24
000981795 24
000981796 21
000981797 17
000981798 19
000981799 29
000981800 13
000990001 10
000990002 41
000990003 16
000990004 39
000990005 35
000990006 21
000990007 30
000990008 24
000990009 14
000990010 27
000990011 20
000990012 34
000990013 20
000990014 37
000990015 25
000990016 47
000990017 18
000990018 25
000990019 42
000990020 23
000990021 7
000990023 14
000990024 12
000990025 20
000990026 8
000990027 12
000990029 11
000990030 14
000990031 20
000990032 19
000990033 20
000990034 20
000990036 8
000990037 17
000990038 10
000990039 11
000990040 14
000990041 4
000990043 14
000990045 6
000990046 9
000990047 10
000990048 15
000990049 7
000990050 14
000990052 17
000990053 8
000990055 12
000990056 13
000990057 16
000990058 14
000990059 9
000990060 14
000990061 17
000990063 20
000990064 13
000990065 18
000990066 8
000990067 11
000990068 13
000990070 19
000990071 14
000990073 15
000990074 14
000990075 13
000990076 18
000990077 7
000990078 20
000990079 14
000990081 13
000990082 17
000990083 14
000990084 13
000990085 11
000990086 14
000990087 15
000990088 15
000990089 21
000990090 22
000990091 21
000990092 36
000990093 16
000990094 13
000990095 14
000990096 14
000990097 13
000990098 19
000990099 17
000990100 17
000990101 22
000990102 25
000990103 14
000990104 14
000990105 17
000990106 15
000990107 14
000990108 17
000990109 34
000990110 19
000990112 12
000990113 23
000990114 22
000990115 21
000990116 28
000990117 34
000990118 38
000990119 13
000990121 8
000990122 16
000990123 28
000990124 18
000990125 41
000990127 21
000990128 25
000990129 23
000990130 17
000990131 25
000990133 23
000990134 17
000990135 13
000990136 22
000990138 30
000990139 33
000990140 20
000990141 36
000990142 19
000990143 22
000990144 11
000990145 27
000990146 8
000990147 10
000990149 15
000990150 22
000990151 17
000990152 16
000990153 15
000990154 20
000990156 14
000990157 15
000990158 16
000990161 24
000990162 31
000990163 21
000990164 29
000990165 28
000990166 12
000990167 25
000990169 8
000990170 23
000990171 29
000990172 31
000990173 11
000990174 17
000990175 25
000990176 10
000990177 20
000990178 13
000990179 22
000990180 26
000990181 34
000990182 37
000990183 27
000990185 18
000990186 15
000990187 27
000990188 11
000990189 19
000990191 16
000990192 15
000990193 17
000990194 27
000990195 13
000990196 33
000990197 22
000990198 12
000990199 15
000990200 28
000990201 19
000990202 19
000990203 33
000990204 17
000990205 27
000990206 25
000990207 33
000990208 27
000990209 29
000990211 23
000990212 37
000990213 26
000990214 28
000990215 10
000990216 31
000990217 24
000990218 12
000990219 24
000990222 22
000990223 32
000990224 32
000990226 26
000990227 22
000990228 12
000990229 29
000990230 10
000990233 22
000990234 10
000990235 23
000990236 7
000990237 12
000990238 15
000990240 20
000990241 25
000990242 26
000990243 11
000990244 13
000990245 17
000990246 15
000990247 6
000990248 12
000990249 15
000990250 27
000990251 19
000990252 25
000990253 12
000990254 13
000990255 28
000990256 13
000990257 20
000990258 24
000990259 33
000990261 9
000990262 11
000990263 24
000990264 22
000990265 22
000990268 9
000990270 26
000990271 24
000990272 28
000990273 19
000990274 20
000990275 31
000990277 26
000990278 19
000990279 30
000990283 21
000990284 13
000990285 12
000990286 21
000990289 23
000990290 28
000990291 18
000990292 16
000990294 10
000990295 28
000990296 19
000990297 19
000990298 10
000990299 14
000990300 27
000990301 26
000990302 8
000990303 21
000990304 18
000990305 16
000990306 34
000990307 17
000990309 8
000990311 5
000990313 22
000990315 32
000990317 14
000990318 16
000990319 14
000990320 13
000990321 27
000990322 27
000990323 12
000990324 17
000990325 11
000990326 34
000990328 12
000990329 7
000990330 13
000990331 26
000990332 37
000990333 25
000990334 40
000990336 17
000990337 31
000990338 18
000990339 23
000990340 20
000990341 27
000990342 9
000990343 40
000990344 13
000990345 43
000990346 20
000990347 24
000990348 12
000990349 15
000990350 28
000990351 18
000990352 19
000990353 21
000990355 17
000990356 14
000990357 7
000990358 15
000990359 15
000990360 18
000990362 28
000990363 28
000990364 9
000990365 16
000990368 31
000990370 24
000990371 30
000990372 18
000990373 13
000990374 12
000990376 22
000990378 29
000990379 20
000990380 17
000990381 33
000990382 12
000990383 9
000990384 23
000990385 10
000990390 11
000990391 7
000990392 25
000990393 22
000990394 20
000990395 19
000990396 13
000990397 26
000990398 17
000990399 15
000990400 26
000991401 12
000991402 18
000991403 13
000991404 21
000991405 13
000991406 15
000991407 17
000991408 16
000991409 10
000991411 19
000991412 21
000991413 6
000991414 19
000991415 11
000991416 13
000991418 12
000991421 8
000991422 13
000991423 10
000991424 15
000991425 10
000991426 12
000991428 10
000991429 15
000991430 17
000991431 14
000991432 20
000991433 19
000991434 14
000991435 10
000991436 12
000991438 16
000991439 19
000991440 8
000991441 17
000991442 20
000991444 19
000991445 15
000991448 16
000991449 12
000991450 16
000991451 21
000991452 25
000991453 15
000991454 6
000991456 20
000991457 13
000991458 23
000991459 15
000991460 15
000991461 16
000991463 21
000991464 16
000991465 13
000991466 19
000991467 9
000991468 15
000991470 18
000991471 14
000991474 8
000991475 20
000991476 13
000991478 14
000991479 17
000991480 33
000991481 12
000991482 14
000991483 17
000991484 15
000991485 10
000991487 18
000991488 15
000991489 25
000991490 13
000991491 15
000991492 16
000991494 13
000991495 12
000991496 21
000991497 15
000991498 15
000991499 14
000991500 18
000991501 12
000991502 10
000991503 18
000991504 16
000991505 11
000991506 23
000991507 14
000991508 12
000991510 11
000991511 14
000991512 12
000991513 20
000991514 21
000991515 19
000991516 17
000991517 11
000991518 12
000991519 35
000991520 12
000991521 28
000991522 30
000991523 17
000991524 21
000991525 18
000991526 35
000991527 10
000991528 13
000991529 14
000991530 27
000991531 15
000991532 9
000991533 27
000991534 43
000991535 33
000991536 34
000991537 15
000991538 22
000991539 10
000991540 7
000991541 10
000991542 7
000991543 5
000991544 18
000991545 33
000991546 15
000991548 19
000991549 17
000991550 15
000991551 13
000991552 16
000991553 8
000991554 16
000991557 23
000991558 5
000991559 12
000991560 32
000991561 18
000991563 7
000991564 17
000991565 24
000991566 10
000991567 33
000991568 11
000991569 12
000991570 10
000991571 11
000991572 24
000991573 9
000991574 13
000991575 22
000991576 12
000991577 19
000991578 18
000991579 24
000991580 13
000991581 9
000991582 13
000991583 11
000991584 47
000991585 18
000991586 14
000991587 17
000991588 14
000991589 27
000991590 18
000991592 20
000991594 31
000991595 21
000991597 17
000991598 25
000991600 5
000991601 6
000991602 14
000991603 21
000991604 8
000991605 19
000991606 18
000991607 29
000991608 19
000991609 18
000991610 26
000991611 23
000991612 28
000991613 23
000991614 28
000991615 12
000991616 32
000991617 24
000991618 20
000991619 29
000991620 5
000991621 21
000991622 11
000991623 24
000991624 6
000991625 9
000991626 7
000991627 16
000991628 16
000991629 11
000991630 21
000991631 20
000991632 19
000991633 12
000991635 19
000991636 16
000991637 14
000991638 9
000991639 32
000991640 25
000991641 21
000991642 12
000991643 18
000991644 19
000991645 25
000991646 24
000991647 32
000991648 13
000991649 17
000991650 17
000991651 19
000991653 5
000991654 7
000991655 11
000991656 11
000991657 25
000991658 23
000991659 27
000991660 15
000991661 14
000991662 35
000991663 18
000991664 30
000991665 6
000991667 13
000991668 19
000991669 15
000991670 30
000991672 11
000991673 19
000991674 15
000991675 31
000991677 13
000991678 13
000991679 5
000991680 26
000991682 15
000991683 9
000991684 17
000991685 16
000991687 15
000991688 27
000991690 12
000991691 21
000991693 30
000991694 18
000991695 13
000991696 15
000991697 23
000991698 29
000991700 14
000991701 20
000991702 32
000991703 28
000991704 18
000991705 17
000991706 12
000991707 11
000991708 26
000991709 33
000991710 16
000991711 30
000991712 18
000991713 35
000991714 9
000991715 11
000991716 38
000991717 23
000991718 36
000991719 30
000991720 23
000991721 11
000991723 22
000991724 24
000991725 17
000991726 17
000991727 22
000991728 22
000991729 34
000991730 15
000991732 20
000991733 14
000991734 14
000991735 13
000991736 11
000991737 25
000991738 33
000991739 23
000991740 9
000991741 16
000991742 19
000991743 8
000991744 19
000991745 26
000991746 12
000991747 38
000991748 10
000991749 21
000991750 13
000991751 11
000991752 11
000991753 16
000991754 34
000991755 26
000991756 10
000991757 16
000991758 15
000991759 10
000991760 25
000991761 29
000991762 29
000991763 23
000991764 20
000991765 11
000991766 13
000991767 30
000991768 12
000991769 24
000991770 12
000991772 11
000991773 7
000991774 8
000991775 21
000991776 36
000991777 18
000991779 20
000991780 36
000991781 27
000991783 33
000991784 24
000991785 38
000991787 19
000991788 17
000991789 11
000991790 23
000991791 8
000991793 23
000991794 14
000991796 19
000991797 29
000991799 23
001000001 10
001000002 41
001000003 16
001000004 33
001000005 35
001000006 21
001000007 30
001000008 24
001000009 20
001000010 28
001000011 20
001000012 34
001000013 20
001000014 37
001000015 27
001000016 46
001000017 18
001000018 25
001000019 42
001000020 23
001000021 7
001000023 14
001000024 12
001000025 20
001000026 8
001000027 12
001000028 8
001000029 11
001000030 14
001000031 15
001000032 19
001000033 20
001000034 20
001000035 7
001000036 8
001000037 17
001000038 10
001000039 11
001000040 14
001000042 4
001000043 14
001000045 6
001000046 9
001000047 10
001000048 15
001000049 7
001000050 14
001000052 17
001000053 8
001000054 7
001000055 12
001000057 16
001000058 14
001000059 9
001000060 14
001000061 17
001000062 11
001000063 20
001000064 13
001000065 18
001000066 8
001000068 13
001000069 20
001000070 19
001000071 14
001000072 12
001000073 15
001000074 14
001000075 13
001000076 18
001000077 7
001000079 14
001000080 10
001000081 13
001000082 17
001000083 14
001000084 13
001000085 11
001000086 14
001000087 15
001000088 15
001000089 21
001000090 22
001000091 15
001000092 35
001000095 14
001000096 14
001000097 13
001000098 19
001000099 17
001000100 17
001000101 13
001000102 13
001000103 19
001000104 25
001000105 38
001000106 30
001000107 27
001000108 18
001000109 26
001000110 28
001000111 33
001000112 19
001000113 22
001000114 29
001000116 14
001000117 11
001000118 11
001000119 27
001000120 19
001000121 23
001000123 23
001000124 15
001000125 20
001000126 21
001000127 23
001000128 20
001000129 9
001000130 16
001000131 14
001000133 18
001000134 14
001000135 14
001000136 15
001000137 8
001000138 22
001000139 34
001000140 12
001000141 22
001000142 35
001000143 19
001000144 11
001000145 30
001000146 30
001000148 26
001000149 13
001000150 19
001000151 26
001000152 9
001000153 19
001000154 20
001000155 25
001000157 17
001000158 23
001000159 12
001000160 20
001000161 21
001000162 20
001000163 20
001000164 47
001000165 15
001000166 26
001000167 23
001000168 12
001000169 12
001000170 13
001000171 12
001000172 27
001000173 24
001000174 19
001000175 21
001000176 14
001000177 21
001000178 31
001000179 11
001000180 24
001000181 19
001000182 32
001000183 28
001000184 15
001000185 24
001000186 8
001000187 27
001000188 15
001000189 15
001000192 9
001000193 11
001000194 12
001000195 21
001000196 23
001000197 24
001000199 18
001000200 22
001000201 25
001000202 14
001000204 22
001000205 27
001000206 9
001000207 14
001000208 24
001000209 7
001000210 12
001000211 16
001000212 24
001000213 5
001000214 33
001000215 22
001000216 16
001000217 19
001000218 16
001000219 9
001000220 20
001000221 25
001000223 18
001000224 17
001000225 8
001000226 15
001000227 33
001000228 8
001000229 7
001000230 15
001000231 32
001000232 23
001000233 24
001000235 35
001000236 20
001000238 11
001000239 23
001000240 23
001000241 8
001000242 13
001000243 18
001000244 24
001000245 29
001000247 19
001000248 12
001000249 31
001000250 15
001000251 24
001000252 19
001000253 8
001000254 43
001000255 21
001000256 11
001000257 23
001000258 18
001000259 32
001000260 31
001000261 29
001000262 11
001000263 9
001000264 16
001000265 31
001000267 17
001000268 13
001000269 16
001000270 9
001000271 25
001000272 28
001000273 23
001000274 14
001000275 18
001000276 13
001000277 32
001000278 20
001000279 10
001000280 11
001000281 22
001000282 12
001000283 15
001000284 18
001000285 22
001000286 14
001000287 12
001000288 28
001000290 24
001000291 14
001000292 16
001000293 21
001000294 12
001000295 12
001000296 33
001000297 28
001000298 13
001000299 26
001000300 23
001000301 22
001000303 26
001000304 11
001000305 19
001000306 29
001000307 23
001000308 7
001000309 7
001000310 22
001000311 9
001000312 18
001000313 31
001000315 23
001000316 14
001000317 13
001000318 29
001000319 11
001000320 20
001000321 21
001000322 16
001000323 23
001000324 9
001000325 12
001000326 25
001000327 15
001000328 10
001000329 34
001000330 34
001000332 19
001000333 22
001000334 14
001000336 10
001000337 15
001000338 12
001000340 24
001000341 9
001000342 7
001000343 19
001000344 14
001000345 21
001000346 22
001000347 20
001000348 12
001000349 24
001000350 16
001000351 31
001000352 17
001000353 15
001000354 32
001000355 16
001000356 21
001000357 26
001000358 10
001000360 17
001000361 21
001000362 22
001000363 7
001000364 20
001000365 28
001000366 15
001000367 24
001000369 11
001000370 14
001000371 18
001000372 8
001000373 31
001000374 36
001000375 31
001000376 18
001000377 29
001000378 15
001000379 20
001000380 18
001000381 31
001000382 13
001000383 19
001000384 13
001000385 31
001000386 27
001000387 25
001000388 28
001000389 43
001000390 17
001000391 13
001000392 7
001000393 19
001000395 23
001000396 30
001000397 24
001000398 31
001000399 28
001000400 28
001001401 12
001001402 18
001001403 13
001001404 21
001001405 13
001001407 17
001001408 16
001001409 10
001001411 19
001001412 21
001001414 19
001001415 11
001001416 13
001001418 12
001001419 16
001001421 8
001001422 13
001001423 10
001001424 15
001001425 10
001001426 12
001001428 10
001001429 15
001001430 17
001001431 14
001001432 20
001001433 19
001001435 10
001001436 12
001001438 16
001001439 19
001001440 8
001001441 17
001001442 20
001001443 17
001001444 19
001001445 15
001001446 21
001001447 11
001001448 16
001001449 12
001001450 16
001001451 21
001001453 15
001001456 20
001001457 13
001001458 23
001001459 15
001001460 15
001001462 14
001001463 21
001001464 16
001001465 13
001001466 19
001001467 9
001001470 18
001001471 14
001001472 20
001001474 8
001001475 20
001001476 13
001001477 13
001001478 14
001001479 17
001001480 33
001001481 12
001001482 14
001001483 17
001001487 18
001001488 15
001001489 25
001001490 13
001001491 15
001001492 16
001001493 11
001001494 13
001001495 12
001001496 21
001001497 15
001001498 15
001001499 14
001001500 18
001001501 27
001001502 33
001001503 8
001001504 10
001001505 6
001001506 17
001001507 25
001001508 24
001001509 28
001001510 6
001001511 9
001001513 16
001001514 7
001001515 8
001001516 19
001001517 15
001001518 21
001001519 12
001001520 30
001001521 8
001001522 9
001001524 19
001001525 7
001001526 28
001001527 25
001001528 13
001001529 12
001001530 16
001001531 27
001001533 32
001001534 17
001001535 22
001001536 8
001001537 18
001001538 8
001001539 26
001001541 24
001001542 14
001001543 16
001001544 13
001001545 18
001001546 5
