001001547 71200
001001548 110080
001001549 67360
001001550 95200
001001551 73760
001001552 85600
001001554 104320
001001555 45600
001001556 60160
001001557 102080
001001558 141120
001001560 101440
001001561 86208
001001562 94560
001001563 89280
001001564 87520
001001565 111520
001001566 43440
001001567 101280
001001568 43424
001001569 92960
001001571 111360
001001572 104640
001001574 70080
001001575 93920
001001576 102720
001001577 53856
001001578 65600
001001579 82208
001001581 96480
001001582 110880
001001583 111520
001001584 77008
001001585 81600
001001586 109760
001001587 73440
001001588 56800
001001589 49520
001001590 80800
001001591 109536
001001592 89760
001001593 63520
001001594 112640
001001595 99680
001001596 105760
001001598 67040
001001599 121760
001001600 100480
001001601 114240
001001602 104320
001001603 73120
001001604 120480
001001605 90720
001001606 83680
001001607 109648
001001608 76960
001001609 73920
001001610 55424
001001611 63680
001001612 78592
001001613 105120
001001614 55984
001001615 78560
001001616 62720
001001617 70720
001001618 93760
001001619 93440
001001620 48016
001001621 66240
001001622 106560
001001623 103520
001001624 79680
001001625 124640
001001626 74720
001001627 58640
001001628 134224
001001629 125280
001001630 66400
001001631 49600
001001632 80960
001001633 85920
001001634 109280
001001635 61440
001001636 99520
001001637 73120
001001638 122720
001001639 61760
001001640 79280
001001641 92800
001001642 86448
001001643 84704
001001644 75840
001001645 110400
001001646 81120
001001647 113600
001001648 127840
001001649 63104
001001650 88960
001001651 115440
001001652 83840
001001655 63520
001001656 36480
001001657 132160
001001659 58752
001001660 94400
001001661 90560
001001662 109120
001001663 64319
001001664 71200
001001665 70400
001001667 95200
001001668 118560
001001669 76320
001001670 63200
001001671 62240
001001672 136304
001001673 65120
001001674 128960
001001676 81120
001001677 51648
001001678 47040
001001679 102080
001001680 79184
001001681 92960
001001682 86080
001001683 55824
001001684 103712
001001685 106400
001001686 98720
001001687 78160
001001689 83680
001001690 103200
001001691 67840
001001692 117760
001001693 100000
001001694 118560
001001695 74240
001001696 68000
001001697 115360
001001698 114240
001001699 107680
001001700 69280
001001702 79040
001001703 60960
001001704 92800
001001705 76160
001001706 60320
001001707 47200
001001708 83840
001001709 72160
001001710 94720
001001711 82400
001001712 62240
001001713 85120
001001714 112160
001001715 56160
001001716 105760
001001717 53120
001001718 59360
001001719 96000
001001720 55360
001001721 58080
001001722 85760
001001723 128639
001001724 125120
001001725 99040
001001726 58848
001001727 118080
001001728 126240
001001729 94080
001001730 61776
001001731 61760
001001732 89920
001001733 95840
001001734 113920
001001735 45600
001001736 89760
001001737 112160
001001739 78560
001001740 63680
001001741 72640
001001742 121600
001001743 102800
001001744 116000
001001745 97904
001001746 136480
001001747 86368
001001748 87360
001001749 90080
001001750 95424
001001751 106560
001001752 71264
001001753 118720
001001754 90512
001001755 78128
001001756 94240
001001757 81280
001001758 99840
001001759 86240
001001760 86400
001001761 97120
001001763 122080
001001764 78560
001001765 62352
001001767 89120
001001768 106096
001001769 101600
001001770 123680
001001771 76960
001001772 139840
001001773 82400
001001774 97760
001001775 64319
001001776 100640
001001777 80000
001001778 98400
001001780 67360
001001781 65280
001001782 47040
001001783 58880
001001784 66400
001001785 78000
001001786 52640
001001787 63840
001001788 97920
001001789 103520
001001790 103680
001001791 116800
001001793 84480
001001795 45456
001001796 48160
001001797 81280
001001798 115360
001001799 78560
001001800 105440
001010001 63616
001010002 142560
001010003 84160
001010005 125264
001010006 88960
001010007 89280
001010008 80640
001010009 70400
001010010 91520
001010011 77712
001010012 124480
001010014 127520
001010015 99840
001010016 154400
001010017 78560
001010019 131200
001010020 68640
001010021 42496
001010024 55616
001010025 78880
001010026 55200
001010027 51040
001010028 45120
001010029 56768
001010030 65120
001010031 70720
001010032 62880
001010033 70880
001010034 86720
001010036 55520
001010037 77440
001010038 53440
001010039 58880
001010040 64800
001010041 30576
001010042 36800
001010043 61296
001010044 41888
001010045 39520
001010046 42208
001010047 40688
001010048 78560
001010049 49280
001010050 50400
001010052 78144
001010053 36960
001010054 36480
001010057 69280
001010058 57760
001010059 52480
001010060 61120
001010061 53600
001010062 52160
001010063 71520
001010064 54880
001010065 53808
001010067 50592
001010068 73344
001010070 51344
001010071 46432
001010072 68160
001010073 60000
001010074 76800
001010075 54560
001010077 55040
001010078 77216
001010079 62240
001010081 53440
001010082 76480
001010083 57280
001010084 69280
001010085 63520
001010086 71840
001010087 64480
001010088 64191
001010089 97280
001010090 71520
001010091 73696
001010093 71200
001010094 57600
001010095 68960
001010096 69440
001010097 59200
001010098 89440
001010100 68640
001010105 53440
001010106 59040
001010107 49600
001010108 41488
001010110 52800
001010111 79840
001010112 55360
001010113 73440
001010114 121120
001010115 62240
001010116 91968
001010118 87680
001010120 85280
001010121 78080
001010122 87360
001010125 113760
001010127 95040
001010128 74560
001010129 61536
001010130 82720
001010131 120816
001010132 81280
001010133 93728
001010134 87040
001010135 90880
001010136 92000
001010137 82400
001010138 56480
001010139 72640
001010141 95504
001010142 125280
001010144 44640
001010146 88144
001010147 87936
001010148 65280
001010150 110560
001010151 107840
001010152 96800
001010155 44864
001010156 96960
001010161 96320
001010162 97920
001010163 123680
001010164 92000
001010165 56800
001010167 88640
001010168 107200
001010169 50720
001010170 105120
001010171 83360
001010172 123184
001010173 59440
001010174 102080
001010175 60960
001010177 87968
001010179 49728
001010180 97728
001010182 105408
001010183 59200
001010184 71680
001010185 83840
001010188 74880
001010189 79680
001010191 46752
001010192 44960
001010193 90080
001010195 72064
001010196 75696
001010197 82944
001010199 105280
001010200 54880
001010202 113440
001010203 76000
001010206 88000
001010207 48816
001010208 59040
001010209 63680
001010210 46352
001010213 124032
001010218 59680
001010219 103360
001010220 44080
001010221 94736
001010222 126560
001010224 100320
001010225 76160
001010227 71840
001010228 76800
001010229 60320
001010230 43200
001010231 102080
001010232 115680
001010234 96848
001010235 99840
001010236 64416
001010237 82080
001010238 53296
001010240 110080
001010241 47072
001010242 97440
001010243 43040
001010244 58080
001010245 67520
001010246 51040
001010247 77696
001010248 56944
001010251 107232
001010252 52176
001010253 65600
001010255 104320
001010257 60960
001010258 124480
001010260 60640
001010261 74560
001010262 91520
001010263 95200
001010264 88320
001010265 59360
001010267 85440
001010268 53120
001010269 56400
001010270 81120
001010271 72784
001010273 109680
001010275 81280
001010276 41808
001010277 80320
001010278 174224
001010279 83200
001010280 103040
001010283 108800
001010284 99504
001010286 42416
001010288 41216
001010289 42784
001010291 77824
001010292 84480
001010293 52320
001010294 93440
001010295 70720
001010297 94400
001010298 144640
001010299 141120
001010301 132480
001010302 74400
001010303 45120
001010304 116800
001010305 55200
001010306 68736
001010307 89280
001010308 78560
001010309 42560
001010310 95200
001010312 81440
001010313 65440
001010316 106240
001010317 140800
001010318 88512
001010320 108320
001010324 124960
001010325 102080
001010326 104144
001010327 148048
001010328 64959
001010329 44448
001010331 103360
001010332 75680
001010333 62080
001010334 124640
001010336 62960
001010339 77824
001010341 108896
001010342 103360
001010344 62624
001010347 49920
001010349 77280
001010350 110240
001010351 109728
001010352 48224
001010354 76560
001010355 69024
001010356 74256
001010357 56000
001010358 90720
001010359 108960
001010360 97280
001010361 81920
001010362 77120
001010364 47360
001010366 126560
001010369 105760
001010370 122720
001010371 89120
001010373 86400
001010374 82080
001010375 54240
001010376 69440
001010378 104000
001010379 46240
001010381 87776
001010382 92800
001010383 69568
001010384 108160
001010386 50400
001010387 81600
001010388 54560
001010390 116960
001010391 73280
001010392 56944
001010393 95840
001010395 93760
001010399 37440
001010400 108640
001011402 73440
001011403 65440
001011405 63040
001011406 55360
001011407 62048
001011408 69584
001011409 40048
001011411 75360
001011412 71680
001011413 37280
001011414 85920
001011415 53120
001011416 61280
001011418 54720
001011422 50720
001011423 44832
001011424 52208
001011425 53440
001011428 53440
001011429 45776
001011430 65120
001011431 40944
001011432 66240
001011433 76800
001011434 54720
001011435 50080
001011436 57120
001011438 54560
001011440 35952
001011441 62240
001011443 69552
001011444 74720
001011445 49280
001011447 54464
001011448 49440
001011449 56160
001011450 60960
001011451 77120
001011452 75648
001011453 70400
001011454 39712
001011457 73600
001011458 84480
001011459 45856
001011460 59680
001011463 78880
001011464 59840
001011465 51200
001011466 65280
001011467 49600
001011470 63200
001011471 52000
001011473 48224
001011474 50288
001011475 71360
001011476 62560
001011478 54720
001011479 66400
001011480 84480
001011482 60304
001011483 50608
001011485 57920
001011487 72480
001011488 55280
001011489 82560
001011490 50400
001011491 51680
001011494 51040
001011495 50400
001011496 58880
001011497 46720
001011498 57600
001011499 66928
001011500 62880
001011501 47200
001011503 114720
001011504 66240
001011506 54720
001011510 126672
001011511 46880
001011512 89248
001011514 89280
001011515 83040
001011516 71840
001011517 52320
001011518 88320
001011519 107040
001011521 93232
001011522 44336
001011523 70720
001011524 109440
001011525 62320
001011527 117120
001011528 54240
001011529 93440
001011530 69536
001011531 154080
001011532 75040
001011533 60480
001011534 151360
001011535 76320
001011536 67872
001011537 124112
001011538 130240
001011539 78080
001011540 56320
001011542 98400
001011543 54880
001011544 59200
001011546 69600
001011548 78720
001011549 104640
001011550 94400
001011552 116480
001011555 66080
001011559 87200
001011560 48736
001011562 58672
001011563 65135
001011564 46848
001011565 75840
001011566 122560
001011568 74896
001011569 44480
001011570 94400
001011571 78240
001011574 73200
001011579 80848
001011584 136480
001011585 89600
001011586 123200
001011588 72480
001011589 99680
001011590 58720
001011596 53760
001011597 39616
001011600 111200
001011601 50912
001011602 75376
001011603 59136
001011604 65120
001011605 90400
001011606 44992
001011610 93600
001011611 115360
001011613 53776
001011615 55840
001011616 60160
001011617 107040
001011618 81760
001011619 112320
001011621 104800
001011623 52800
001011624 85440
001011625 87680
001011626 64688
001011628 117600
001011630 73552
001011631 48816
001011632 41120
001011633 66400
001011634 141280
001011635 75040
001011639 120000
001011640 85600
001011643 61280
001011645 110080
001011646 84160
001011647 114560
001011648 121280
001011652 41216
001011654 92752
001011655 120064
001011656 105440
001011657 56016
001011658 81600
001011659 63520
001011660 113600
001011661 113920
001011666 128320
001011667 81760
001011668 53184
001011669 96800
001011671 71104
001011672 92480
001011673 82080
001011676 96160
001011677 105120
001011678 81328
001011679 52832
001011680 128000
001011683 103360
001011684 49280
001011686 113920
001011692 80432
001011693 92480
001011694 55040
001011695 58560
001011696 90560
001011697 74560
001011698 76000
001011700 81920
001011701 65263
001011702 89472
001011705 67984
001011706 80320
001011707 102400
001011708 108640
001011709 40496
001011710 79632
001011711 76432
001011712 48640
001011713 63072
001011715 70352
001011717 70400
001011718 108000
001011720 67680
001011721 44640
001011722 88640
001011723 69616
001011724 35872
001011725 48000
001011727 94624
001011728 67680
001011729 70880
001011730 51152
001011731 140800
001011733 36704
001011734 62560
001011735 88960
001011736 89760
001011737 46560
001011739 111520
001011741 102240
001011743 41440
001011744 111680
001011745 114720
001011747 124160
001011748 60320
001011749 132800
001011750 81280
001011751 63120
001011752 88768
001011753 87040
001011754 77600
001011755 53120
001011757 137440
001011759 72800
001011760 60160
001011761 102240
001011763 72160
001011764 88128
001011765 86448
001011767 96000
001011768 63792
001011770 100320
001011771 53872
001011774 80800
001011775 168160
001011777 112800
001011778 97440
001011780 54368
001011782 72960
001011783 84160
001011784 92800
001011785 77120
001011786 73104
001011790 95040
001011791 66384
001011792 49584
001011793 41920
001011795 76800
001011796 41072
001011797 98400
001011798 63360
001011800 60000
001020001 67552
001020002 257279
001020003 117120
001020005 273600
001020007 160016
001020009 100320
001020011 118528
001020012 222400
001020014 287680
001020015 206560
001020016 312320
001020017 132480
001020019 344960
001020021 65488
001020022 90240
001020023 93216
001020025 144160
001020026 81760
001020027 84960
001020029 97232
001020030 97120
001020036 90880
001020037 165344
001020038 80000
001020039 108000
001020040 143648
001020041 31888
001020042 40736
001020043 84464
001020044 65040
001020046 63776
001020047 73376
001020048 127520
001020049 61760
001020050 75680
001020052 126560
001020053 60400
001020054 56640
001020056 104720
001020057 140800
001020058 109760
001020059 82704
001020060 122880
001020061 117200
001020062 66864
001020063 151520
001020064 97280
001020065 97280
001020068 115856
001020071 87040
001020072 128527
001020073 123296
001020074 155168
001020075 64160
001020076 155040
001020077 72000
001020078 153968
001020079 110240
001020080 72576
001020081 95520
001020082 133120
001020083 79040
001020084 136704
001020085 93440
001020086 98080
001020087 110080
001020088 98080
001020089 167200
001020090 143984
001020091 133456
001020092 211040
001020095 105120
001020096 92160
001020097 89232
001020098 145584
001020101 224640
001020102 211520
001020104 58560
001020105 234880
001020106 122176
001020109 129440
001020110 240640
001020111 212800
001020112 126080
001020113 269664
001020114 244688
001020115 240800
001020116 338080
001020117 87840
001020118 311840
001020119 128479
001020120 83840
001020121 149104
001020122 90240
001020123 155840
001020125 172960
001020126 238560
001020127 257600
001020129 79232
001020130 46640
001020131 211040
001020133 156320
001020134 96800
001020135 228800
001020136 82240
001020137 254400
001020139 217600
001020140 317920
001020141 130112
001020142 251040
001020143 170048
001020144 207360
001020146 182112
001020147 292960
001020149 109600
001020150 178704
001020153 197840
001020155 83888
001020156 158560
001020157 63008
001020159 161472
001020160 221920
001020161 67680
001020162 201088
001020163 96800
001020164 104640
001020165 123520
001020166 223040
001020167 227520
001020169 222080
001020173 159296
001020174 59728
001020176 225280
001020177 114352
001020178 108240
001020180 173792
001020181 125280
001020183 191840
001020184 208320
001020185 166400
001020186 228480
001020187 172960
001020188 237600
001020189 126784
001020191 78432
001020192 120160
001020193 175680
001020194 227200
001020195 115040
001020197 215040
001020198 152240
001020199 147040
001020201 205152
001020203 289152
001020205 176608
001020206 143632
001020207 116496
001020208 167680
001020209 141824
001020211 239728
001020214 337280
001020215 207200
001020216 251200
001020218 190400
001020219 338720
001020220 142560
001020221 118560
001020222 183520
001020223 139520
001020225 229280
001020226 117152
001020227 111952
001020230 208960
001020232 312000
001020233 151680
001020234 130144
001020235 137440
001020239 130800
001020240 118928
001020242 145600
001020246 246224
001020247 287200
001020248 212640
001020251 175088
001020252 129120
001020255 299600
001020256 204672
001020257 280320
001020264 115152
001020266 101808
001020270 141104
001020271 144000
001020272 318736
001020273 75680
001020274 275568
001020275 188768
001020279 176032
001020280 168000
001020281 194080
001020282 147104
001020283 62976
001020285 173456
001020286 72800
001020290 129919
001020291 171008
001020293 102720
001020299 297104
001020302 133120
001020303 233360
001020307 346080
001020315 181760
001020317 148048
001020320 197120
001020322 72480
001020323 218400
001020325 335776
001020326 272096
001020327 228960
001020329 77760
001020330 218880
001020331 131376
001020333 226400
001020335 158704
001020336 70144
001020337 112320
001020339 140000
001020341 224160
001020342 191200
001020343 70080
001020344 246400
001020345 161376
001020346 114064
001020347 235040
001020348 178352
001020349 90704
001020351 290400
001020352 187376
001020353 431840
001020354 283200
001020355 83408
001020356 106656
001020358 79680
001020359 149344
001020360 194880
001020361 51248
001020363 200960
001020364 358880
001020365 250880
001020366 219040
001020367 296016
001020368 313376
001020369 191584
001020370 81744
001020371 148480
001020372 186240
001020373 316480
001020374 87680
001020375 400304
001020376 212480
001020378 356416
001020379 238240
001020380 144640
001020381 148960
001020382 243632
001020383 240320
001020384 90816
001020386 166080
001020388 223536
001020389 50880
001020390 349952
001020392 131680
001020393 190432
001020394 182144
001020397 199312
001020399 85840
001020400 249280
001021401 91696
001021402 124736
001021403 124496
001021404 166080
001021405 102208
001021406 88480
001021407 87472
001021408 122096
001021409 63008
001021410 116960
001021411 243040
001021412 139088
001021413 47824
001021414 168048
001021415 96384
001021416 123360
001021417 226080
001021418 98096
001021419 88800
001021420 75360
001021421 53600
001021422 83904
001021423 69936
001021424 116320
001021425 91104
001021426 129264
001021427 105264
001021428 69456
001021429 87280
001021430 166080
001021431 68576
001021432 132224
001021433 150192
001021434 98944
001021435 82384
001021436 88752
001021437 80960
001021438 109920
001021439 158512
001021440 60352
001021441 119360
001021442 116928
001021443 278000
001021444 176304
001021445 95152
001021446 164368
001021447 98608
001021448 148688
001021449 80304
001021450 135184
001021451 152752
001021452 207520
001021453 137504
001021454 62560
001021455 124320
001021456 115728
001021457 97040
001021458 166560
001021459 82560
001021460 115936
001021461 135840
001021462 65087
001021463 145968
001021464 120080
001021465 110496
001021466 138560
001021467 93632
001021468 86416
001021469 139616
001021470 130400
001021471 100640
001021472 132160
001021473 85360
001021474 81616
001021475 137328
001021476 125072
001021477 121776
001021478 71824
001021479 151520
001021480 231904
001021481 123520
001021482 115440
001021483 115840
001021484 111744
001021485 100800
001021486 105600
001021487 138704
001021488 128479
001021489 185552
001021490 113984
001021491 107152
001021492 132112
001021493 101104
001021494 156672
001021495 92640
001021496 125712
001021497 157328
001021498 114624
001021499 143120
001021500 128720
001021501 146880
001021502 66784
001021503 165216
001021504 196144
001021505 47632
001021506 195568
001021507 216848
001021508 134720
001021509 276624
001021510 134960
001021511 174272
001021512 209632
001021513 172128
001021514 204992
001021515 115040
001021516 171424
001021517 302720
001021518 163040
001021519 83904
001021520 175184
001021521 130400
001021522 146944
001021523 280960
001021524 167456
001021525 132704
001021526 156624
001021527 252480
001021528 83920
001021529 177920
001021530 144096
001021531 66432
001021532 223296
001021533 236624
001021534 294640
001021535 166512
001021536 265600
001021537 182144
001021538 232960
001021539 253024
001021540 203248
001021541 244672
001021542 156416
001021543 129744
001021544 88800
001021545 118608
001021546 226240
001021547 152000
001021548 59792
001021549 239216
001021550 71520
001021551 86816
001021552 107600
001021553 217776
001021554 294560
001021555 103904
001021556 177136
001021557 218656
001021558 195376
001021559 199744
001021560 233264
001021561 176432
001021562 239216
001021563 152768
001021564 264880
001021565 77536
001021566 268336
001021567 90832
001021568 252724
001021569 165280
001021570 133536
001021571 120528
001021572 220656
001021573 166944
001021574 183920
001021575 204832
001021576 216816
001021577 281888
001021578 293344
001021579 140560
001021580 117280
001021581 68880
001021582 264848
001021583 182848
001021584 124208
001021585 195840
001021586 149344
001021587 291856
001021588 275072
001021589 194880
001021590 268800
001021592 154960
001021593 249600
001021594 246080
001021595 142960
001021596 166416
001021597 279680
001021598 116416
001021599 146688
001021600 185520
001021601 254080
001021602 158336
001021603 203936
001021604 307760
001021605 267712
001021606 84448
001021607 132736
001021608 149808
001021609 88032
001021610 125952
001021611 260320
001021612 211024
001021613 183136
001021614 267040
001021615 125120
001021616 131008
001021617 153280
001021618 362240
001021619 360752
001021620 228304
001021621 318080
001021622 240256
001021623 253120
001021624 134592
001021625 237520
001021626 227072
001021627 68656
001021628 165168
001021629 123664
001021630 101168
001021631 212480
001021632 94336
001021633 358432
001021634 234208
001021635 154288
001021636 74384
001021637 103280
001021638 191648
001021639 184160
001021640 125280
001040001 62864
001040002 147360
001040003 77760
001040004 109760
001040005 148800
001040006 92640
001040007 123520
001040008 96640
001040009 75840
001040010 111360
001040011 85440
001040012 146400
001040013 98880
001040014 160000
001040015 110432
001040016 157920
001040017 91840
001040018 111520
001040019 164480
001040020 91520
001040021 48800
001040024 61120
001040025 89600
001040026 53600
001040027 61280
001040029 60848
001040030 62720
001040031 85120
001040032 70720
001040033 83360
001040034 105760
001040036 56480
001040037 93760
001040038 59840
001040040 70400
001040041 35024
001040042 36640
001040043 63840
001040044 54320
001040045 44160
001040046 43680
001040047 42400
001040048 74512
001040049 49920
001040050 69440
001040052 100800
001040053 46096
001040054 41824
001040055 65120
001040056 76320
001040057 83680
001040058 59840
001040059 56960
001040060 60640
001040061 55680
001040062 55520
001040063 76000
001040064 69280
001040065 64959
001040066 57120
001040067 58240
001040068 90880
001040069 74560
001040070 63840
001040071 54240
001040072 72016
001040073 70080
001040074 84000
001040075 58400
001040076 100640
001040077 60480
001040078 90880
001040079 75360
001040080 60320
001040082 88640
001040083 64959
001040084 71360
001040085 67200
001040086 68640
001040087 82080
001040089 102160
001040090 84800
001040091 99840
001040092 124576
001040093 91040
001040094 70773
001040095 78080
001040096 86560
001040097 72160
001040098 103680
001040099 71680
001040100 82240
001040101 112160
001040102 107520
001040103 120320
001040104 68320
001040105 61440
001040106 63040
001040107 104992
001040108 153392
001040110 88000
001040111 58560
001040112 120480
001040113 124800
001040114 135520
001040115 53280
001040116 89760
001040117 94080
001040118 81296
001040119 54560
001040121 68800
001040122 93600
001040125 93936
001040126 139072
001040127 51840
001040128 91520
001040129 66080
001040130 67040
001040131 78080
001040132 61136
001040133 110880
001040134 73920
001040135 84608
001040136 62560
001040137 61024
001040138 118080
001040139 81440
001040140 75040
001040143 91232
001040144 126320
001040145 113120
001040146 37216
001040147 70560
001040148 100000
001040149 103040
001040150 113280
001040151 119360
001040153 63200
001040154 98720
001040155 139840
001040156 82880
001040157 84800
001040158 99680
001040159 86720
001040160 108080
001040161 69760
001040162 82560
001040163 94880
001040164 115840
001040165 67344
001040166 67520
001040167 95360
001040169 93120
001040170 92960
001040171 138720
001040174 42880
001040175 61920
001040176 120960
001040177 120000
001040178 47520
001040179 92960
001040180 73600
001040181 47520
001040184 101760
001040185 107680
001040186 81760
001040187 151680
001040189 105920
001040190 122560
001040191 79040
001040192 131840
001040194 86880
001040195 129360
001040196 116800
001040198 68752
001040199 68000
001040200 139360
001040201 46880
001040202 98240
001040203 136800
001040206 37280
001040207 96640
001040208 115360
001040209 145760
001040210 127200
001040211 43680
001040212 75200
001040213 47520
001040214 106720
001040215 71808
001040216 101760
001040217 77600
001040218 113920
001040219 94240
001040220 81888
001040221 83200
001040222 49280
001040223 106080
001040224 119680
001040225 82720
001040227 91680
001040229 76480
001040230 84640
001040231 52640
001040232 58080
001040233 96160
001040234 118720
001040237 68800
001040239 95616
001040240 107200
001040242 107104
001040243 57120
001040244 96320
001040245 32800
001040246 105440
001040247 78976
001040249 57440
001040251 93440
001040252 70848
001040255 48368
001040258 117120
001040262 175040
001040263 112800
001040265 194827
001040266 75648
001040267 58560
001040268 56160
001040270 93680
001040271 94912
001040272 73440
001040273 113280
001040274 49120
001040275 58880
001040277 60640
001040278 167200
001040279 100000
001040281 78080
001040282 124960
001040286 77440
001040288 59040
001040289 89760
001040291 134560
001040292 83360
001040293 161184
001040294 85760
001040296 46400
001040297 165376
001040298 48800
001040299 135040
001040300 155680
001040301 64640
001040304 46240
001040305 110400
001040307 81600
001040308 144320
001040311 113600
001040314 127200
001040315 64800
001040316 102133
001040317 92160
001040318 96800
001040319 162400
001040320 65920
001040322 141920
001040323 107680
001040326 141920
001040327 101760
001040328 72640
001040331 66240
001040332 47776
001040333 80800
001040335 79360
001040337 151200
001040338 65440
001040342 98400
001040343 98240
001040344 69280
001040345 117440
001040349 102880
001040350 42560
001040352 89616
001040354 136640
001040357 89280
001040359 118720
001040361 75632
001040362 95360
001040363 156000
001040364 97616
001040366 99680
001040372 57792
001040376 72080
001040377 73280
001040381 99680
001040386 102032
001040387 112640
001040389 63200
001040393 60800
001040399 157120
001041401 66912
001041402 79520
001041403 71040
001041404 90240
001041405 69120
001041406 64640
001041407 63680
001041408 74384
001041409 45168
001041411 87360
001041412 80480
001041413 35680
001041414 84000
001041415 49792
001041416 67680
001041418 58560
001041422 55216
001041423 43344
001041424 60800
001041425 65920
001041426 50880
001041427 69120
001041428 46880
001041429 44320
001041430 60320
001041431 43520
001041432 78720
001041433 74560
001041435 55520
001041436 54080
001041437 47392
001041438 49120
001041440 48800
001041441 63200
001041443 72512
001041444 80320
001041445 45920
001041446 70080
001041447 56960
001041448 53760
001041449 46880
001041450 67360
001041451 86080
001041452 75200
001041453 81760
001041454 40160
001041455 98240
001041456 66720
001041457 58720
001041458 72320
001041459 46560
001041460 56160
001041463 60000
001041464 60640
001041465 47520
001041466 70560
001041467 54240
001041469 68000
001041470 61120
001041471 54080
001041473 45280
001041474 44800
001041475 64640
001041476 54192
001041477 70880
001041478 44480
001041479 56480
001041480 91040
001041482 57760
001041483 63200
001041484 53280
001041487 79840
001041488 67840
001041489 90240
001041491 58560
001041492 51520
001041493 47536
001041494 61280
001041496 70576
001041497 55840
001041498 56160
001041501 60320
001041503 60160
001041505 94560
001041506 77760
001041507 128639
001041508 81600
001041509 106880
001041510 129280
001041511 47360
001041514 90080
001041515 149120
001041516 43520
001041517 63040
001041518 73440
001041519 84640
001041520 43520
001041522 83232
001041523 47520
001041524 58080
001041525 97600
001041526 88800
001041528 79520
001041529 92960
001041530 93472
001041531 116000
001041532 51840
001041533 61264
001041534 78560
001041536 67072
001041537 43520
001041538 43360
001041539 66720
001041540 69440
001041541 110560
001041542 105760
001041543 66720
001041544 109280
001041545 106560
001041546 55936
001041547 69584
001041548 78560
001041550 80160
001041552 56880
001041553 75360
001041554 60320
001041555 173120
001041556 58800
001041557 94880
001041558 46624
001041559 76640
001041560 121936
001041561 54720
001041562 86560
001041563 73440
001041564 50240
001041565 63360
001041566 72304
001041567 175200
001041568 84160
001041569 90400
001041570 130240
001041571 54240
001041573 76752
001041574 67184
001041575 49440
001041576 111520
001041577 36704
001041578 84160
001041579 36144
001041580 99520
001041581 41760
001041582 87520
001041583 34720
001041584 31216
001041585 97760
001041586 108480
001041587 40800
001041588 51360
001041594 68256
001041595 55520
001041596 81280
001041597 111632
001041599 75040
001041600 80160
001041601 90560
001041602 79520
001041603 111648
001041605 74240
001041606 116800
001041607 85600
001041608 132800
001041609 96640
001041610 76960
001041612 121120
001041614 93280
001041615 44160
001041616 87200
001041618 90992
001041619 78560
001041620 81248
001041621 69664
001041622 64480
001041623 80160
001041624 126240
001041625 79520
001041626 171680
001041627 93760
001041628 80960
001041629 75680
001041630 122400
001041631 47360
001041632 161600
001041633 80800
001041634 85280
001041635 100160
001041636 125104
001041638 82400
001041639 59840
001041642 106400
001041643 93760
001041644 81280
001041645 56320
001041646 34240
001041647 99040
001041649 76480
001041650 44000
001041651 46336
001041652 108800
001041653 59200
001041654 65280
001041655 104000
001041656 92640
001041658 70816
001041659 68320
001041660 130560
001041661 44160
001041662 139520
001041663 112960
001041664 39040
001041666 126192
001041667 66720
001041670 71520
001041671 39680
001041672 77440
001041674 63360
001041675 62400
001041676 108320
001041678 102080
001041679 83040
001041680 47360
001041682 95840
001041683 86400
001041684 107520
001041685 62768
001041686 45440
001041687 44160
001041688 65280
001041691 38240
001041692 58080
001041693 50240
001041694 165280
001041695 89440
001041696 70080
001041697 92416
001041698 92384
001041699 49760
001041701 52000
001041702 82720
001041703 136000
001041704 86880
001041706 103840
001041707 90400
001041708 134480
001041710 53600
001041711 88480
001041712 86080
001041714 123520
001041715 73184
001041719 82720
001041720 105760
001041721 71840
001041722 68160
001041724 84960
001041725 57760
001041727 55520
001041728 67520
001041729 65600
001041730 63520
001041731 85440
001041732 70720
001041734 99520
001041737 92000
001041738 110720
001041739 36800
001041741 118560
001041742 50400
001041743 79360
001041745 56800
001041747 62400
001041748 100800
001041749 61280
001041750 79040
001041751 52800
001041752 91200
001041754 101440
001041757 106352
001041759 85760
001041760 106880
001041761 69280
001041764 53440
001041765 48160
001041768 57600
001041769 68800
001041770 46080
001041772 42208
001041773 62560
001041774 95680
001041775 130080
001041777 104960
001041778 97920
001041779 85600
001041780 72640
001041781 78880
001041782 75040
001041784 97280
001041785 56480
001041789 91840
001041790 85440
001041792 101888
001041793 123840
001041795 59136
001041799 114240
001050001 66720
001050002 129120
001050003 75200
001050004 94880
001050005 110400
001050007 90880
001050008 84640
001050009 67360
001050010 87680
001050011 63680
001050012 108000
001050014 111200
001050015 97120
001050016 136320
001050017 86576
001050018 84480
001050019 128800
001050020 70224
001050021 41424
001050022 58992
001050024 54896
001050025 74240
001050026 55680
001050027 51131
001050028 47840
001050030 64992
001050031 62032
001050032 59040
001050033 70560
001050034 88880
001050035 42944
001050036 57216
001050037 72352
001050038 54608
001050039 54720
001050040 66272
001050042 39040
001050043 52724
001050044 39840
001050045 40480
001050046 45984
001050047 41952
001050048 74720
001050049 50720
001050050 52480
001050052 76000
001050053 39200
001050056 67360
001050058 58240
001050059 51072
001050060 64319
001050061 54000
001050062 55760
001050063 72640
001050064 57728
001050065 56800
001050067 54880
001050068 68640
001050069 63472
001050071 48480
001050073 67200
001050074 72752
001050075 52960
001050076 89584
001050077 56352
001050078 77600
001050079 62096
001050082 77440
001050084 63040
001050085 61792
001050086 62640
001050087 66400
001050088 79360
001050089 97600
001050090 75712
001050092 97936
001050093 68960
001050094 62624
001050095 79360
001050097 64592
001050098 78240
001050099 60848
001050100 64800
001050101 108480
001050103 56960
001050104 74000
001050105 104832
001050106 72544
001050107 88960
001050108 43792
001050110 105120
001050111 57728
001050114 47040
001050116 53680
001050117 77440
001050118 81760
001050119 100960
001050121 69280
001050122 49920
001050123 57472
001050124 74272
001050125 55456
001050127 39520
001050128 84160
001050129 56096
001050130 103040
001050131 118400
001050133 94416
001050134 47040
001050135 96320
001050136 67536
001050137 119520
001050138 49840
001050139 62144
001050140 63360
001050141 86480
001050142 113920
001050143 97104
001050146 48288
001050147 58976
001050150 136000
001050151 71680
001050153 78154
001050154 66496
001050155 66944
001050157 82576
001050158 91509
001050159 100480
001050160 98810
001050163 86720
001050168 89866
001050171 59755
001050172 54528
001050179 80404
001050184 86400
001050186 82624
001050191 87680
001050192 84400
001050193 72992
001050194 60928
001050195 51840
001050196 80000
001050199 80064
001050200 106080
001050201 70992
001050202 104800
001050203 100000
001050205 54160
001050206 44960
001050207 100000
001050210 72640
001050211 84640
001050212 73664
001050213 47200
001050214 83680
001050215 94864
001050216 47680
001050217 73440
001050218 79040
001050219 41920
001050220 44160
001050221 90448
001050222 77760
001050223 46240
001050224 103200
001050225 90880
001050226 37360
001050228 43280
001050229 86720
001050230 81920
001050232 107680
001050234 63824
001050235 65920
001050237 61360
001050238 88960
001050239 35664
001050244 115680
001050245 111216
001050246 85920
001050247 59840
001050248 46720
001050249 71664
001050250 50464
001050251 50576
001050252 65824
001050253 61760
001050254 100000
001050255 101920
001050256 81920
001050258 92480
001050259 78240
001050260 74720
001050261 69760
001050262 51040
001050263 54720
001050264 98720
001050265 52720
001050266 77296
001050267 88640
001050268 54000
001050269 49600
001050270 62032
001050271 58576
001050272 77072
001050273 75840
001050274 125600
001050275 56160
001050276 54224
001050277 52448
001050279 62176
001050280 79344
001050281 72000
001050282 67040
001050283 79040
001050284 48320
001050285 48480
001050286 72480
001050287 91840
001050288 113120
001050289 91200
001050290 82720
001050291 123360
001050292 80336
001050293 63680
001050294 59440
001050296 57280
001050297 105440
001050298 66512
001050299 77120
001050300 48320
001050301 46720
001050302 58592
001050303 77920
001050304 59600
001050305 76272
001050306 93600
001050308 86720
001050309 93776
001050310 56320
001050312 82240
001050313 45024
001050314 59040
001050315 56000
001050316 90544
001050317 148640
001050318 99040
001050319 112512
001050320 60224
001050321 121440
001050322 56400
001050323 107488
001050324 103360
001050325 74240
001050326 88160
001050327 49456
001050328 123824
001050329 63520
001050330 92624
001050332 115840
001050334 69904
001050335 94208
001050336 56512
001050338 78272
001050341 83504
001050343 75408
001050344 111200
001050345 120144
001050346 92480
001050347 87840
001050348 72144
001050349 54288
001050350 119680
001050351 77392
001050352 58400
001050354 44512
001050355 103520
001050356 89440
001050358 88704
001050359 45552
001050360 103328
001050361 105440
001050362 52944
001050363 87472
001050364 65104
001050366 131039
001050368 61280
001050371 69920
001050372 89120
001050374 113808
001050376 88464
001050377 116320
001050378 49152
001050379 58800
001050380 88176
001050381 72960
001050382 116800
001050383 84480
001050384 107040
001050385 83040
001050386 131039
001050387 78240
001050389 82880
001050390 59088
001050391 69424
001050393 64959
001050394 57600
001050395 75680
001050396 87040
001050397 74144
001050398 119616
001050399 72160
001050400 93600
001051401 57568
001051402 64367
001051403 61600
001051404 72320
001051405 64720
001051406 61200
001051407 59312
001051408 64080
001051409 51856
001051411 69920
001051412 70304
001051413 39360
001051414 78080
001051415 57568
001051416 66096
001051418 56320
001051419 54240
001051420 42624
001051422 47040
001051423 50960
001051424 57120
001051425 56320
001051426 54864
001051428 53440
001051430 65440
001051431 45760
001051432 65440
001051433 73440
001051434 62720
001051435 50704
001051436 57760
001051438 50400
001051440 41216
001051441 60480
001051443 58992
001051444 73920
001051445 59680
001051446 67232
001051447 57008
001051448 50688
001051449 46880
001051450 54880
001051451 67840
001051453 61648
001051454 37936
001051456 61856
001051457 60976
001051458 73760
001051459 44640
001051460 55520
001051463 60480
001051464 58443
001051465 54240
001051466 58816
001051467 48320
001051468 55200
001051470 57760
001051471 47344
001051473 41776
001051474 48256
001051475 59520
001051476 53920
001051477 53136
001051478 47776
001051480 75504
001051481 63744
001051482 55200
001051483 50400
001051484 45008
001051485 58452
001051487 63712
001051488 49323
001051489 73728
001051490 48960
001051491 48160
001051492 54112
001051493 47024
001051494 57920
001051495 51200
001051496 62400
001051497 48480
001051498 60912
001051499 61136
001051500 63776
001051501 74720
001051503 43168
001051504 58816
001051505 84960
001051506 86720
001051507 72480
001051508 50720
001051509 56432
001051511 108320
001051512 98512
001051513 77648
001051514 116160
001051515 68640
001051516 71360
001051519 69120
001051520 70400
001051521 76880
001051522 68208
001051524 56832
001051525 78384
001051526 46912
001051527 75344
001051528 73280
001051529 62800
001051530 66240
001051531 55424
001051532 52400
001051534 116800
001051535 119360
001051536 61440
001051537 64000
001051538 57232
001051539 51664
001051540 91024
001051541 73440
001051542 75840
001051543 88000
001051544 100160
001051545 56832
001051546 101760
001051547 91248
001051548 71200
001051549 74032
001051550 102080
001051551 49488
001051552 43360
001051553 40512
001051554 49002
001051555 59040
001051556 93268
001051557 76320
001051559 38208
001051560 92320
001051561 65328
001051562 50528
001051563 67680
001051564 72820
001051565 69712
001051566 79072
001051567 49600
001051568 72832
001051569 89760
001051570 67328
001051571 56480
001051573 56160
001051575 81600
001051576 57792
001051577 80320
001051578 62656
001051579 109664
001051580 102592
001051581 57600
001051582 51520
001051583 52000
001051584 59360
001051585 94400
001051586 37920
001051587 64319
001051588 39376
001051589 97280
001051590 87200
001051591 38352
001051592 56000
001051593 90400
001051594 54400
001051595 90368
001051596 44784
001051597 60960
001051598 79648
001051599 69440
001051600 39056
001051601 35120
001051603 62901
001051604 35040
001051605 80714
001051606 37680
001051607 47604
001051608 78720
001051609 61280
001051610 67840
001051611 73920
001051612 53248
001051613 43184
001051614 82768
001051616 59936
001051617 37936
001051618 69440
001051619 95040
001051620 57120
001051621 65440
001051623 42720
001051624 89088
001051625 115520
001051626 87680
001051627 85760
001051629 55508
001051630 71680
001051631 96480
001051632 66240
001051633 36336
001051634 58069
001051635 41120
001051636 47680
001051637 69840
001051638 59200
001051639 47040
001051640 55552
001051641 52960
001051642 103200
001051643 47946
001051644 96800
001051645 61760
001051646 71152
001051647 87840
001051648 84724
001051649 60404
001051650 37648
001051651 62384
001051652 82708
001051653 48320
001051654 82400
001051655 40800
001051656 96512
001051657 65525
001051658 52960
001051659 49904
001051661 44432
001051662 86292
001051663 43872
001051664 50752
001051666 50400
001051667 65760
001051668 44896
001051669 47520
001051670 90708
001051672 75637
001051673 36064
001051674 55221
001051675 100000
001051676 112944
001051677 105664
001051679 55152
001051682 72560
001051683 50544
001051684 110080
001051685 76544
001051687 73440
001051688 30640
001051689 89600
001051690 55040
001051692 97920
001051693 79040
001051694 66656
001051696 60128
001051697 91360
001051699 75776
001051700 63104
001051701 47536
001051702 111904
001051703 86368
001051704 56800
001051705 69392
001051706 97248
001051708 46896
001051709 69376
001051710 82192
001051711 35296
001051712 77232
001051714 60250
001051715 46400
001051717 83728
001051718 81184
001051719 82496
001051720 55520
001051721 70304
001051722 92160
001051723 57600
001051724 51552
001051725 38640
001051726 96320
001051727 66352
001051728 48480
001051729 48320
001051731 60000
001051732 49248
001051734 42880
001051735 74720
001051736 57760
001051737 90080
001051738 57808
001051739 51120
001051740 35360
001051741 80160
001051742 40640
001051743 78400
001051744 108832
001051745 53440
001051746 54176
001051747 76212
001051748 70688
001051749 70272
001051751 106362
001051752 64394
001051753 94560
001051754 72021
001051755 67840
001051756 55280
001051757 72640
001051758 92352
001051759 56480
001051760 66240
001051761 45904
001051762 91360
001051763 58864
001051764 78880
001051765 51200
001051766 76960
001051767 78560
001051768 67200
001051769 92000
001051770 52480
001051771 37120
001051772 55840
001051773 73760
001051774 53008
001051775 60480
001051776 52805
001051777 43275
001051778 69120
001051779 51680
001051780 45488
001051781 73013
001051782 53280
001051783 35200
001051784 72960
001051785 70928
001051786 74560
001051787 70240
001051788 50240
001051789 84848
001051790 47040
001051791 100096
001051793 38219
001051794 76640
001051795 33760
001051796 42469
001051797 55840
001051798 80724
001051799 73600
001051800 52688
001060001 56480
001060002 139040
001060003 81632
001060005 132800
001060006 110080
001060007 90352
001060008 106080
001060010 98400
001060012 119040
001060014 169136
001060015 114336
001060016 163840
001060019 148480
001060024 56192
001060025 91040
001060026 52000
001060027 50944
001060028 53584
001060029 62720
001060030 70528
001060031 83040
001060032 65760
001060034 105920
001060036 62240
001060037 80304
001060038 61600
001060039 57280
001060040 63168
001060042 35120
001060046 47664
001060048 76800
001060050 56960
001060052 72368
001060054 40800
001060055 53264
001060057 72784
001060060 65568
001060061 56320
001060062 53184
001060063 82720
001060064 74848
001060065 63968
001060067 57760
001060068 72640
001060071 55040
001060072 65456
001060073 59616
001060074 69936
001060075 54720
001060077 55680
001060078 83824
001060079 68640
001060081 54064
001060082 91008
001060083 57600
001060085 68640
001060088 65920
001060089 112640
001060090 72480
001060091 75088
001060093 69930
001060094 68000
001060095 58235
001060096 65760
001060097 70720
001060098 89120
001060100 73040
001060101 74080
001060103 46976
001060106 121280
001060107 87536
001060108 78032
001060109 113120
001060110 80480
001060111 45360
001060112 105680
001060113 103360
001060114 48000
001060115 72320
001060116 90528
001060117 85840
001060120 60784
001060122 107200
001060123 116800
001060124 51840
001060125 61520
001060126 98378
001060127 78624
001060128 109120
001060130 91040
001060131 119680
001060132 56688
001060133 105920
001060134 74240
001060137 124640
001060138 57296
001060140 144960
001060141 92480
001060142 45216
001060144 95072
001060145 55040
001060147 87168
001060148 62036
001060150 114880
001060151 47344
001060152 56480
001060153 123616
001060154 53792
001060155 124619
001060159 114240
001060161 50288
001060162 74544
001060164 101760
001060166 66560
001060167 117120
001060168 100480
001060170 78805
001060171 57760
001060172 75680
001060173 91872
001060174 92480
001060176 63616
001060177 88960
001060178 88469
001060179 58384
001060180 99360
001060181 76480
001060182 103360
001060183 70576
001060184 87360
001060187 54250
001060188 67008
001060189 80320
001060190 58400
001060193 115520
001060194 55648
001060195 99668
001060197 51648
001060199 80608
001060200 117760
001060203 43893
001060204 61845
001060205 68192
001060206 141280
001060208 112896
001060209 94592
001060210 111728
001060211 95616
001060213 53936
001060214 132352
001060215 38544
001060216 90976
001060217 94720
001060218 60080
001060220 55920
001060222 94880
001060223 83680
001060224 62576
001060227 84192
001060228 96160
001060229 52336
001060230 77700
001060231 60320
001060232 79680
001060233 71168
001060235 78080
001060236 78400
001060237 140640
001060238 96960
001060239 40160
001060240 69472
001060241 82336
001060242 102848
001060243 113440
001060244 99408
001060245 144960
001060246 45904
001060247 70448
001060248 63296
001060249 98816
001060251 67088
001060252 82400
001060253 144320
001060255 75520
001060256 59360
001060257 101120
001060258 79040
001060260 47168
001060261 113920
001060263 117760
001060264 99520
001060265 77872
001060266 163040
001060267 83584
001060269 36960
001060271 96800
001060272 97760
001060273 49072
001060274 69760
001060275 71040
001060277 120000
001060278 94240
001060279 71168
001060280 48640
001060281 96000
001060282 77216
001060283 93120
001060284 73648
001060285 55680
001060286 77120
001060287 81120
001060289 49120
001060291 69600
001060292 109760
001060293 88000
001060294 68160
001060296 77968
001060297 44848
001060298 130880
001060299 59200
001060300 79664
001060301 48480
001060302 101904
001060303 45952
001060305 75520
001060306 76000
001060307 96000
001060308 47840
001060310 85696
001060311 78880
001060312 62560
001060313 86768
001060314 56352
001060315 117920
001060317 108432
001060318 90960
001060319 112480
001060321 87520
001060322 52640
001060323 108960
001060324 90160
001060325 86720
001060326 93600
001060327 82192
001060328 91040
001060329 100480
001060331 81920
001060332 104160
001060333 60640
001060334 109280
001060335 58992
001060336 62720
001060337 126880
001060338 54720
001060339 71248
001060341 69120
001060342 99200
001060343 89008
001060344 106400
001060345 91680
001060346 61328
001060348 98240
001060349 51200
001060350 69760
001060351 67840
001060352 88160
001060353 64640
001060354 131039
001060355 59520
001060358 96960
001060359 90400
001060360 77440
001060361 62720
001060362 45280
001060363 68800
001060364 69440
001060365 38880
001060366 52480
001060367 82400
001060369 78880
001060370 138400
001060371 118720
001060373 85600
001060374 87168
001060375 71648
001060377 130880
001060378 115888
001060381 147680
001060383 47200
001060384 127680
001060385 80320
001060387 59680
001060388 85120
001060389 99680
001060390 96432
001060391 46608
001060392 65120
001060393 120800
001060394 48176
001060395 87520
001060396 131232
001060397 121280
001060398 92960
001060399 56480
001060400 116960
001061401 63680
001061402 76464
001061403 66768
001061405 67360
001061406 50560
001061407 60960
001061408 67680
001061409 43104
001061411 71637
001061412 70240
001061413 35648
001061414 90240
001061415 55520
001061416 63680
001061418 60560
001061420 47168
001061422 52000
001061424 52875
001061425 52640
001061426 59040
001061427 78224
001061428 47360
001061429 43520
001061430 64000
001061431 40320
001061432 68640
001061433 78880
001061434 67680
001061435 51360
001061436 59232
001061438 55520
001061440 39360
001061441 63040
001061442 62560
001061443 82496
001061444 78720
001061445 57280
001061447 58240
001061448 58400
001061449 54240
001061450 70880
001061451 67360
001061452 99040
001061453 66560
001061454 41120
001061457 68640
001061458 91520
001061459 47184
001061460 59680
001061463 67040
001061464 78560
001061465 54880
001061466 72320
001061467 51680
001061470 62704
001061471 53600
001061473 44640
001061474 48011
001061475 67840
001061476 64319
001061478 54400
001061479 64319
001061480 95680
001061481 66288
001061482 63520
001061483 51392
001061485 58880
001061487 81600
001061488 49396
001061489 82080
001061490 47360
001061491 52320
001061492 59264
001061493 49072
001061494 54240
001061495 55360
001061496 62240
001061497 49696
001061498 59456
001061499 58400
001061500 65760
001061503 112960
001061504 92640
001061506 73642
001061509 66848
001061510 85760
001061511 63056
001061512 68352
001061513 84176
001061514 67840
001061516 57184
001061517 58352
001061518 116320
001061519 48320
001061521 63040
001061522 60320
001061523 86880
001061524 119520
001061525 36736
001061526 85109
001061527 63696
001061528 62720
001061529 151200
001061530 91360
001061531 85520
001061532 51680
001061533 65440
001061534 142080
001061535 75872
001061536 85440
001061538 124576
001061540 63488
001061542 110816
001061543 90400
001061544 100592
001061546 58976
001061547 103776
001061550 62304
001061551 70064
001061552 141120
001061553 39968
001061554 59840
001061555 43040
001061556 76960
001061558 103040
001061559 79200
001061561 95744
001061562 90720
001061563 62080
001061564 60336
001061565 79040
001061567 68288
001061568 75904
001061573 109760
001061574 97600
001061575 113424
001061576 59040
001061577 174480
001061578 44272
001061579 56912
001061580 147360
001061581 98400
001061583 73600
001061584 55360
001061585 92320
001061586 107520
001061587 43936
001061588 72960
001061589 59200
001061590 99680
001061591 59744
001061592 52096
001061595 68069
001061596 51924
001061598 122880
001061600 118080
001061601 115520
001061602 64160
001061603 106240
001061604 75040
001061605 83664
001061606 85440
001061609 88000
001061610 66400
001061611 58560
001061612 100688
001061613 65648
001061615 147040
001061616 92480
001061617 74560
001061618 38560
001061619 81280
001061620 99360
001061622 68480
001061623 84640
001061624 66240
001061625 56512
001061626 123360
001061627 108448
001061629 104272
001061630 59600
001061632 119456
001061633 69120
001061634 64879
001061635 89920
001061636 66240
001061637 84960
001061638 57280
001061639 102880
001061640 103200
001061643 74720
001061645 46880
001061646 74400
001061647 70560
001061648 138080
001061649 100000
001061652 51168
001061653 147040
001061654 102880
001061656 59840
001061657 85920
001061658 113616
001061659 46192
001061660 71440
001061661 80480
001061662 76800
001061663 80320
001061665 80800
001061667 115680
001061668 67680
001061669 52960
001061670 79200
001061672 54544
001061673 62400
001061676 49120
001061677 91040
001061678 49600
001061679 90864
001061680 38736
001061681 101440
001061682 63680
001061684 98240
001061685 64416
001061686 60000
001061687 60180
001061688 76320
001061690 77712
001061691 86880
001061692 88000
001061693 150720
001061694 62336
001061695 77440
001061697 38880
001061698 106400
001061699 88960
001061700 94880
001061701 86128
001061702 52800
001061704 90400
001061705 78400
001061706 62960
001061707 66080
001061708 73280
001061709 109920
001061710 99840
001061711 55520
001061712 59360
001061713 126240
001061714 105840
001061715 102720
001061716 89600
001061718 117760
001061719 51360
001061720 104800
001061721 52160
001061722 93280
001061723 62736
001061724 60960
001061725 54496
001061726 67040
001061727 52000
001061729 37472
001061730 56800
001061731 107840
001061732 150880
001061734 88160
001061735 72640
001061737 59040
001061738 48160
001061739 73440
001061740 98080
001061741 75760
001061742 92800
001061743 79680
001061744 71344
001061746 81280
001061747 123520
001061748 87200
001061749 100576
001061751 64640
001061752 70560
001061753 72480
001061754 86256
001061755 58880
001061756 64896
001061757 96160
001061758 99680
001061759 92960
001061760 95680
001061762 115200
001061763 108800
001061764 39840
001061766 100000
001061768 85920
001061769 104800
001061770 124864
001061771 109920
001061772 106560
001061773 57760
001061774 84480
001061775 101936
001061776 51520
001061778 72464
001061779 130240
001061780 59840
001061781 133520
001061782 80160
001061783 62080
001061784 54880
001061785 45440
001061786 81280
001061789 112800
001061790 118720
001061791 88480
001061792 84800
001061793 120960
001061794 41968
001061795 55680
001061796 108480
001061797 123200
001061798 62240
001061799 125280
001070001 71168
001070002 195008
001070004 150112
001070005 176048
001070006 89760
001070007 132000
001070008 111504
001070009 82160
001070010 112960
001070011 79728
001070012 150720
001070013 93904
001070014 172320
001070015 124640
001070016 203520
001070017 83856
001070018 102720
001070019 164480
001070020 100224
001070021 53280
001070022 75680
001070023 91200
001070024 70512
001070025 99200
001070026 57280
001070027 80245
001070028 53440
001070029 64432
001070030 88640
001070031 80160
001070032 75360
001070033 89280
001070034 113600
001070036 83200
001070037 96192
001070039 72496
001070040 92000
001070041 34656
001070042 40784
001070043 82128
001070044 51584
001070045 45680
001070046 54752
001070047 55200
001070048 83360
001070049 52800
001070050 64341
001070051 47520
001070052 102080
001070053 43520
001070054 39840
001070056 80960
001070057 93440
001070058 74560
001070060 66720
001070061 65920
001070062 58880
001070063 81920
001070064 72800
001070065 63712
001070066 59344
001070067 61440
001070068 101280
001070069 86250
001070070 63360
001070071 61760
001070072 85120
001070073 71200
001070074 82880
001070075 77440
001070076 120944
001070077 54400
001070078 90080
001070079 78080
001070080 62400
001070081 76800
001070082 126080
001070083 73440
001070084 73152
001070085 70720
001070086 65440
001070087 82400
001070088 81600
001070089 116320
001070090 88480
001070091 94560
001070092 130672
001070093 92320
001070094 86955
001070095 83680
001070096 79520
001070098 112160
001070099 78720
001070100 86720
001070101 143520
001070102 57440
001070103 81760
001070104 116800
001070105 85120
001070106 78080
001070107 118560
001070108 82880
001070109 72320
001070111 149440
001070112 55840
001070113 147520
001070114 43504
001070115 117440
001070116 64640
001070118 55680
001070119 58528
001070120 83616
001070121 108000
001070122 128160
001070123 98672
001070124 87376
001070125 53760
001070126 100480
001070127 115040
001070128 100640
001070129 95520
001070130 46912
001070131 64000
001070132 159840
001070133 176496
001070134 202240
001070136 102560
001070137 93280
001070138 86240
001070139 92693
001070140 140000
001070141 87680
001070142 103840
001070143 109760
001070144 144480
001070145 90240
001070146 100960
001070147 163360
001070148 151024
001070149 111360
001070150 121120
001070151 52800
001070152 107360
001070153 50880
001070154 104960
001070155 120640
001070156 75264
001070158 98880
001070159 77600
001070161 84800
001070162 91360
001070163 65920
001070164 47040
001070166 97808
001070167 83520
001070168 112640
001070169 87040
001070170 56160
001070171 64959
001070172 70560
001070173 88672
001070174 53716
001070175 126752
001070177 66384
001070178 56800
001070179 75520
001070180 99360
001070181 40416
001070182 146880
001070183 183520
001070184 66576
001070185 131680
001070186 125440
001070187 88672
001070188 88640
001070189 119040
001070190 184640
001070191 115200
001070192 113920
001070193 46901
001070194 49920
001070195 74560
001070196 84160
001070197 84320
001070198 68000
001070199 86288
001070200 128320
001070201 109440
001070202 99408
001070203 66880
001070204 74720
001070205 47360
001070206 36000
001070207 125280
001070208 74832
001070210 49280
001070211 114560
001070212 104116
001070214 125760
001070215 88960
001070216 103360
001070217 60160
001070219 52256
001070220 102805
001070221 79680
001070222 93920
001070225 94096
001070226 87520
001070227 123680
001070228 112640
001070229 81760
001070232 102677
001070233 80160
001070234 96480
001070237 74160
001070238 163040
001070239 70720
001070240 82240
001070241 167680
001070242 66880
001070243 92480
001070244 82880
001070245 106560
001070246 60480
001070247 54400
001070248 41648
001070249 66224
001070250 77216
001070253 77280
001070254 93280
001070256 122400
001070257 144960
001070259 99840
001070260 121280
001070261 73728
001070263 91232
001070264 83530
001070265 44000
001070267 128160
001070269 137760
001070270 81664
001070271 67360
001070272 89120
001070274 119520
001070275 114240
001070276 97760
001070277 117120
001070278 62880
001070279 40640
001070280 136000
001070282 100320
001070283 56000
001070284 117440
001070285 129856
001070286 91988
001070287 87360
001070288 109760
001070289 154240
001070290 109280
001070291 102976
001070292 62256
001070293 114176
001070294 154400
001070295 46112
001070296 92320
001070298 138132
001070299 54560
001070300 79680
001070301 54560
001070302 75360
001070303 42672
001070304 84640
001070306 91840
001070307 107520
001070308 88160
001070309 71552
001070310 66400
001070311 55040
001070312 57728
001070313 95360
001070314 104160
001070315 77440
001070316 55520
001070317 123360
001070318 99520
001070319 80000
001070320 73920
001070321 149920
001070322 113280
001070323 147040
001070325 113120
001070326 106720
001070327 105440
001070328 109600
001070329 163520
001070330 102240
001070331 136160
001070332 141280
001070333 107200
001070334 147040
001070335 111360
001070336 98560
001070337 114080
001070338 109120
001070339 100464
001070341 82400
001070342 101120
001070343 50240
001070344 130240
001070345 89600
001070346 89120
001070347 57920
001070348 98736
001070349 123040
001070350 107360
001070351 131520
001070352 137440
001070353 95840
001070354 120640
001070355 66560
001070356 59680
001070358 124800
001070359 110880
001070360 131184
001070362 102080
001070363 117760
001070364 92800
001070365 93600
001070366 44640
001070367 115856
001070368 107200
001070369 142400
001070370 115840
001070371 139520
001070372 122560
001070373 53456
001070375 57600
001070376 143636
001070378 97760
001070379 80800
001070380 81920
001070381 45760
001070382 108160
001070383 102560
001070384 94880
001070385 60032
001070386 119520
001070387 136160
001070388 95200
001070389 35408
001070390 113600
001070392 129280
001070393 54560
001070394 85760
001070395 48352
001070396 118400
001070397 45600
001070398 85600
001070399 93440
001070400 80778
001071401 63792
001071402 79360
001071403 73120
001071404 93280
001071405 72480
001071406 63520
001071407 65760
001071408 75040
001071409 50400
001071410 50080
001071411 74880
001071412 78720
001071413 40320
001071414 77920
001071415 56000
001071416 92000
001071417 99200
001071418 60640
001071419 61451
001071420 48880
001071422 49120
001071423 62720
001071425 64000
001071426 56208
001071427 89520
001071428 46944
001071429 46080
001071430 60480
001071431 59440
001071432 80160
001071433 100160
001071434 65984
001071435 54624
001071436 67840
001071437 51920
001071438 60800
001071439 98880
001071440 44048
001071441 62080
001071442 80960
001071443 79504
001071444 89440
001071445 64000
001071446 72800
001071447 59680
001071448 62080
001071449 59840
001071450 59040
001071451 65104
001071452 62720
001071455 77120
001071456 70720
001071457 70560
001071458 91840
001071459 51360
001071460 74560
001071461 75680
001071462 54080
001071463 80000
001071464 66720
001071465 56160
001071466 72266
001071467 52640
001071468 55792
001071469 66560
001071470 61280
001071471 52000
001071473 40864
001071474 47232
001071476 65280
001071477 79040
001071478 52640
001071479 63200
001071480 122080
001071481 74320
001071482 64720
001071483 55568
001071485 57920
001071486 50880
001071487 79520
001071488 53920
001071489 92960
001071490 48724
001071491 57600
001071492 71360
001071493 47520
001071494 52000
001071495 60320
001071496 65760
001071497 49120
001071498 69120
001071499 57600
001071500 70400
001071501 87360
001071502 54314
001071503 112960
001071504 98560
001071505 54080
001071508 81600
001071509 42080
001071510 83936
001071511 145440
001071512 128320
001071513 117440
001071514 87696
001071515 53280
001071517 141760
001071518 45280
001071519 85120
001071520 82880
001071521 107680
001071523 67840
001071524 103520
001071525 120160
001071526 74240
001071527 61472
001071528 127360
001071529 131056
001071530 62848
001071531 44960
001071532 52160
001071533 130080
001071535 65760
001071536 85760
001071537 125760
001071538 111840
001071540 148640
001071541 68640
001071542 65440
001071543 79360
001071544 92800
001071545 94400
001071547 111200
001071548 78544
001071549 65280
001071550 60960
001071551 50880
001071552 79680
001071553 71840
001071554 75040
001071555 104000
001071557 89280
001071558 124960
001071559 115360
001071560 126560
001071561 101920
001071562 176436
001071563 108160
001071564 98080
001071565 102880
001071566 71040
001071567 64959
001071568 105280
001071569 117280
001071570 128895
001071571 62880
001071572 151360
001071573 129759
001071574 105312
001071576 77008
001071577 92800
001071578 70048
001071579 73760
001071580 65120
001071581 121760
001071582 138240
001071583 51680
001071584 108960
001071585 69552
001071586 105120
001071589 90080
001071590 89920
001071591 65648
001071592 131680
001071593 69600
001071594 88576
001071595 81120
001071596 62240
001071597 62384
001071598 106240
001071599 110240
001071600 71360
001071601 46448
001071602 113760
001071603 53760
001071604 119840
001071605 128479
001071606 85280
001071607 112810
001071608 129744
001071609 122400
001071610 43040
001071611 105120
001071612 42560
001071614 108960
001071615 78560
001071616 94869
001071617 79200
001071618 45120
001071619 87680
001071620 83520
001071621 62144
001071622 62352
001071623 82560
001071625 133424
001071626 88320
001071627 80960
001071628 50816
001071631 85120
001071634 112000
001071635 134240
001071636 59680
001071637 103840
001071638 39040
001071639 92640
001071640 107840
001071641 47360
001071642 94240
001071643 57760
001071644 103680
001071645 116480
001071646 75680
001071647 69760
001071648 115840
001071649 81600
001071650 81120
001071651 47360
001071652 67200
001071653 42880
001071656 98240
001071657 84000
001071658 92320
001071660 73280
001071661 76160
001071662 71200
001071663 46304
001071664 64160
001071665 69760
001071666 115648
001071667 83472
001071668 137760
001071669 36960
001071670 71792
001071672 68752
001071673 91200
001071674 92000
001071675 141120
001071676 83040
001071677 61600
001071678 73280
001071679 57760
001071680 61600
001071681 63360
001071682 68240
001071683 116160
001071684 51840
001071686 135360
001071687 91520
001071688 98112
001071689 74240
001071690 117760
001071691 52608
001071693 76320
001071694 109760
001071695 68464
001071696 135360
001071697 71648
001071699 147040
001071700 50720
001071701 139040
001071702 66196
001071703 51360
001071704 115040
001071706 88320
001071707 71040
001071708 93440
001071709 92480
001071711 126720
001071713 48928
001071714 122123
001071715 53760
001071716 104875
001071718 78763
001071719 56480
001071720 43200
001071721 37600
001071722 80560
001071723 59360
001071724 64000
001071725 117920
001071726 138240
001071727 84592
001071728 97621
001071729 163680
001071730 98400
001071731 53136
001071732 88992
001071733 46880
001071734 76896
001071735 52160
001071736 61120
001071737 147680
001071738 143360
001071739 94240
001071740 80160
001071741 90608
001071742 40320
001071743 46864
001071744 100160
001071745 109194
001071747 53920
001071749 106560
001071750 87216
001071751 118602
001071752 69760
001071753 80160
001071754 84480
001071755 114320
001071756 106240
001071757 92832
001071758 57280
001071759 45088
001071760 99840
001071761 133440
001071762 89845
001071763 90448
001071764 55456
001071765 57488
001071769 61776
001071770 98368
001071771 72480
001071772 96000
001071773 81888
001071774 75120
001071775 94240
001071776 64800
001071777 107520
001071778 112000
001071779 54560
001071780 40960
001071781 84640
001071782 58720
001071783 46736
001071784 126528
001071785 111819
001071786 63808
001071787 65440
001071788 50528
001071789 100336
001071790 39648
001071791 59819
001071792 79936
001071793 102144
001071794 59040
001071795 76640
001071796 64469
001071797 111200
001071798 128479
001071799 43040
001071800 81840
001080001 81568
001080002 227680
001080003 109600
001080004 137792
001080005 186560
001080006 94352
001080007 120640
001080008 117120
001080009 82080
001080010 136800
001080011 88000
001080012 153920
001080013 86080
001080014 164000
001080015 130560
001080016 187040
001080017 90560
001080018 91360
001080019 160000
001080020 95360
001080021 49328
001080022 60368
001080023 74528
001080024 60240
001080025 97920
001080026 53520
001080027 57904
001080028 49440
001080029 73936
001080030 64160
001080031 67520
001080032 66400
001080033 94080
001080034 112688
001080035 41808
001080036 58880
001080037 85440
001080038 55776
001080039 63280
001080040 84773
001080041 34352
001080042 40800
001080043 58672
001080044 49440
001080045 47984
001080046 49712
001080047 41328
001080048 81440
001080049 62880
001080050 58080
001080052 79680
001080054 39296
001080056 70720
001080057 78400
001080058 68000
001080059 56320
001080060 63872
001080061 76320
001080062 65248
001080063 85280
001080064 68320
001080065 70740
001080066 53924
001080067 57024
001080068 80352
001080070 79744
001080071 58720
001080072 67840
001080073 82400
001080074 84800
001080075 63376
001080076 101952
001080077 56160
001080078 83040
001080079 66672
001080080 44144
001080081 57280
001080082 85600
001080083 60640
001080084 71040
001080085 84960
001080086 70720
001080087 87040
001080088 76816
001080089 135504
001080090 89760
001080091 86448
001080092 117440
001080093 92480
001080094 70080
001080095 71520
001080096 77440
001080097 65440
001080098 104160
001080101 130639
001080102 197328
001080103 92320
001080104 96640
001080105 108640
001080106 144480
001080107 80800
001080108 89120
001080109 77440
001080111 139680
001080112 97440
001080113 102720
001080114 49920
001080115 93776
001080116 40960
001080117 145600
001080118 131039
001080119 61120
001080120 84960
001080121 79520
001080122 70720
001080123 88000
001080124 124000
001080125 50240
001080126 113728
001080127 147040
001080128 122720
001080129 123360
001080131 72160
001080133 54400
001080135 155840
001080136 103680
001080137 47504
001080139 126080
001080140 166560
001080141 69664
001080142 90064
001080143 152480
001080144 98880
001080145 86400
001080148 118080
001080149 81696
001080150 75040
001080151 93584
001080152 91040
001080153 115840
001080154 47680
001080155 110400
001080157 135840
001080158 159360
001080159 70240
001080160 80000
001080161 126720
001080162 63840
001080163 49760
001080164 205296
001080165 55248
001080166 88800
001080167 72960
001080168 105280
001080169 106256
001080170 179040
001080171 87856
001080172 89920
001080173 52176
001080174 45440
001080175 112800
001080176 88000
001080177 88480
001080178 71840
001080179 139360
001080180 97536
001080182 136416
001080183 119616
001080184 178080
001080185 86880
001080186 53600
001080187 123200
001080188 101280
001080189 94832
001080190 160000
001080191 64000
001080192 126080
001080193 68000
001080194 116784
001080195 111200
001080196 177280
001080197 101440
001080198 96320
001080199 91840
001080200 115360
001080201 93824
001080202 149120
001080203 130080
001080204 115200
001080205 60800
001080206 225600
001080207 72000
001080208 108832
001080209 117280
001080210 104896
001080211 108288
001080212 117936
001080213 42960
001080214 90528
001080215 173920
001080216 201360
001080217 135840
001080218 98240
001080219 151040
001080220 95360
001080221 111040
001080222 117120
001080223 80160
001080224 92304
001080225 113760
001080226 132128
001080227 116160
001080228 101920
001080229 131039
001080230 57440
001080231 144960
001080232 126080
001080233 107520
001080234 48800
001080235 152160
001080236 89056
001080237 149280
001080238 126880
001080239 61760
001080240 150080
001080241 145760
001080242 110400
001080243 152800
001080244 79680
001080245 194720
001080246 126400
001080247 105120
001080248 59200
001080249 100480
001080250 73440
001080251 125920
001080252 58240
001080253 109760
001080254 66208
001080255 135840
001080256 39520
001080257 64480
001080258 81440
001080259 123424
001080260 77872
001080261 86400
001080262 100480
001080263 78848
001080265 115040
001080266 58528
001080267 73600
001080268 72224
001080269 101440
001080271 109328
001080272 46560
001080273 124320
001080274 62880
001080275 106240
001080276 141280
001080277 144800
001080278 67840
001080279 94256
001080280 142720
001080282 110112
001080283 141920
001080284 120000
001080285 66560
001080286 54720
001080287 126240
001080288 119360
001080289 74240
001080290 58240
001080291 111520
001080292 89920
001080293 121120
001080294 63360
001080295 123200
001080296 83040
001080297 124960
001080298 49280
001080299 173696
001080300 98400
001080301 147296
001080302 190080
001080303 62928
001080304 102592
001080305 181760
001080306 181600
001080307 139376
001080308 102720
001080309 93472
001080310 70080
001080311 89120
001080313 125424
001080314 75840
001080315 131840
001080316 128960
001080317 107520
001080318 83680
001080319 284800
001080320 116800
001080321 135200
001080323 149264
001080324 126720
001080325 269280
001080326 177280
001080327 88000
001080328 123520
001080329 117280
001080331 92640
001080332 47520
001080333 80640
001080334 55840
001080335 113440
001080336 89440
001080337 183088
001080338 148160
001080340 124176
001080341 72976
001080342 47408
001080343 86016
001080344 146880
001080345 98560
001080346 81120
001080347 48640
001080348 138400
001080349 72464
001080350 83712
001080351 120464
001080352 78816
001080353 140480
001080355 56800
001080356 121520
001080358 80960
001080359 145120
001080360 217280
001080361 118560
001080362 93120
001080363 106560
001080364 154880
001080365 108800
001080366 66880
001080367 126880
001080368 106560
001080369 53920
001080370 111984
001080371 94400
001080372 152640
001080373 77120
001080374 43200
001080375 135504
001080376 107520
001080377 66048
001080378 42880
001080379 85920
001080380 51200
001080381 106400
001080382 119680
001080383 114080
001080384 157920
001080385 76000
001080386 132000
001080388 151840
001080390 177600
001080391 137136
001080392 106752
001080393 110112
001080394 72800
001080395 132320
001080397 81600
001080399 140480
001081401 63888
001081402 80816
001081403 79808
001081404 97920
001081405 79040
001081406 58832
001081407 67456
001081408 74704
001081409 57680
001081411 100752
001081412 103200
001081413 43680
001081414 99200
001081415 80192
001081416 90896
001081418 75840
001081419 69280
001081420 52448
001081421 47040
001081422 76320
001081423 67136
001081425 60160
001081426 86048
001081428 66560
001081429 59200
001081430 81920
001081431 43008
001081432 77920
001081433 85440
001081435 63360
001081436 68912
001081437 49232
001081438 69120
001081439 107840
001081440 44096
001081441 72880
001081442 93472
001081444 110560
001081445 55360
001081446 94704
001081447 74288
001081448 71680
001081449 71840
001081450 71520
001081451 84800
001081452 133760
001081453 85440
001081454 44800
001081457 76352
001081458 127680
001081459 62576
001081460 80800
001081461 83280
001081463 96160
001081464 112160
001081465 66880
001081466 85920
001081467 68800
001081468 71040
001081469 81808
001081470 92480
001081471 62720
001081473 47744
001081474 54784
001081475 73440
001081476 78880
001081477 86240
001081478 52640
001081479 80448
001081480 122720
001081482 73280
001081483 72368
001081484 68320
001081485 74080
001081487 92000
001081488 59360
001081489 112640
001081490 59248
001081491 82880
001081493 66176
001081494 60960
001081495 68320
001081496 92160
001081497 69920
001081498 72160
001081499 72800
001081500 77920
001081501 113280
001081502 152320
001081503 119520
001081504 42848
001081505 38080
001081506 120960
001081507 112176
001081508 76480
001081509 63392
001081510 139520
001081511 129280
001081512 58096
001081513 68800
001081514 124800
001081515 191200
001081516 83040
001081518 46080
001081519 46080
001081520 223040
001081521 54880
001081522 60560
001081523 129600
001081524 97600
001081525 76960
001081526 100480
001081527 115520
001081529 79520
001081530 135680
001081531 76960
001081533 138560
001081534 106400
001081535 119216
001081536 66400
001081537 87520
001081538 178400
001081539 103520
001081540 102560
001081541 124480
001081542 64160
001081543 67520
001081544 74400
001081545 134240
001081546 105760
001081547 159360
001081548 96960
001081550 69120
001081551 131840
001081552 82400
001081553 75680
001081554 106672
001081555 110880
001081556 87200
001081557 111360
001081558 76960
001081559 70720
001081560 143200
001081561 65440
001081562 187840
001081563 74080
001081564 94400
001081565 195040
001081566 133280
001081567 180640
001081568 72480
001081572 61760
001081573 209920
001081574 158560
001081575 238400
001081576 52800
001081577 74720
001081578 134880
001081579 112640
001081581 103840
001081582 92368
001081583 193760
001081584 56160
001081585 133920
001081586 86592
001081587 95360
001081588 60800
001081589 126720
001081590 113280
001081591 128639
001081592 176320
001081593 95136
001081594 94400
001081595 113280
001081596 114720
001081597 47360
001081598 73440
001081599 52656
001081600 102240
001081601 115840
001081603 49600
001081604 148240
001081605 146736
001081606 190720
001081607 90496
001081608 99680
001081609 77168
001081610 140960
001081611 64063
001081612 86240
001081613 68800
001081614 96800
001081615 216960
001081616 153600
001081617 194400
001081618 79360
001081619 47520
001081620 129440
001081621 64800
001081622 61280
001081623 128960
001081624 141920
001081626 113280
001081627 112640
001081628 132352
001081629 60480
001081630 194560
001081633 77760
001081634 110880
001081637 102368
001081639 82352
001081640 76160
001081642 120960
001081644 156320
001081645 98368
001081646 171520
001081648 109632
001081649 220960
001081651 252480
001081652 154400
001081653 149280
001081654 107600
001081655 151200
001081657 110080
001081658 48960
001081659 151360
001081660 75680
001081661 150080
001081662 91680
001081663 171520
001081665 170080
001081666 84480
001081667 146576
001081668 183680
001081669 158720
001081670 210240
001081671 62240
001081672 53930
001081673 146240
001081674 148160
001081675 64319
001081676 152800
001081677 83120
001081678 88000
001081679 128320
001081680 44224
001081682 88736
001081683 64480
001081684 101280
001081686 49280
001081687 117600
001081688 181920
001081689 232160
001081690 76480
001081691 76800
001081692 109120
001081693 140112
001081695 115680
001081696 229760
001081697 160320
001081698 188000
001081700 97600
001081701 83200
001081702 91520
001081703 103200
001081704 60800
001081705 64640
001081706 119520
001081707 134400
001081708 137600
001081709 117920
001081712 45104
001081713 192160
001081714 85440
001081715 96800
001081717 144480
001081718 154080
001081719 197264
001081720 112160
001081721 142240
001081722 69760
001081723 216320
001081724 79360
001081725 123680
001081726 191200
001081727 69280
001081728 90432
001081729 72160
001081730 127840
001081731 207840
001081732 141920
001081733 120160
001081734 73200
001081735 107040
001081736 105168
001081737 206720
001081738 152960
001081740 67840
001081741 61120
001081742 98080
001081743 102720
001081745 89776
001081746 103504
001081747 45280
001081748 87360
001081749 53744
001081750 137760
001081751 90400
001081752 187520
001081753 94720
001081754 87856
001081755 126080
001081756 135840
001081757 80320
001081758 68640
001081759 201504
001081760 123520
001081761 78560
001081762 162240
001081763 207200
001081764 87520
001081765 150240
001081766 106080
001081767 183680
001081768 178240
001081769 95040
001081770 205440
001081771 74080
001081772 82560
001081773 146720
001081776 101600
001081777 160320
001081778 127200
001081779 131200
001081780 106720
001081781 158880
001081782 79200
001081783 50880
001081784 199520
001081785 182880
001081786 58965
001081787 63200
001081788 55840
001081789 94976
001081790 126432
001081791 181440
001081792 111840
001081793 68176
001081794 114720
001081795 107200
001081796 183840
001081797 181120
001081798 66048
001081799 76480
001081800 177760
001090001 67680
001090002 172320
001090003 98400
001090004 117440
001090005 137760
001090006 78080
001090007 92000
001090008 92960
001090009 72960
001090010 98080
001090011 75200
001090012 126400
001090013 87840
001090014 135040
001090015 111680
001090016 157120
001090017 86560
001090018 95840
001090019 129120
001090020 79680
001090021 45280
001090024 61600
001090025 79520
001090026 58400
001090027 54560
001090028 48640
001090029 60160
001090030 61600
001090031 72352
001090032 68960
001090033 88800
001090034 93440
001090036 56320
001090037 75200
001090038 52640
001090039 54880
001090040 64480
001090041 31520
001090042 37280
001090043 63520
001090044 43040
001090046 44144
001090047 42880
001090048 72112
001090049 48640
001090050 51200
001090052 82400
001090053 40320
001090054 41760
001090056 67680
001090057 69120
001090058 62560
001090059 56320
001090060 58080
001090061 55040
001090062 51840
001090063 72960
001090064 55040
001090065 60960
001090067 52320
001090068 70080
001090069 62720
001090070 58720
001090071 55680
001090072 65920
001090073 69280
001090074 76000
001090075 56640
001090076 97600
001090077 50880
001090078 78240
001090079 60640
001090080 41440
001090081 55520
001090082 81600
001090083 56160
001090084 64464
001090085 58720
001090086 60960
001090087 65120
001090088 64640
001090089 94560
001090090 76640
001090091 72480
001090092 109600
001090093 76640
001090094 60640
001090095 73120
001090096 63680
001090097 58240
001090098 87840
001090099 59680
001090100 67680
001090102 60000
001090103 145760
001090104 53920
001090105 56640
001090106 63680
001090107 54400
001090108 48160
001090109 64480
001090110 84800
001090111 79840
001090112 107680
001090113 62720
001090114 134720
001090115 44160
001090117 103040
001090118 57920
001090119 86720
001090120 85120
001090121 109760
001090122 49440
001090123 46560
001090124 132320
001090125 77760
001090126 55040
001090127 56640
001090128 97280
001090129 93760
001090130 75840
001090131 89440
001090132 102720
001090133 134064
001090134 127520
001090135 122880
001090136 132000
001090137 56640
001090138 104000
001090140 55520
001090141 66080
001090144 90560
001090145 51040
001090146 84480
001090147 88160
001090148 55200
001090149 40640
001090150 79680
001090151 117440
001090152 48640
001090153 104000
001090154 92320
001090155 61760
001090156 98880
001090157 92480
001090158 93120
001090159 115840
001090160 127520
001090161 101920
001090162 137440
001090163 84000
001090164 90400
001090166 68960
001090167 171360
001090168 68320
001090170 91200
001090171 107520
001090172 74560
001090173 95200
001090174 115200
001090175 96320
001090176 68800
001090177 61120
001090178 84480
001090179 111680
001090180 64000
001090181 106240
001090182 97440
001090183 72800
001090184 90400
001090185 49920
001090186 121280
001090187 112160
001090188 107520
001090189 73440
001090190 55040
001090191 52960
001090192 97600
001090193 93760
001090194 89440
001090195 61280
001090196 117600
001090197 93120
001090198 46080
001090199 85120
001090200 59840
001090201 104800
001090202 98880
001090203 92960
001090204 76160
001090205 88000
001090206 104000
001090207 67200
001090208 67040
001090209 79680
001090210 114560
001090211 81280
001090212 120320
001090213 93760
001090214 55680
001090215 63840
001090216 38560
001090217 79520
001090218 81760
001090219 119520
001090220 120000
001090221 111360
001090222 60480
001090223 97440
001090224 57760
001090225 64959
001090226 52800
001090227 99520
001090228 123840
001090229 71040
001090230 56320
001090231 46720
001090232 121120
001090233 74080
001090234 79200
001090235 52480
001090236 65760
001090237 87520
001090238 84640
001090239 42720
001090240 84640
001090241 114560
001090242 63840
001090244 40000
001090246 122400
001090247 55520
001090249 90080
001090250 103840
001090251 97120
001090252 129440
001090253 116800
001090254 126400
001090255 57760
001090256 80480
001090257 124160
001090258 92000
001090259 70240
001090260 69280
001090261 48960
001090262 138560
001090263 85920
001090264 71840
001090265 53440
001090266 78560
001090267 69440
001090268 56960
001090269 58400
001090270 56160
001090271 69600
001090273 80640
001090274 84000
001090275 82720
001090276 85760
001090277 101120
001090278 95840
001090279 86720
001090280 89440
001090281 44320
001090283 82720
001090284 107200
001090285 136320
001090286 45280
001090287 115680
001090288 117280
001090289 89760
001090290 96160
001090291 79040
001090292 94560
001090293 74240
001090294 99360
001090295 65120
001090296 89280
001090297 83360
001090298 49120
001090299 83360
001090300 44960
001090301 92640
001090302 110880
001090303 88480
001090304 98240
001090305 109920
001090306 141920
001090307 61280
001090308 83680
001090309 37760
001090310 74080
001090311 105120
001090312 131200
001090313 122720
001090314 108960
001090315 111040
001090316 52000
001090317 54880
001090318 69920
001090319 117440
001090320 128304
001090321 51680
001090322 117600
001090324 117440
001090325 56000
001090326 51040
001090327 65280
001090328 101920
001090329 68480
001090331 81600
001090332 98560
001090333 110240
001090334 128639
001090335 84800
001090336 112320
001090337 71840
001090338 54880
001090339 75360
001090340 55200
001090341 58400
001090342 47360
001090343 90080
001090344 84800
001090345 107360
001090346 86720
001090347 67664
001090349 58720
001090350 113600
001090351 70560
001090352 39200
001090353 100800
001090354 98240
001090355 86880
001090358 71360
001090359 89760
001090360 129600
001090361 120800
001090363 79360
001090364 44000
001090365 47040
001090366 52480
001090367 146720
001090368 49760
001090369 92160
001090370 124000
001090371 103840
001090372 96160
001090373 84480
001090374 85120
001090375 87200
001090376 111840
001090377 103360
001090378 109280
001090379 79840
001090380 46240
001090381 103520
001090383 97440
001090384 98080
001090385 69120
001090386 73280
001090387 131840
001090388 69280
001090389 48640
001090390 132640
001090391 126880
001090392 75520
001090393 100480
001090394 58080
001090395 48800
001090396 77280
001090398 93120
001090399 125440
001090400 60480
001091401 59680
001091402 78240
001091403 66720
001091404 77120
001091405 66240
001091406 56160
001091407 60160
001091408 71648
001091409 45152
001091410 54560
001091411 79840
001091412 73440
001091413 37120
001091414 87040
001091415 57120
001091416 64640
001091418 57120
001091419 52480
001091420 43040
001091422 50560
001091423 47680
001091424 51520
001091425 56320
001091426 61440
001091427 76000
001091428 45760
001091429 45120
001091430 62080
001091431 42080
001091432 67680
001091433 75680
001091434 55680
001091435 54880
001091436 58560
001091438 57920
001091439 73120
001091440 40480
001091441 59520
001091442 62080
001091443 62720
001091444 75360
001091445 52160
001091447 56320
001091448 52640
001091449 56800
001091451 68320
001091452 68480
001091453 72160
001091454 40640
001091456 64959
001091457 69280
001091458 82720
001091459 48896
001091460 61920
001091461 56640
001091462 46720
001091463 65760
001091464 69280
001091465 54720
001091466 63200
001091467 54720
001091468 60160
001091470 65120
001091471 50880
001091473 47056
001091474 48800
001091475 68000
001091476 60640
001091477 67680
001091478 50400
001091479 65920
001091480 77120
001091481 61936
001091482 58240
001091483 50080
001091485 66240
001091487 70400
001091488 54240
001091489 78560
001091490 51360
001091491 49600
001091494 52800
001091495 51840
001091496 62720
001091497 52160
001091498 60800
001091499 57120
001091500 59040
001091502 50080
001091503 83680
001091504 113120
001091505 63840
001091506 135680
001091507 120640
001091508 58400
001091509 67200
001091510 91520
001091511 77760
001091512 59840
001091514 77120
001091515 108640
001091516 78720
001091517 74720
001091518 58240
001091519 111840
001091520 48000
001091521 61600
001091522 62080
001091523 55200
001091524 107360
001091525 51680
001091526 72320
001091528 68000
001091529 92800
001091530 91520
001091531 64000
001091532 53760
001091533 84000
001091534 58560
001091535 91200
001091536 81440
001091537 96800
001091538 108480
001091539 40160
001091540 111040
001091541 115360
001091542 116640
001091543 87360
001091544 71360
001091545 112640
001091546 98560
001091548 59680
001091549 122720
001091550 76800
001091551 52640
001091552 98400
001091553 88320
001091554 139840
001091555 78560
001091556 81920
001091557 79360
001091558 84480
001091559 41920
001091560 102400
001091561 65920
001091562 115360
001091563 48320
001091564 67984
001091565 51200
001091566 108000
001091567 120000
001091568 60960
001091569 115520
001091570 47360
001091571 150080
001091572 100640
001091573 51680
001091574 70880
001091575 95520
001091576 52000
001091577 66560
001091578 72320
001091579 64160
001091581 104000
001091582 80640
001091583 121280
001091584 48000
001091585 127040
001091586 47360
001091587 74720
001091588 57120
001091589 117600
001091590 106880
001091591 51200
001091592 99840
001091593 74240
001091594 119200
001091596 91200
001091597 43360
001091598 86240
001091599 94240
001091600 93120
001091601 36624
001091602 125440
001091603 48160
001091604 104320
001091605 64959
001091606 92160
001091607 96480
001091608 86880
001091609 95520
001091610 107360
001091611 94560
001091612 68320
001091613 45280
001091614 96480
001091616 97760
001091617 100000
001091618 84320
001091619 102240
001091620 66240
001091621 104800
001091622 43040
001091623 88480
001091624 85920
001091625 160640
001091626 104000
001091627 61120
001091628 101920
001091629 129280
001091630 91840
001091631 76000
001091632 113120
001091633 99040
001091634 75040
001091635 72480
001091636 79200
001091637 121280
001091638 84800
001091639 69760
001091641 108160
001091642 60000
001091643 57760
001091644 75200
001091645 106240
001091646 109920
001091647 85120
001091648 96160
001091649 99360
001091650 62240
001091651 72640
001091652 99520
001091653 122880
001091655 59200
001091656 49120
001091658 68800
001091659 106240
001091660 77600
001091661 96800
001091662 150240
001091663 55040
001091664 89440
001091665 104160
001091666 95040
001091667 122880
001091668 51520
001091669 47040
001091670 58400
001091672 89280
001091673 74880
001091674 122560
001091675 78880
001091676 98720
001091677 85600
001091678 59840
001091679 66880
001091680 54080
001091681 102400
001091682 92160
001091683 83360
001091684 78080
001091685 119680
001091686 110720
001091687 97760
001091688 65600
001091689 111040
001091690 74880
001091691 128960
001091692 98560
001091693 50560
001091694 89600
001091695 86880
001091696 102560
001091697 81440
001091698 106880
001091699 119200
001091700 75040
001091701 63360
001091702 87680
001091703 91200
001091704 117760
001091705 117920
001091706 74720
001091707 57440
001091708 59360
001091709 138560
001091711 114080
001091712 58880
001091713 71360
001091714 79680
001091715 38560
001091716 72320
001091717 97600
001091718 62560
001091720 112320
001091721 44800
001091722 65440
001091724 86880
001091725 39840
001091726 92320
001091727 83840
001091728 78400
001091729 56800
001091730 108160
001091731 60320
001091732 99040
001091733 65760
001091734 97760
001091735 142080
001091736 80160
001091738 73440
001091739 57600
001091741 102720
001091742 61440
001091744 125440
001091745 97760
001091746 51520
001091747 92480
001091748 164960
001091749 66880
001091750 51840
001091751 104960
001091752 53120
001091753 82560
001091754 77440
001091755 79360
001091756 124160
001091758 44640
001091759 94720
001091761 79040
001091762 87840
001091763 112800
001091764 57280
001091765 73440
001091766 72320
001091767 55680
001091768 72320
001091769 72640
001091770 55040
001091771 92800
001091772 84640
001091773 84640
001091774 64480
001091775 83840
001091776 100640
001091777 60000
001091778 45920
001091779 99680
001091780 97440
001091782 49440
001091783 148320
001091784 103840
001091787 104320
001091788 61440
001091790 55520
001091791 136160
001091793 117120
001091794 64959
001091795 73440
001091796 112640
001091797 80160
001091798 137920
001091799 95360
001091800 87360
001100003 83680
001100004 119680
001100005 144800
001100006 90448
001100007 115200
001100008 97280
001100009 81120
001100010 109600
001100011 76000
001100012 144304
001100014 154400
001100015 118128
001100016 155200
001100017 88000
001100018 94448
001100019 138336
001100020 91360
001100021 53760
001100022 65552
001100023 74640
001100024 63888
001100025 85600
001100026 60480
001100027 57440
001100028 55520
001100029 64336
001100030 72480
001100031 74560
001100032 68672
001100033 87360
001100034 104624
001100035 47120
001100036 65280
001100037 115764
001100038 66240
001100039 66080
001100040 73456
001100042 40640
001100043 59744
001100044 50080
001100045 43296
001100046 50304
001100047 50240
001100048 84960
001100049 57600
001100050 60640
001100051 47504
001100052 76480
001100053 43680
001100054 46240
001100055 59680
001100056 69344
001100057 77600
001100058 65440
001100059 63840
001100060 67040
001100061 59562
001100062 56640
001100063 93760
001100064 70272
001100065 65600
001100066 58800
001100067 60640
001100068 80960
001100069 71680
001100070 61120
001100071 56848
001100072 70880
001100073 74100
001100074 77460
001100075 63840
001100076 123024
001100077 57280
001100078 90560
001100080 51920
001100081 59680
001100082 91200
001100083 64000
001100084 73760
001100085 70240
001100086 70560
001100087 85280
001100088 93600
001100089 127840
001100090 93440
001100091 101600
001100092 133824
001100093 77808
001100095 78080
001100096 76000
001100097 69920
001100098 98080
001100099 76480
001100100 81600
001100101 84480
001100102 91200
001100103 90080
001100104 157280
001100105 101984
001100106 60048
001100107 64800
001100108 44992
001100109 94080
001100110 148960
001100111 128960
001100112 111040
001100113 82560
001100114 88160
001100115 62720
001100116 60960
001100117 91840
001100118 111360
001100119 58960
001100120 46080
001100121 138240
001100122 188960
001100123 124160
001100124 151664
001100125 154720
001100126 59040
001100127 100480
001100128 91120
001100129 93600
001100130 98880
001100131 116160
001100132 79520
001100134 142880
001100135 96640
001100136 61920
001100137 85600
001100138 88784
001100139 75616
001100140 78880
001100141 95232
001100142 101888
001100143 74880
001100144 104320
001100145 80000
001100146 90944
001100147 134064
001100148 98688
001100149 80960
001100150 61152
001100151 145280
001100152 75840
001100153 109556
001100154 57600
001100155 59280
001100156 147840
001100157 56608
001100158 146880
001100159 176800
001100160 126560
001100161 123344
001100162 75520
001100163 103040
001100164 65920
001100165 76160
001100166 76160
001100167 108000
001100168 67520
001100169 114400
001100170 105312
001100171 137280
001100172 85920
001100173 98400
001100174 93120
001100175 89440
001100177 113760
001100178 88320
001100179 74608
001100180 103040
001100181 76112
001100182 146240
001100183 168960
001100184 61024
001100185 83696
001100186 107680
001100187 92144
001100188 106880
001100189 91200
001100190 126080
001100191 103520
001100192 71600
001100193 128448
001100194 98240
001100195 73280
001100196 44976
001100197 87360
001100198 76640
001100199 101280
001100200 109600
001100201 88320
001100202 54672
001100203 141760
001100204 114880
001100205 115040
001100206 83680
001100207 120480
001100208 78112
001100210 146400
001100211 117856
001100212 68640
001100214 137120
001100215 101514
001100216 105920
001100217 62720
001100218 125120
001100219 66736
001100220 85760
001100221 106560
001100222 68784
001100223 140160
001100224 103680
001100225 74560
001100226 127680
001100227 101440
001100228 94336
001100229 74544
001100230 115360
001100231 101760
001100232 115136
001100233 124832
001100234 71392
001100235 119680
001100236 54816
001100237 88064
001100238 113120
001100239 130880
001100240 78240
001100241 103200
001100242 94240
001100243 91984
001100244 101520
001100245 54720
001100246 152000
001100247 95200
001100248 105760
001100249 56000
001100250 90720
001100251 42432
001100252 128864
001100253 72000
001100254 129120
001100255 129440
001100256 83200
001100257 99680
001100258 90720
001100259 141488
001100260 72448
001100261 100944
001100262 121920
001100263 73280
001100264 148960
001100265 97904
001100266 59920
001100267 174672
001100268 112960
001100269 157920
001100270 60800
001100271 79488
001100272 131520
001100273 62384
001100274 155520
001100275 138240
001100276 83840
001100277 63680
001100278 102240
001100279 156960
001100280 103360
001100281 96640
001100282 161012
001100283 148320
001100284 117760
001100285 112320
001100287 128800
001100288 52368
001100289 122880
001100290 155360
001100291 219840
001100292 83872
001100293 56464
001100294 73600
001100295 58928
001100296 116480
001100297 103520
001100298 69440
001100299 117120
001100301 139904
001100302 106880
001100303 109280
001100304 89280
001100305 134720
001100306 102080
001100307 82240
001100308 71200
001100309 90880
001100310 79040
001100311 82400
001100312 80640
001100313 142880
001100314 195840
001100315 104624
001100316 72416
001100317 137600
001100318 83536
001100319 109600
001100320 138880
001100321 72640
001100322 111840
001100323 88272
001100324 206880
001100325 92000
001100326 160480
001100327 47520
001100328 165440
001100329 53920
001100330 186560
001100331 129120
001100332 111840
001100333 128800
001100334 117600
001100335 54720
001100336 102240
001100337 59520
001100338 71680
001100339 137440
001100340 43840
001100341 116800
001100342 49280
001100343 145440
001100344 162720
001100345 111840
001100346 96960
001100347 72624
001100348 130400
001100349 119680
001100350 149120
001100351 89600
001100352 109920
001100353 114720
001100354 58688
001100355 107840
001100356 108272
001100357 134560
001100358 58400
001100359 133424
001100360 139360
001100361 108800
001100362 115040
001100363 136000
001100364 84800
001100365 109600
001100366 86720
001100367 132640
001100368 136960
001100369 168480
001100370 93652
001100371 77120
001100372 102720
001100373 81920
001100374 65168
001100375 129264
001100377 63680
001100378 88320
001100379 100160
001100380 139200
001100381 109600
001100382 105440
001100383 131840
001100384 120800
001100386 135680
001100387 77120
001100388 82720
001100389 89920
001100390 134560
001100391 119242
001100393 112320
001100394 73600
001100395 63680
001100396 128960
001100397 103680
001100398 89840
001100399 100000
001100400 105120
001101401 68048
001101402 88800
001101403 78528
001101404 91850
001101405 76480
001101406 61600
001101407 71200
001101408 84192
001101409 57536
001101411 86560
001101412 92640
001101413 42560
001101414 97440
001101415 68480
001101416 75360
001101417 107680
001101418 68784
001101419 66880
001101420 54560
001101421 47888
001101422 61920
001101423 54240
001101424 63520
001101425 66400
001101426 67040
001101427 84960
001101428 58880
001101429 55232
001101430 78400
001101431 47680
001101432 80800
001101433 92800
001101434 66400
001101435 59360
001101436 71040
001101438 68480
001101439 87840
001101441 74400
001101442 79888
001101443 79840
001101444 90080
001101445 62240
001101446 86400
001101447 68320
001101448 70880
001101449 65280
001101450 77280
001101451 79360
001101452 81760
001101453 81120
001101454 42240
001101456 94560
001101457 79840
001101458 99616
001101459 61760
001101460 66720
001101461 73648
001101463 74400
001101464 83680
001101465 63680
001101466 71840
001101467 59200
001101468 74080
001101470 66560
001101471 65840
001101474 58400
001101475 78720
001101476 81600
001101477 84160
001101478 61760
001101479 74400
001101480 93280
001101481 69760
001101482 74240
001101483 63520
001101484 58816
001101485 64480
001101487 84640
001101488 62416
001101489 99840
001101490 56640
001101491 59200
001101492 66496
001101493 54256
001101494 61280
001101495 58240
001101497 53408
001101498 67520
001101499 69760
001101500 66560
001101501 112000
001101502 96160
001101503 112960
001101504 126560
001101505 121920
001101506 52480
001101507 62080
001101508 117760
001101509 70240
001101510 68480
001101511 138240
001101512 89760
001101513 53680
001101514 88320
001101515 80800
001101517 160480
001101518 158880
001101519 159040
001101520 131520
001101521 47184
001101522 142560
001101523 121440
001101524 121280
001101525 96960
001101526 57440
001101527 47792
001101528 62240
001101529 81280
001101530 59840
001101531 144000
001101532 64480
001101533 69920
001101534 52480
001101535 69280
001101536 127840
001101537 69280
001101538 117760
001101539 165760
001101540 165120
001101541 95200
001101542 63680
001101543 81600
001101544 121280
001101545 154080
001101546 132000
001101547 71040
001101548 64575
001101549 72000
001101550 174240
001101551 81920
001101552 125120
001101553 73280
001101554 108000
001101555 64080
001101556 145712
001101557 81440
001101558 137760
001101559 78485
001101560 137920
001101561 168480
001101562 99536
001101563 79360
001101564 98080
001101565 174080
001101566 69104
001101567 72000
001101568 68320
001101569 136000
001101570 89920
001101571 59360
001101572 72640
001101573 64319
001101574 80160
001101575 69760
001101576 134400
001101577 130880
001101578 139040
001101579 63040
001101580 118720
001101581 85440
001101582 74400
001101583 100960
001101584 141440
001101585 114144
001101586 77440
001101587 100160
001101588 111360
001101589 117760
001101590 158992
001101591 53424
001101592 109760
001101593 66880
001101594 107200
001101595 92000
001101596 140160
001101597 113600
001101598 122400
001101599 171680
001101601 104464
001101602 58176
001101603 113984
001101604 69920
001101605 48992
001101606 77120
001101607 103840
001101608 82880
001101609 68784
001101610 127040
001101611 84320
001101612 121120
001101613 143360
001101614 47872
001101615 98080
001101616 103040
001101617 54880
001101618 88320
001101619 67040
001101620 72800
001101621 106080
001101622 132000
001101623 70928
001101624 74080
001101625 124160
001101626 128000
001101627 88800
001101628 138720
001101629 93760
001101630 128960
001101631 164000
001101632 120800
001101633 57696
001101634 100800
001101635 72000
001101636 49440
001101637 87200
001101638 117280
001101639 75200
001101640 66608
001101641 134720
001101642 117728
001101643 130656
001101644 137760
001101645 68848
001101646 129904
001101647 69232
001101648 61760
001101649 123520
001101650 75840
001101651 86080
001101652 122208
001101653 71040
001101654 152800
001101655 104960
001101656 85600
001101657 118080
001101658 159680
001101659 130400
001101660 54720
001101661 66576
001101662 61440
001101663 65120
001101664 104160
001101665 51360
001101666 78400
001101667 102880
001101668 108000
001101669 72960
001101670 80000
001101671 90400
001101672 45584
001101673 109280
001101674 123360
001101675 119680
001101676 97760
001101677 152640
001101678 95040
001101679 150240
001101680 53760
001101681 70720
001101682 62496
001101683 90880
001101684 116320
001101685 106240
001101686 61760
001101687 101216
001101689 104320
001101690 80000
001101691 121600
001101692 115200
001101693 179360
001101694 96000
001101695 87520
001101696 148800
001101697 71520
001101698 81536
001101699 113120
001101700 61200
001101701 68800
001101702 131200
001101703 108160
001101704 76880
001101705 117760
001101706 112160
001101707 64800
001101708 146560
001101709 114160
001101710 94256
001101711 111338
001101712 149120
001101713 73280
001101714 74832
001101715 76640
001101716 129919
001101717 62720
001101718 60320
001101719 84800
001101720 88848
001101721 150240
001101722 104948
001101723 60672
001101724 97280
001101726 101920
001101727 94240
001101728 74240
001101729 105760
001101730 93920
001101731 100800
001101732 152480
001101733 113440
001101734 92896
001101735 123520
001101736 120000
001101737 61280
001101738 109408
001101739 69440
001101740 128639
001101741 65760
001101742 86576
