001001547 16
001001548 27
001001549 12
001001550 18
001001551 15
001001552 23
001001554 31
001001555 10
001001556 11
001001557 24
001001558 22
001001560 22
001001561 15
001001562 20
001001563 23
001001564 16
001001565 24
001001566 7
001001567 37
001001568 6
001001569 17
001001571 29
001001572 25
001001574 15
001001575 24
001001576 26
001001577 9
001001578 16
001001579 20
001001581 25
001001582 35
001001583 27
001001584 17
001001585 27
001001586 32
001001587 15
001001588 12
001001589 6
001001590 18
001001591 29
001001592 18
001001593 11
001001594 27
001001595 22
001001596 19
001001598 15
001001599 45
001001600 23
001001601 30
001001602 27
001001603 13
001001604 25
001001605 17
001001606 15
001001607 26
001001608 19
001001609 20
001001610 10
001001611 15
001001612 23
001001613 32
001001614 10
001001615 16
001001616 11
001001617 14
001001618 23
001001619 18
001001620 5
001001621 17
001001622 24
001001623 21
001001624 15
001001625 27
001001626 24
001001627 12
001001628 26
001001629 29
001001630 9
001001631 6
001001632 19
001001633 27
001001634 24
001001635 11
001001636 22
001001637 12
001001638 32
001001639 7
001001640 18
001001641 23
001001642 15
001001643 16
001001644 16
001001645 22
001001646 14
001001647 20
001001648 31
001001649 15
001001650 23
001001651 25
001001652 19
001001655 12
001001656 5
001001657 35
001001659 12
001001660 23
001001661 21
001001662 27
001001663 15
001001664 18
001001665 14
001001667 24
001001668 33
001001669 19
001001670 16
001001671 15
001001672 40
001001673 18
001001674 32
001001676 17
001001677 11
001001678 7
001001679 23
001001680 18
001001681 24
001001682 22
001001683 13
001001684 27
001001685 24
001001686 21
001001687 19
001001689 20
001001690 28
001001691 12
001001692 31
001001693 17
001001694 27
001001695 18
001001696 15
001001697 27
001001698 28
001001699 19
001001700 15
001001702 17
001001703 13
001001704 21
001001705 15
001001706 16
001001707 5
001001708 16
001001709 12
001001710 13
001001711 23
001001712 12
001001713 17
001001714 26
001001715 12
001001716 27
001001717 10
001001718 10
001001719 25
001001720 9
001001721 9
001001722 20
001001723 27
001001724 20
001001725 19
001001726 9
001001727 21
001001728 26
001001729 16
001001730 10
001001731 14
001001732 19
001001733 20
001001734 27
001001735 7
001001736 17
001001737 23
001001739 16
001001740 12
001001741 16
001001742 23
001001743 27
001001744 26
001001745 17
001001746 31
001001747 21
001001748 23
001001749 17
001001750 16
001001751 22
001001752 11
001001753 21
001001754 20
001001755 16
001001756 16
001001757 18
001001758 30
001001759 15
001001760 23
001001761 27
001001763 28
001001764 16
001001765 14
001001767 13
001001768 31
001001769 21
001001770 25
001001771 22
001001772 32
001001773 16
001001774 20
001001775 11
001001776 25
001001777 17
001001778 27
001001780 19
001001781 14
001001782 8
001001783 11
001001784 16
001001785 12
001001786 12
001001787 9
001001788 30
001001789 24
001001790 34
001001791 28
001001793 21
001001795 7
001001796 8
001001797 19
001001798 22
001001799 18
001001800 30
001010001 10
001010002 41
001010003 16
001010005 36
001010006 21
001010007 30
001010008 24
001010009 14
001010010 27
001010011 20
001010012 34
001010014 37
001010015 27
001010016 46
001010017 17
001010019 42
001010020 23
001010021 7
001010024 12
001010025 20
001010026 8
001010027 12
001010028 8
001010029 11
001010030 14
001010031 15
001010032 19
001010033 20
001010034 20
001010036 8
001010037 17
001010038 10
001010039 11
001010040 14
001010041 4
001010042 4
001010043 14
001010044 10
001010045 6
001010046 9
001010047 10
001010048 15
001010049 7
001010050 14
001010052 17
001010053 8
001010054 7
001010057 16
001010058 14
001010059 9
001010060 14
001010061 17
001010062 11
001010063 20
001010064 13
001010065 18
001010067 11
001010068 13
001010070 19
001010071 14
001010072 12
001010073 15
001010074 14
001010075 13
001010077 7
001010078 17
001010079 14
001010081 13
001010082 17
001010083 14
001010084 13
001010085 11
001010086 14
001010087 15
001010088 15
001010089 21
001010090 22
001010091 15
001010093 16
001010094 13
001010095 14
001010096 14
001010097 13
001010098 19
001010100 17
001010105 12
001010106 13
001010107 10
001010108 8
001010110 14
001010111 22
001010112 12
001010113 14
001010114 31
001010115 12
001010116 20
001010118 17
001010120 17
001010121 15
001010122 18
001010125 22
001010127 17
001010128 16
001010129 14
001010130 19
001010131 31
001010132 16
001010133 21
001010134 27
001010135 19
001010136 16
001010137 16
001010138 9
001010139 20
001010141 18
001010142 23
001010144 7
001010146 22
001010147 17
001010148 9
001010150 21
001010151 27
001010152 18
001010155 9
001010156 23
001010161 22
001010162 19
001010163 26
001010164 26
001010165 11
001010167 24
001010168 37
001010169 12
001010170 19
001010171 19
001010172 35
001010173 13
001010174 25
001010175 10
001010177 21
001010179 8
001010180 16
001010182 34
001010183 9
001010184 11
001010185 16
001010188 12
001010189 18
001010191 6
001010192 5
001010193 18
001010195 20
001010196 15
001010197 20
001010199 31
001010200 11
001010202 22
001010203 21
001010206 30
001010207 9
001010208 13
001010209 13
001010210 8
001010213 27
001010218 16
001010219 20
001010220 7
001010221 19
001010222 32
001010224 25
001010225 14
001010227 22
001010228 18
001010229 8
001010230 8
001010231 22
001010232 24
001010234 36
001010235 25
001010236 16
001010237 16
001010238 10
001010240 25
001010241 12
001010242 20
001010243 7
001010244 11
001010245 20
001010246 9
001010247 18
001010248 17
001010251 23
001010252 6
001010253 11
001010255 22
001010257 20
001010258 29
001010260 16
001010261 24
001010262 29
001010263 23
001010264 18
001010265 11
001010267 19
001010268 8
001010269 12
001010270 27
001010271 18
001010273 38
001010275 20
001010276 5
001010277 16
001010278 39
001010279 15
001010280 31
001010283 25
001010284 19
001010286 9
001010288 7
001010289 10
001010291 19
001010292 19
001010293 14
001010294 24
001010295 18
001010297 21
001010298 29
001010299 31
001010301 25
001010302 12
001010303 9
001010304 26
001010305 13
001010306 13
001010307 18
001010308 19
001010309 6
001010310 24
001010312 13
001010313 10
001010316 29
001010317 26
001010318 19
001010320 27
001010324 21
001010325 24
001010326 30
001010327 25
001010328 15
001010329 8
001010331 33
001010332 10
001010333 14
001010334 24
001010336 14
001010339 17
001010341 22
001010342 25
001010344 9
001010347 8
001010349 23
001010350 25
001010351 22
001010352 12
001010354 19
001010355 20
001010356 17
001010357 8
001010358 25
001010359 20
001010360 16
001010361 14
001010362 17
001010364 10
001010366 26
001010369 29
001010370 35
001010371 24
001010373 18
001010374 25
001010375 8
001010376 12
001010378 27
001010379 12
001010381 19
001010382 20
001010383 17
001010384 21
001010386 9
001010387 20
001010388 10
001010390 27
001010391 15
001010392 14
001010393 19
001010395 19
001010399 6
001010400 31
001011402 18
001011403 13
001011405 12
001011406 15
001011407 17
001011408 16
001011409 10
001011411 19
001011412 21
001011413 6
001011414 18
001011415 11
001011416 13
001011418 12
001011422 13
001011423 10
001011424 15
001011425 10
001011428 10
001011429 15
001011430 17
001011431 14
001011432 20
001011433 19
001011434 14
001011435 10
001011436 12
001011438 16
001011440 8
001011441 17
001011443 17
001011444 19
001011445 15
001011447 11
001011448 16
001011449 13
001011450 16
001011451 21
001011452 25
001011453 14
001011454 6
001011457 13
001011458 23
001011459 15
001011460 15
001011463 21
001011464 16
001011465 13
001011466 19
001011467 9
001011470 18
001011471 14
001011473 12
001011474 8
001011475 20
001011476 13
001011478 14
001011479 17
001011480 33
001011482 14
001011483 17
001011485 10
001011487 18
001011488 12
001011489 25
001011490 13
001011491 15
001011494 13
001011495 12
001011496 21
001011497 15
001011498 15
001011499 14
001011500 18
001011501 12
001011503 33
001011504 18
001011506 10
001011510 31
001011511 9
001011512 21
001011514 20
001011515 19
001011516 18
001011517 8
001011518 21
001011519 25
001011521 16
001011522 7
001011523 14
001011524 30
001011525 15
001011527 22
001011528 13
001011529 29
001011530 17
001011531 35
001011532 21
001011533 8
001011534 36
001011535 16
001011536 20
001011537 28
001011538 32
001011539 14
001011540 10
001011542 24
001011543 10
001011544 13
001011546 12
001011548 16
001011549 23
001011550 23
001011552 32
001011555 15
001011559 18
001011560 7
001011562 13
001011563 13
001011564 9
001011565 17
001011566 33
001011568 21
001011569 8
001011570 29
001011571 23
001011574 14
001011579 25
001011584 33
001011585 27
001011586 33
001011588 16
001011589 25
001011590 17
001011596 13
001011597 5
001011600 20
001011601 12
001011602 20
001011603 17
001011604 15
001011605 19
001011606 7
001011610 23
001011611 27
001011613 17
001011615 12
001011616 11
001011617 31
001011618 21
001011619 34
001011621 27
001011623 10
001011624 23
001011625 19
001011626 12
001011628 31
001011630 14
001011631 12
001011632 7
001011633 15
001011634 47
001011635 22
001011639 36
001011640 24
001011643 19
001011645 29
001011646 25
001011647 35
001011648 38
001011652 7
001011654 21
001011655 28
001011656 38
001011657 10
001011658 25
001011659 14
001011660 25
001011661 24
001011666 19
001011667 25
001011668 9
001011669 24
001011671 16
001011672 21
001011673 18
001011676 18
001011677 28
001011678 20
001011679 11
001011680 24
001011683 29
001011684 12
001011686 25
001011692 16
001011693 22
001011694 20
001011695 10
001011696 26
001011697 18
001011698 21
001011700 23
001011701 12
001011702 25
001011705 17
001011706 18
001011707 25
001011708 19
001011709 6
001011710 21
001011711 17
001011712 9
001011713 14
001011715 16
001011717 21
001011718 24
001011720 15
001011721 14
001011722 23
001011723 16
001011724 5
001011725 7
001011727 30
001011728 11
001011729 18
001011730 10
001011731 30
001011733 6
001011734 14
001011735 19
001011736 25
001011737 8
001011739 28
001011741 25
001011743 7
001011744 28
001011745 33
001011747 32
001011748 12
001011749 26
001011750 22
001011751 17
001011752 24
001011753 25
001011754 21
001011755 13
001011757 31
001011759 15
001011760 11
001011761 22
001011763 22
001011764 21
001011765 22
001011767 27
001011768 13
001011770 22
001011771 13
001011774 22
001011775 41
001011777 33
001011778 31
001011780 11
001011782 14
001011783 16
001011784 19
001011785 14
001011786 17
001011790 28
001011791 21
001011792 9
001011793 8
001011795 20
001011796 11
001011797 20
001011798 14
001011800 13
001020001 10
001020002 43
001020003 16
001020005 35
001020007 29
001020009 14
001020011 18
001020012 32
001020014 35
001020015 28
001020016 46
001020017 19
001020019 42
001020021 7
001020022 11
001020023 14
001020025 22
001020026 8
001020027 12
001020029 11
001020030 14
001020036 8
001020037 19
001020038 10
001020039 11
001020040 14
001020041 4
001020042 4
001020043 14
001020044 10
001020046 9
001020047 10
001020048 15
001020049 7
001020050 14
001020052 17
001020053 8
001020054 9
001020056 13
001020057 18
001020058 14
001020059 9
001020060 14
001020061 17
001020062 11
001020063 20
001020064 12
001020065 15
001020068 13
001020071 14
001020072 11
001020073 15
001020074 14
001020075 13
001020076 18
001020077 7
001020078 20
001020079 14
001020080 14
001020081 13
001020082 17
001020083 11
001020084 15
001020085 11
001020086 14
001020087 15
001020088 15
001020089 21
001020090 22
001020091 15
001020092 34
001020095 14
001020096 14
001020097 13
001020098 18
001020101 22
001020102 23
001020104 6
001020105 28
001020106 13
001020109 13
001020110 32
001020111 22
001020112 15
001020113 41
001020114 28
001020115 31
001020116 38
001020117 10
001020118 28
001020119 17
001020120 11
001020121 14
001020122 9
001020123 18
001020125 16
001020126 23
001020127 28
001020129 7
001020130 5
001020131 22
001020133 21
001020134 15
001020135 29
001020136 13
001020137 33
001020139 23
001020140 39
001020141 14
001020142 26
001020143 19
001020144 18
001020146 29
001020147 33
001020149 15
001020150 26
001020153 28
001020155 12
001020156 23
001020157 7
001020159 19
001020160 28
001020161 6
001020162 28
001020163 18
001020164 11
001020165 14
001020166 22
001020167 27
001020169 24
001020173 17
001020174 7
001020176 28
001020177 12
001020178 15
001020180 17
001020181 19
001020183 23
001020184 31
001020185 18
001020186 17
001020187 23
001020188 26
001020189 14
001020191 10
001020192 16
001020193 20
001020194 29
001020195 13
001020197 15
001020198 18
001020199 19
001020201 23
001020203 34
001020205 23
001020206 19
001020207 10
001020208 19
001020209 18
001020211 17
001020214 36
001020215 27
001020216 26
001020218 15
001020219 33
001020220 19
001020221 11
001020222 24
001020223 13
001020225 25
001020226 19
001020227 13
001020230 28
001020232 38
001020233 19
001020234 17
001020235 15
001020239 24
001020240 18
001020242 18
001020246 32
001020247 33
001020248 25
001020251 18
001020252 14
001020255 23
001020256 19
001020257 36
001020264 10
001020266 11
001020270 17
001020271 16
001020272 33
001020273 9
001020274 36
001020275 18
001020279 21
001020280 16
001020281 23
001020282 13
001020283 8
001020285 16
001020286 9
001020290 16
001020291 13
001020293 13
001020299 27
001020302 14
001020303 26
001020307 39
001020315 23
001020317 18
001020320 23
001020322 10
001020323 23
001020325 34
001020326 21
001020327 22
001020329 10
001020330 22
001020331 14
001020333 33
001020335 23
001020336 10
001020337 14
001020339 17
001020341 27
001020342 20
001020343 7
001020344 26
001020345 12
001020346 13
001020347 22
001020348 24
001020349 11
001020351 31
001020352 27
001020353 45
001020354 21
001020355 8
001020356 11
001020358 7
001020359 16
001020360 18
001020361 6
001020363 19
001020364 28
001020365 33
001020366 22
001020367 28
001020368 32
001020369 17
001020370 7
001020371 20
001020372 19
001020373 23
001020374 8
001020375 45
001020376 21
001020378 34
001020379 17
001020380 12
001020381 12
001020382 25
001020383 27
001020384 14
001020386 23
001020388 23
001020389 6
001020390 47
001020392 18
001020393 17
001020394 16
001020397 19
001020399 8
001020400 22
001021401 12
001021402 18
001021403 13
001021404 21
001021405 13
001021406 15
001021407 17
001021408 19
001021409 10
001021410 15
001021411 26
001021412 21
001021413 6
001021414 22
001021415 11
001021416 13
001021417 18
001021418 12
001021419 16
001021420 14
001021421 8
001021422 13
001021423 12
001021424 17
001021425 10
001021426 12
001021427 22
001021428 10
001021429 17
001021430 15
001021431 14
001021432 20
001021433 21
001021434 14
001021435 10
001021436 12
001021437 13
001021438 16
001021439 19
001021440 8
001021441 17
001021442 21
001021443 39
001021444 16
001021445 15
001021446 18
001021447 12
001021448 18
001021449 12
001021450 16
001021451 21
001021452 26
001021453 14
001021454 6
001021455 21
001021456 16
001021457 13
001021458 23
001021459 14
001021460 13
001021461 16
001021462 14
001021463 21
001021464 14
001021465 13
001021466 20
001021467 15
001021468 15
001021469 19
001021470 18
001021471 14
001021472 20
001021473 10
001021474 8
001021475 21
001021476 13
001021477 13
001021478 14
001021479 17
001021480 33
001021481 12
001021482 14
001021483 21
001021484 12
001021485 12
001021486 8
001021487 17
001021488 16
001021489 26
001021490 13
001021491 17
001021492 16
001021493 12
001021494 17
001021495 11
001021496 19
001021497 17
001021498 15
001021499 13
001021500 18
001021501 27
001021502 8
001021503 16
001021504 26
001021505 5
001021506 19
001021507 23
001021508 12
001021509 32
001021510 12
001021511 24
001021512 23
001021513 16
001021514 30
001021515 14
001021516 23
001021517 31
001021518 19
001021519 6
001021520 21
001021521 18
001021522 14
001021523 35
001021524 23
001021525 10
001021526 18
001021527 27
001021528 8
001021529 15
001021530 14
001021531 5
001021532 24
001021533 20
001021534 30
001021535 18
001021536 31
001021537 19
001021538 18
001021539 31
001021540 16
001021541 20
001021542 22
001021543 13
001021544 10
001021545 14
001021546 23
001021547 15
001021548 6
001021549 20
001021550 8
001021551 8
001021552 14
001021553 23
001021554 32
001021555 12
001021556 27
001021557 31
001021558 27
001021559 21
001021560 28
001021561 14
001021562 20
001021563 20
001021564 17
001021565 13
001021566 30
001021567 9
001021568 20
001021569 17
001021570 8
001021571 18
001021572 29
001021573 17
001021574 20
001021575 26
001021576 15
001021577 25
001021578 27
001021579 16
001021580 10
001021581 9
001021582 32
001021583 13
001021584 15
001021585 22
001021586 16
001021587 41
001021588 28
001021589 26
001021590 34
001021592 21
001021593 33
001021594 26
001021595 17
001021596 31
001021597 35
001021598 13
001021599 22
001021600 19
001021601 24
001021602 12
001021603 18
001021604 31
001021605 22
001021606 8
001021607 18
001021608 13
001021609 13
001021610 17
001021611 30
001021612 26
001021613 28
001021614 23
001021615 13
001021616 18
001021617 16
001021618 35
001021619 38
001021620 27
001021621 35
001021622 20
001021623 27
001021624 13
001021625 24
001021626 18
001021627 13
001021628 22
001021629 23
001021630 10
001021631 28
001021632 12
001021633 25
001021634 14
001021635 14
001021636 7
001021637 11
001021638 21
001021639 22
001021640 18
001040001 10
001040002 41
001040003 16
001040004 33
001040005 35
001040006 21
001040007 30
001040008 24
001040009 14
001040010 27
001040011 20
001040012 34
001040013 20
001040014 37
001040015 27
001040016 46
001040017 17
001040018 25
001040019 41
001040020 23
001040021 7
001040024 11
001040025 20
001040026 8
001040027 12
001040029 11
001040030 14
001040031 15
001040032 19
001040033 20
001040034 20
001040036 8
001040037 17
001040038 10
001040040 14
001040041 4
001040042 4
001040043 13
001040044 10
001040045 6
001040046 9
001040047 10
001040048 15
001040049 7
001040050 14
001040052 17
001040053 8
001040054 7
001040055 12
001040056 13
001040057 16
001040058 14
001040059 9
001040060 14
001040061 17
001040062 11
001040063 20
001040064 13
001040065 18
001040066 8
001040067 11
001040068 13
001040069 19
001040070 18
001040071 13
001040072 12
001040073 15
001040074 14
001040075 13
001040076 18
001040077 7
001040078 20
001040079 14
001040080 10
001040082 17
001040083 13
001040084 13
001040085 11
001040086 14
001040087 15
001040089 21
001040090 22
001040091 15
001040092 34
001040093 17
001040094 13
001040095 14
001040096 14
001040097 13
001040098 19
001040099 17
001040100 17
001040101 20
001040102 22
001040103 24
001040104 12
001040105 14
001040106 18
001040107 16
001040108 31
001040110 19
001040111 10
001040112 24
001040113 21
001040114 22
001040115 6
001040116 23
001040117 17
001040118 17
001040119 12
001040121 11
001040122 15
001040125 22
001040126 28
001040127 10
001040128 25
001040129 16
001040130 10
001040131 12
001040132 10
001040133 22
001040134 14
001040135 16
001040136 9
001040137 15
001040138 35
001040139 17
001040140 15
001040143 13
001040144 21
001040145 23
001040146 5
001040147 11
001040148 23
001040149 25
001040150 31
001040151 34
001040153 11
001040154 20
001040155 30
001040156 19
001040157 17
001040158 18
001040159 19
001040160 29
001040161 11
001040162 21
001040163 17
001040164 28
001040165 17
001040166 12
001040167 20
001040169 26
001040170 17
001040171 21
001040174 5
001040175 19
001040176 31
001040177 25
001040178 7
001040179 23
001040180 16
001040181 8
001040184 24
001040185 25
001040186 16
001040187 34
001040189 24
001040190 35
001040191 21
001040192 22
001040194 16
001040195 20
001040196 22
001040198 15
001040199 17
001040200 35
001040201 12
001040202 22
001040203 39
001040206 8
001040207 16
001040208 20
001040209 25
001040210 24
001040211 9
001040212 16
001040213 10
001040214 24
001040215 18
001040216 28
001040217 14
001040218 24
001040219 24
001040220 21
001040221 14
001040222 10
001040223 25
001040224 20
001040225 18
001040227 22
001040229 15
001040230 18
001040231 12
001040232 10
001040233 19
001040234 27
001040237 14
001040239 21
001040240 27
001040242 27
001040243 12
001040244 18
001040245 6
001040246 23
001040247 15
001040249 9
001040251 23
001040252 15
001040255 11
001040258 33
001040262 34
001040263 26
001040265 51
001040266 19
001040267 12
001040268 10
001040270 19
001040271 30
001040272 16
001040273 28
001040274 12
001040275 12
001040277 10
001040278 41
001040279 24
001040281 16
001040282 27
001040286 20
001040288 10
001040289 29
001040291 27
001040292 20
001040293 34
001040294 16
001040296 14
001040297 39
001040298 9
001040299 29
001040300 46
001040301 15
001040304 13
001040305 37
001040307 25
001040308 30
001040311 29
001040314 33
001040315 14
001040316 26
001040317 29
001040318 25
001040319 32
001040320 16
001040322 25
001040323 32
001040326 32
001040327 22
001040328 14
001040331 10
001040332 9
001040333 14
001040335 14
001040337 27
001040338 13
001040342 26
001040343 18
001040344 18
001040345 33
001040349 24
001040350 6
001040352 21
001040354 41
001040357 13
001040359 33
001040361 12
001040362 19
001040363 24
001040364 18
001040366 19
001040372 11
001040376 15
001040377 16
001040381 19
001040386 20
001040387 27
001040389 15
001040393 13
001040399 28
001041401 12
001041402 18
001041403 13
001041404 21
001041405 13
001041406 15
001041407 17
001041408 16
001041409 10
001041411 19
001041412 21
001041413 6
001041414 19
001041415 11
001041416 13
001041418 12
001041422 13
001041423 10
001041424 15
001041425 10
001041426 11
001041427 22
001041428 10
001041429 15
001041430 17
001041431 14
001041432 20
001041433 19
001041435 10
001041436 12
001041437 12
001041438 16
001041440 8
001041441 17
001041443 17
001041444 19
001041445 15
001041446 21
001041447 11
001041448 16
001041449 12
001041450 16
001041451 22
001041452 25
001041453 15
001041454 6
001041455 19
001041456 19
001041457 12
001041458 23
001041459 15
001041460 15
001041463 21
001041464 16
001041465 13
001041466 19
001041467 9
001041469 19
001041470 18
001041471 14
001041473 12
001041474 7
001041475 18
001041476 13
001041477 13
001041478 14
001041479 17
001041480 33
001041482 14
001041483 18
001041484 15
001041487 18
001041488 15
001041489 25
001041491 15
001041492 16
001041493 11
001041494 13
001041496 21
001041497 15
001041498 15
001041501 11
001041503 16
001041505 21
001041506 20
001041507 26
001041508 24
001041509 27
001041510 26
001041511 12
001041514 18
001041515 29
001041516 6
001041517 15
001041518 13
001041519 21
001041520 12
001041522 16
001041523 9
001041524 14
001041525 28
001041526 22
001041528 11
001041529 25
001041530 26
001041531 25
001041532 9
001041533 16
001041534 12
001041536 10
001041537 11
001041538 8
001041539 11
001041540 24
001041541 22
001041542 23
001041543 13
001041544 28
001041545 24
001041546 12
001041547 20
001041548 13
001041550 18
001041552 10
001041553 15
001041554 10
001041555 39
001041556 14
001041557 21
001041558 13
001041559 13
001041560 21
001041561 13
001041562 16
001041563 10
001041564 14
001041565 14
001041566 13
001041567 45
001041568 12
001041569 15
001041570 49
001041571 14
001041573 26
001041574 18
001041575 8
001041576 19
001041577 6
001041578 16
001041579 5
001041580 22
001041581 8
001041582 23
001041583 7
001041584 6
001041585 33
001041586 25
001041587 6
001041588 10
001041594 26
001041595 12
001041596 25
001041597 23
001041599 21
001041600 20
001041601 23
001041602 18
001041603 24
001041605 21
001041606 23
001041607 18
001041608 29
001041609 23
001041610 15
001041612 30
001041614 26
001041615 11
001041616 21
001041618 26
001041619 22
001041620 15
001041621 13
001041622 14
001041623 19
001041624 34
001041625 25
001041626 27
001041627 20
001041628 21
001041629 18
001041630 27
001041631 8
001041632 36
001041633 24
001041634 21
001041635 18
001041636 26
001041638 22
001041639 15
001041642 23
001041643 15
001041644 15
001041645 9
001041646 6
001041647 31
001041649 21
001041650 11
001041651 14
001041652 29
001041653 15
001041654 19
001041655 27
001041656 18
001041658 16
001041659 15
001041660 35
001041661 11
001041662 26
001041663 33
001041664 6
001041666 31
001041667 11
001041670 17
001041671 5
001041672 11
001041674 15
001041675 11
001041676 27
001041678 27
001041679 20
001041680 7
001041682 24
001041683 15
001041684 34
001041685 9
001041686 9
001041687 12
001041688 14
001041691 7
001041692 14
001041693 12
001041694 50
001041695 23
001041696 13
001041697 20
001041698 24
001041699 9
001041701 13
001041702 36
001041703 40
001041704 26
001041706 24
001041707 14
001041708 34
001041710 9
001041711 18
001041712 20
001041714 36
001041715 25
001041719 18
001041720 22
001041721 17
001041722 20
001041724 18
001041725 11
001041727 12
001041728 18
001041729 18
001041730 11
001041731 20
001041732 17
001041734 29
001041737 28
001041738 26
001041739 10
001041741 24
001041742 15
001041743 18
001041745 13
001041747 15
001041748 23
001041749 18
001041750 13
001041751 9
001041752 17
001041754 23
001041757 28
001041759 23
001041760 24
001041761 19
001041764 8
001041765 10
001041768 17
001041769 18
001041770 9
001041772 8
001041773 19
001041774 19
001041775 31
001041777 27
001041778 28
001041779 20
001041780 18
001041781 16
001041782 19
001041784 26
001041785 11
001041789 24
001041790 21
001041792 26
001041793 36
001041795 17
001041799 27
001050001 10
001050002 41
001050003 16
001050004 33
001050005 35
001050007 30
001050008 24
001050009 19
001050010 27
001050011 20
001050012 34
001050014 37
001050015 27
001050016 46
001050017 18
001050018 25
001050019 42
001050020 23
001050021 7
001050022 11
001050024 12
001050025 20
001050026 8
001050027 12
001050028 7
001050030 14
001050031 15
001050032 19
001050033 20
001050034 20
001050035 7
001050036 8
001050037 17
001050038 10
001050039 11
001050040 14
001050042 4
001050043 14
001050044 10
001050045 6
001050046 9
001050047 10
001050048 15
001050049 7
001050050 14
001050052 17
001050053 8
001050056 13
001050058 14
001050059 9
001050060 14
001050061 17
001050062 11
001050063 20
001050064 13
001050065 18
001050067 11
001050068 13
001050069 20
001050071 14
001050073 15
001050074 14
001050075 13
001050076 18
001050077 7
001050078 20
001050079 14
001050082 17
001050084 13
001050085 11
001050086 14
001050087 15
001050088 15
001050089 21
001050090 22
001050092 35
001050093 16
001050094 13
001050095 14
001050097 13
001050098 19
001050099 17
001050100 17
001050101 26
001050103 12
001050104 14
001050105 29
001050106 18
001050107 22
001050108 7
001050110 23
001050111 7
001050114 9
001050116 8
001050117 23
001050118 21
001050119 32
001050121 13
001050122 8
001050123 14
001050124 17
001050125 11
001050127 5
001050128 18
001050129 13
001050130 28
001050131 30
001050133 19
001050134 9
001050135 26
001050136 13
001050137 32
001050138 6
001050139 12
001050140 16
001050141 23
001050142 43
001050143 37
001050146 8
001050147 14
001050150 37
001050151 22
001050153 17
001050154 12
001050155 14
001050157 17
001050158 31
001050159 25
001050160 32
001050163 21
001050168 20
001050171 13
001050172 17
001050179 25
001050184 17
001050186 18
001050191 30
001050192 23
001050193 26
001050194 15
001050195 11
001050196 19
001050199 26
001050200 35
001050201 21
001050202 29
001050203 30
001050205 12
001050206 6
001050207 29
001050210 22
001050211 29
001050212 23
001050213 12
001050214 21
001050215 29
001050216 13
001050217 17
001050218 15
001050219 9
001050220 7
001050221 22
001050222 21
001050223 12
001050224 25
001050225 28
001050226 7
001050228 7
001050229 25
001050230 16
001050232 26
001050234 14
001050235 14
001050237 18
001050238 33
001050239 5
001050244 32
001050245 21
001050246 17
001050247 12
001050248 6
001050249 16
001050250 7
001050251 7
001050252 14
001050253 14
001050254 31
001050255 32
001050256 19
001050258 37
001050259 20
001050260 16
001050261 24
001050262 11
001050263 8
001050264 26
001050265 8
001050266 18
001050267 22
001050268 8
001050269 14
001050270 10
001050271 12
001050272 15
001050273 18
001050274 26
001050275 8
001050276 8
001050277 8
001050279 14
001050280 15
001050281 17
001050282 16
001050283 15
001050284 5
001050285 7
001050286 22
001050287 21
001050288 21
001050289 17
001050290 21
001050291 29
001050292 19
001050293 11
001050294 15
001050296 10
001050297 24
001050298 18
001050299 18
001050300 10
001050301 6
001050302 12
001050303 16
001050304 9
001050305 14
001050306 26
001050308 15
001050309 17
001050310 8
001050312 17
001050313 8
001050314 7
001050315 11
001050316 22
001050317 40
001050318 30
001050319 29
001050320 6
001050321 27
001050322 11
001050323 29
001050324 24
001050325 22
001050326 21
001050327 9
001050328 37
001050329 15
001050330 21
001050332 29
001050334 14
001050335 17
001050336 12
001050338 21
001050341 21
001050343 13
001050344 28
001050345 31
001050346 23
001050347 24
001050348 17
001050349 11
001050350 27
001050351 18
001050352 14
001050354 9
001050355 25
001050356 24
001050358 20
001050359 11
001050360 19
001050361 24
001050362 13
001050363 22
001050364 16
001050366 38
001050368 9
001050371 19
001050372 24
001050374 30
001050376 27
001050377 34
001050378 6
001050379 14
001050380 18
001050381 25
001050382 31
001050383 15
001050384 23
001050385 16
001050386 25
001050387 24
001050389 23
001050390 13
001050391 12
001050393 10
001050394 11
001050395 14
001050396 25
001050397 21
001050398 36
001050399 16
001050400 24
001051401 12
001051402 18
001051403 13
001051404 21
001051405 13
001051406 21
001051407 17
001051408 16
001051409 10
001051411 19
001051412 21
001051413 6
001051414 19
001051415 11
001051416 13
001051418 12
001051419 16
001051420 14
001051422 13
001051423 10
001051424 15
001051425 10
001051426 12
001051428 10
001051430 17
001051431 14
001051432 20
001051433 19
001051434 14
001051435 10
001051436 12
001051438 16
001051440 8
001051441 17
001051443 18
001051444 19
001051445 15
001051446 21
001051447 11
001051448 22
001051449 12
001051450 16
001051451 21
001051453 15
001051454 6
001051456 26
001051457 13
001051458 23
001051459 15
001051460 15
001051463 21
001051464 22
001051465 13
001051466 19
001051467 9
001051468 15
001051470 18
001051471 14
001051473 17
001051474 8
001051475 20
001051476 19
001051477 13
001051478 14
001051480 39
001051481 12
001051482 14
001051483 17
001051484 15
001051485 10
001051487 24
001051488 15
001051489 25
001051490 13
001051491 15
001051492 16
001051493 11
001051494 13
001051495 12
001051496 21
001051497 15
001051498 15
001051499 14
001051500 18
001051501 24
001051503 8
001051504 14
001051505 25
001051506 26
001051507 19
001051508 10
001051509 14
001051511 36
001051512 38
001051513 17
001051514 26
001051515 12
001051516 17
001051519 21
001051520 15
001051521 23
001051522 26
001051524 8
001051525 20
001051526 9
001051527 19
001051528 14
001051529 11
001051530 14
001051531 10
001051532 10
001051534 24
001051535 46
001051536 13
001051537 22
001051538 12
001051539 9
001051540 24
001051541 20
001051542 24
001051543 33
001051544 36
001051545 12
001051546 29
001051547 27
001051548 20
001051549 17
001051550 32
001051551 14
001051552 8
001051553 11
001051554 11
001051555 19
001051556 22
001051557 28
001051559 9
001051560 37
001051561 14
001051562 10
001051563 18
001051564 18
001051565 24
001051566 22
001051567 9
001051568 21
001051569 25
001051570 10
001051571 13
001051573 13
001051575 25
001051576 15
001051577 26
001051578 15
001051579 32
001051580 38
001051581 19
001051582 14
001051583 10
001051584 20
001051585 23
001051586 7
001051587 21
001051588 5
001051589 31
001051590 25
001051591 6
001051592 16
001051593 23
001051594 14
001051595 27
001051596 8
001051597 17
001051598 26
001051599 23
001051600 7
001051601 5
001051603 25
001051604 5
001051605 37
001051606 9
001051607 12
001051608 26
001051609 20
001051610 21
001051611 25
001051612 14
001051613 13
001051614 34
001051616 19
001051617 8
001051618 21
001051619 36
001051620 18
001051621 16
001051623 8
001051624 27
001051625 29
001051626 25
001051627 28
001051629 14
001051630 19
001051631 27
001051632 18
001051633 6
001051634 17
001051635 5
001051636 16
001051637 22
001051638 22
001051639 11
001051640 13
001051641 14
001051642 31
001051643 10
001051644 40
001051645 15
001051646 22
001051647 25
001051648 27
001051649 12
001051650 6
001051651 18
001051652 29
001051653 15
001051654 21
001051655 9
001051656 24
001051657 16
001051658 13
001051659 12
001051661 9
001051662 30
001051663 12
001051664 15
001051666 12
001051667 17
001051668 19
001051669 9
001051670 23
001051672 28
001051673 11
001051674 13
001051675 41
001051676 42
001051677 29
001051679 18
001051682 23
001051683 12
001051684 42
001051685 24
001051687 27
001051688 5
001051689 29
001051690 14
001051692 31
001051693 31
001051694 21
001051696 18
001051697 45
001051699 24
001051700 18
001051701 14
001051702 31
001051703 18
001051704 16
001051705 24
001051706 30
001051708 11
001051709 14
001051710 32
001051711 5
001051712 19
001051714 16
001051715 15
001051717 27
001051718 23
001051719 24
001051720 16
001051721 31
001051722 31
001051723 20
001051724 25
001051725 6
001051726 32
001051727 18
001051728 13
001051729 11
001051731 17
001051732 12
001051734 8
001051735 19
001051736 23
001051737 29
001051738 16
001051739 14
001051740 7
001051741 31
001051742 6
001051743 22
001051744 34
001051745 13
001051746 14
001051747 17
001051748 23
001051749 23
001051751 37
001051752 18
001051753 26
001051754 22
001051755 18
001051756 15
001051757 26
001051758 27
001051759 21
001051760 20
001051761 12
001051762 30
001051763 18
001051764 32
001051765 19
001051766 21
001051767 25
001051768 21
001051769 27
001051770 15
001051771 6
001051772 15
001051773 18
001051774 11
001051775 17
001051776 17
001051777 12
001051778 27
001051779 16
001051780 11
001051781 24
001051782 14
001051783 6
001051784 23
001051785 27
001051786 21
001051787 25
001051788 11
001051789 25
001051790 9
001051791 24
001051793 9
001051794 26
001051795 7
001051796 9
001051797 27
001051798 23
001051799 27
001051800 11
001060001 10
001060002 41
001060003 16
001060005 35
001060006 23
001060007 30
001060008 26
001060010 27
001060012 34
001060014 41
001060015 27
001060016 46
001060019 42
001060024 12
001060025 20
001060026 8
001060027 12
001060028 8
001060029 11
001060030 14
001060031 15
001060032 19
001060034 20
001060036 8
001060037 17
001060038 10
001060039 11
001060040 14
001060042 4
001060046 9
001060048 15
001060050 14
001060052 17
001060054 7
001060055 12
001060057 16
001060060 14
001060061 17
001060062 11
001060063 20
001060064 13
001060065 18
001060067 11
001060068 13
001060071 14
001060072 12
001060073 15
001060074 14
001060075 13
001060077 7
001060078 20
001060079 14
001060081 13
001060082 17
001060083 14
001060085 11
001060088 15
001060089 21
001060090 22
001060091 15
001060093 16
001060094 13
001060095 14
001060096 14
001060097 13
001060098 19
001060100 17
001060101 19
001060103 8
001060106 31
001060107 17
001060108 21
001060109 26
001060110 21
001060111 6
001060112 24
001060113 22
001060114 11
001060115 15
001060116 22
001060117 18
001060120 8
001060122 18
001060123 27
001060124 9
001060125 15
001060126 24
001060127 22
001060128 25
001060130 19
001060131 33
001060132 11
001060133 19
001060134 17
001060137 36
001060138 13
001060140 31
001060141 18
001060142 8
001060144 20
001060145 8
001060147 23
001060148 11
001060150 24
001060151 7
001060152 12
001060153 30
001060154 13
001060155 25
001060159 32
001060161 14
001060162 8
001060164 27
001060166 14
001060167 28
001060168 26
001060170 13
001060171 10
001060172 18
001060173 17
001060174 17
001060176 10
001060177 21
001060178 20
001060179 11
001060180 23
001060181 15
001060182 30
001060183 18
001060184 22
001060187 15
001060188 19
001060189 19
001060190 10
001060193 32
001060194 9
001060195 24
001060197 5
001060199 15
001060200 31
001060203 7
001060204 17
001060205 14
001060206 36
001060208 21
001060209 25
001060210 30
001060211 20
001060213 12
001060214 31
001060215 7
001060216 16
001060217 21
001060218 9
001060220 14
001060222 20
001060223 18
001060224 15
001060227 26
001060228 27
001060229 11
001060230 18
001060231 19
001060232 23
001060233 16
001060235 13
001060236 16
001060237 36
001060238 24
001060239 5
001060240 16
001060241 16
001060242 28
001060243 25
001060244 32
001060245 37
001060246 8
001060247 14
001060248 14
001060249 18
001060251 15
001060252 19
001060253 43
001060255 20
001060256 13
001060257 28
001060258 23
001060260 7
001060261 30
001060263 34
001060264 24
001060265 18
001060266 41
001060267 19
001060269 6
001060271 23
001060272 35
001060273 10
001060274 17
001060275 15
001060277 25
001060278 15
001060279 14
001060280 8
001060281 19
001060282 16
001060283 22
001060284 21
001060285 11
001060286 18
001060287 19
001060289 12
001060291 21
001060292 22
001060293 26
001060294 22
001060296 12
001060297 10
001060298 32
001060299 18
001060300 15
001060301 11
001060302 29
001060303 9
001060305 22
001060306 16
001060307 24
001060308 9
001060310 18
001060311 18
001060312 10
001060313 19
001060314 14
001060315 27
001060317 35
001060318 18
001060319 26
001060321 17
001060322 15
001060323 32
001060324 19
001060325 21
001060326 23
001060327 21
001060328 15
001060329 28
001060331 18
001060332 19
001060333 11
001060334 36
001060335 11
001060336 13
001060337 28
001060338 8
001060339 12
001060341 18
001060342 31
001060343 21
001060344 33
001060345 19
001060346 14
001060348 18
001060349 8
001060350 13
001060351 16
001060352 18
001060353 16
001060354 34
001060355 10
001060358 26
001060359 18
001060360 17
001060361 14
001060362 7
001060363 11
001060364 17
001060365 6
001060366 10
001060367 17
001060369 17
001060370 44
001060371 33
001060373 17
001060374 22
001060375 17
001060377 27
001060378 23
001060381 33
001060383 8
001060384 34
001060385 17
001060387 9
001060388 21
001060389 25
001060390 27
001060391 7
001060392 14
001060393 27
001060394 6
001060395 16
001060396 28
001060397 24
001060398 30
001060399 9
001060400 26
001061401 12
001061402 18
001061403 12
001061405 13
001061406 20
001061407 17
001061408 17
001061409 10
001061411 19
001061412 21
001061413 6
001061414 19
001061415 11
001061416 13
001061418 17
001061420 14
001061422 13
001061424 15
001061425 10
001061426 12
001061427 21
001061428 10
001061429 15
001061430 17
001061431 14
001061432 20
001061433 19
001061434 14
001061435 10
001061436 12
001061438 16
001061440 8
001061441 19
001061442 20
001061443 18
001061444 19
001061445 15
001061447 11
001061448 16
001061449 12
001061450 18
001061451 21
001061452 25
001061453 15
001061454 6
001061457 13
001061458 23
001061459 15
001061460 15
001061463 19
001061464 16
001061465 13
001061466 19
001061467 9
001061470 17
001061471 14
001061473 12
001061474 7
001061475 20
001061476 13
001061478 14
001061479 17
001061480 33
001061481 13
001061482 14
001061483 17
001061485 10
001061487 18
001061488 15
001061489 25
001061490 13
001061491 15
001061492 16
001061493 12
001061494 13
001061495 12
001061496 21
001061497 15
001061498 15
001061499 14
001061500 18
001061503 21
001061504 20
001061506 17
001061509 18
001061510 19
001061511 12
001061512 18
001061513 31
001061514 21
001061516 12
001061517 21
001061518 27
001061519 11
001061521 13
001061522 10
001061523 15
001061524 30
001061525 5
001061526 12
001061527 13
001061528 12
001061529 36
001061530 22
001061531 19
001061532 12
001061533 15
001061534 26
001061535 23
001061536 15
001061538 34
001061540 15
001061542 23
001061543 27
001061544 24
001061546 8
001061547 26
001061550 8
001061551 13
001061552 45
001061553 7
001061554 16
001061555 11
001061556 21
001061558 25
001061559 23
001061561 23
001061562 25
001061563 19
001061564 10
001061565 17
001061567 15
001061568 15
001061573 31
001061574 22
001061575 25
001061576 11
001061577 42
001061578 17
001061579 8
001061580 34
001061581 30
001061583 15
001061584 9
001061585 24
001061586 27
001061587 7
001061588 15
001061589 7
001061590 22
001061591 21
001061592 8
001061595 17
001061596 8
001061598 34
001061600 28
001061601 36
001061602 13
001061603 24
001061604 21
001061605 23
001061606 23
001061609 24
001061610 15
001061611 11
001061612 23
001061613 21
001061615 28
001061616 19
001061617 19
001061618 6
001061619 19
001061620 27
001061622 17
001061623 19
001061624 15
001061625 11
001061626 35
001061627 23
001061629 31
001061630 15
001061632 35
001061633 15
001061634 17
001061635 25
001061636 13
001061637 26
001061638 10
001061639 25
001061640 33
001061643 17
001061645 9
001061646 19
001061647 17
001061648 43
001061649 30
001061652 11
001061653 34
001061654 23
001061656 11
001061657 25
001061658 37
001061659 10
001061660 11
001061661 24
001061662 18
001061663 27
001061665 17
001061667 28
001061668 13
001061669 10
001061670 19
001061672 11
001061673 11
001061676 6
001061677 33
001061678 10
001061679 27
001061680 5
001061681 19
001061682 16
001061684 21
001061685 15
001061686 6
001061687 11
001061688 12
001061690 14
001061691 22
001061692 21
001061693 30
001061694 12
001061695 24
001061697 8
001061698 19
001061699 20
001061700 24
001061701 29
001061702 9
001061704 17
001061705 18
001061706 12
001061707 13
001061708 20
001061709 27
001061710 24
001061711 10
001061712 11
001061713 27
001061714 18
001061715 29
001061716 21
001061718 24
001061719 10
001061720 16
001061721 9
001061722 19
001061723 14
001061724 11
001061725 16
001061726 13
001061727 8
001061729 11
001061730 13
001061731 23
001061732 39
001061734 24
001061735 19
001061737 14
001061738 13
001061739 15
001061740 20
001061741 11
001061742 24
001061743 20
001061744 12
001061746 26
001061747 30
001061748 17
001061749 27
001061751 15
001061752 15
001061753 20
001061754 32
001061755 12
001061756 15
001061757 27
001061758 27
001061759 31
001061760 23
001061762 23
001061763 34
001061764 9
001061766 19
001061768 17
001061769 22
001061770 19
001061771 32
001061772 30
001061773 9
001061774 22
001061775 33
001061776 8
001061778 20
001061779 37
001061780 16
001061781 29
001061782 19
001061783 12
001061784 12
001061785 6
001061786 15
001061789 28
001061790 24
001061791 22
001061792 25
001061793 28
001061794 8
001061795 12
001061796 25
001061797 39
001061798 9
001061799 26
001070001 10
001070002 41
001070004 35
001070005 35
001070006 21
001070007 31
001070008 24
001070009 20
001070010 27
001070011 20
001070012 34
001070013 20
001070014 37
001070015 27
001070016 47
001070017 18
001070018 25
001070019 42
001070020 24
001070021 7
001070022 11
001070023 14
001070024 12
001070025 20
001070026 8
001070027 12
001070028 8
001070029 12
001070030 14
001070031 15
001070032 19
001070033 20
001070034 20
001070036 8
001070037 17
001070039 11
001070040 15
001070041 4
001070042 10
001070043 15
001070044 10
001070045 6
001070046 9
001070047 11
001070048 15
001070049 7
001070050 14
001070051 11
001070052 17
001070053 8
001070054 7
001070056 13
001070057 16
001070058 14
001070060 14
001070061 17
001070062 11
001070063 20
001070064 13
001070065 18
001070066 8
001070067 11
001070068 14
001070069 20
001070070 19
001070071 14
001070072 12
001070073 16
001070074 14
001070075 13
001070076 18
001070077 7
001070078 18
001070079 14
001070080 10
001070081 13
001070082 17
001070083 14
001070084 13
001070085 11
001070086 14
001070087 17
001070088 15
001070089 21
001070090 22
001070091 15
001070092 41
001070093 16
001070094 13
001070095 14
001070096 14
001070098 19
001070099 17
001070100 19
001070101 32
001070102 7
001070103 16
001070104 23
001070105 22
001070106 16
001070107 32
001070108 12
001070109 14
001070111 31
001070112 12
001070113 42
001070114 6
001070115 24
001070116 14
001070118 9
001070119 8
001070120 18
001070121 24
001070122 26
001070123 15
001070124 19
001070125 7
001070126 19
001070127 24
001070128 12
001070129 16
001070130 8
001070131 11
001070132 22
001070133 41
001070134 32
001070136 30
001070137 13
001070138 17
001070139 22
001070140 24
001070141 13
001070142 27
001070143 22
001070144 28
001070145 18
001070146 30
001070147 29
001070148 32
001070149 24
001070150 29
001070151 10
001070152 32
001070153 12
001070154 25
001070155 30
001070156 22
001070158 20
001070159 16
001070161 13
001070162 18
001070163 11
001070164 12
001070166 23
001070167 20
001070168 25
001070169 13
001070170 12
001070171 14
001070172 15
001070173 17
001070174 7
001070175 33
001070177 14
001070178 10
001070179 19
001070180 22
001070181 6
001070182 36
001070183 31
001070184 13
001070185 21
001070186 22
001070187 18
001070188 19
001070189 20
001070190 40
001070191 27
001070192 19
001070193 8
001070194 7
001070195 14
001070196 19
001070197 18
001070198 16
001070199 13
001070200 32
001070201 28
001070202 19
001070203 14
001070204 18
001070205 7
001070206 5
001070207 39
001070208 14
001070210 7
001070211 27
001070212 22
001070214 26
001070215 26
001070216 24
001070217 8
001070219 12
001070220 22
001070221 17
001070222 19
001070225 19
001070226 13
001070227 21
001070228 31
001070229 18
001070232 22
001070233 16
001070234 27
001070237 16
001070238 34
001070239 14
001070240 16
001070241 36
001070242 10
001070243 15
001070244 14
001070245 29
001070246 9
001070247 13
001070248 5
001070249 12
001070250 12
001070253 13
001070254 19
001070256 26
001070257 36
001070259 23
001070260 26
001070261 14
001070263 21
001070264 23
001070265 8
001070267 24
001070269 29
001070270 17
001070271 15
001070272 21
001070274 22
001070275 28
001070276 25
001070277 26
001070278 18
001070279 11
001070280 31
001070282 25
001070283 8
001070284 33
001070285 27
001070286 17
001070287 18
001070288 17
001070289 36
001070290 26
001070291 19
001070292 9
001070293 23
001070294 25
001070295 9
001070296 22
001070298 27
001070299 9
001070300 14
001070301 13
001070302 15
001070303 10
001070304 21
001070306 26
001070307 18
001070308 17
001070309 12
001070310 11
001070311 18
001070312 9
001070313 19
001070314 20
001070315 12
001070316 9
001070317 23
001070318 21
001070319 17
001070320 22
001070321 26
001070322 25
001070323 33
001070325 21
001070326 24
001070327 18
001070328 23
001070329 42
001070330 25
001070331 28
001070332 31
001070333 17
001070334 29
001070335 17
001070336 26
001070337 24
001070338 24
001070339 23
001070341 14
001070342 19
001070343 8
001070344 26
001070345 23
001070346 24
001070347 9
001070348 15
001070349 39
001070350 25
001070351 36
001070352 32
001070353 15
001070354 31
001070355 12
001070356 10
001070358 37
001070359 29
001070360 35
001070362 22
001070363 37
001070364 20
001070365 20
001070366 6
001070367 26
001070368 20
001070369 27
001070370 28
001070371 21
001070372 27
001070373 10
001070375 9
001070376 31
001070378 23
001070379 16
001070380 13
001070381 6
001070382 22
001070383 20
001070384 26
001070385 11
001070386 19
001070387 34
001070388 28
001070389 5
001070390 24
001070392 30
001070393 6
001070394 19
001070395 9
001070396 22
001070397 9
001070398 16
001070399 17
001070400 21
001071401 12
001071402 18
001071403 14
001071404 21
001071405 13
001071406 15
001071407 17
001071408 22
001071409 10
001071410 19
001071411 25
001071412 21
001071413 6
001071414 19
001071415 11
001071416 13
001071417 33
001071418 12
001071419 16
001071420 19
001071422 19
001071423 10
001071425 10
001071426 12
001071427 22
001071428 15
001071429 21
001071430 17
001071431 14
001071432 26
001071433 19
001071434 14
001071435 16
001071436 12
001071437 12
001071438 21
001071439 19
001071440 8
001071441 17
001071442 20
001071443 17
001071444 25
001071445 15
001071446 21
001071447 11
001071448 16
001071449 18
001071450 16
001071451 21
001071452 25
001071455 26
001071456 20
001071457 13
001071458 23
001071459 15
001071460 15
001071461 21
001071462 14
001071463 21
001071464 16
001071465 13
001071466 19
001071467 9
001071468 14
001071469 26
001071470 22
001071471 14
001071473 18
001071474 8
001071476 19
001071477 19
001071478 14
001071479 17
001071480 33
001071481 12
001071482 15
001071483 17
001071485 10
001071486 8
001071487 18
001071488 15
001071489 25
001071490 13
001071491 15
001071492 16
001071493 11
001071494 19
001071495 12
001071496 27
001071497 15
001071498 15
001071499 20
001071500 24
001071501 22
001071502 11
001071503 30
001071504 16
001071505 14
001071508 30
001071509 12
001071510 16
001071511 23
001071512 26
001071513 25
001071514 23
001071515 16
001071517 42
001071518 10
001071519 19
001071520 18
001071521 33
001071523 21
001071524 26
001071525 25
001071526 22
001071527 9
001071528 23
001071529 26
001071530 13
001071531 11
001071532 9
001071533 29
001071535 15
001071536 23
001071537 33
001071538 29
001071540 34
001071541 15
001071542 13
001071543 31
001071544 20
001071545 19
001071547 36
001071548 18
001071549 9
001071550 13
001071551 8
001071552 12
001071553 19
001071554 13
001071555 20
001071557 28
001071558 37
001071559 29
001071560 18
001071561 24
001071562 35
001071563 21
001071564 23
001071565 24
001071566 10
001071567 13
001071568 22
001071569 24
001071570 30
001071571 9
001071572 32
001071573 35
001071574 23
001071576 13
001071577 19
001071578 13
001071579 16
001071580 19
001071581 26
001071582 35
001071583 9
001071584 20
001071585 14
001071586 19
001071589 18
001071590 22
001071591 11
001071592 28
001071593 13
001071594 18
001071595 14
001071596 8
001071597 14
001071598 30
001071599 22
001071600 16
001071601 6
001071602 28
001071603 10
001071604 22
001071605 29
001071606 16
001071607 25
001071608 30
001071609 24
001071610 7
001071611 27
001071612 5
001071614 23
001071615 15
001071616 16
001071617 12
001071618 11
001071619 15
001071620 22
001071621 8
001071622 16
001071623 16
001071625 23
001071626 20
001071627 18
001071628 9
001071631 26
001071634 22
001071635 34
001071636 8
001071637 19
001071638 6
001071639 23
001071640 22
001071641 13
001071642 29
001071643 16
001071644 27
001071645 31
001071646 13
001071647 18
001071648 24
001071649 11
001071650 13
001071651 7
001071652 17
001071653 9
001071656 35
001071657 24
001071658 25
001071660 19
001071661 16
001071662 16
001071663 10
001071664 18
001071665 16
001071666 35
001071667 16
001071668 32
001071669 5
001071670 13
001071672 11
001071673 15
001071674 24
001071675 33
001071676 19
001071677 12
001071678 11
001071679 9
001071680 14
001071681 17
001071682 23
001071683 33
001071684 10
001071686 30
001071687 13
001071688 23
001071689 24
001071690 24
001071691 10
001071693 13
001071694 34
001071695 12
001071696 37
001071697 20
001071699 36
001071700 11
001071701 32
001071702 15
001071703 9
001071704 25
001071706 22
001071707 15
001071708 20
001071709 18
001071711 22
001071713 10
001071714 27
001071715 10
001071716 21
001071718 21
001071719 17
001071720 7
001071721 6
001071722 17
001071723 10
001071724 18
001071725 28
001071726 31
001071727 14
001071728 21
001071729 37
001071730 17
001071731 12
001071732 15
001071733 6
001071734 15
001071735 11
001071736 10
001071737 34
001071738 32
001071739 24
001071740 17
001071741 19
001071742 6
001071743 10
001071744 29
001071745 22
001071747 15
001071749 22
001071750 24
001071751 22
001071752 15
001071753 17
001071754 30
001071755 26
001071756 31
001071757 25
001071758 13
001071759 8
001071760 22
001071761 30
001071762 22
001071763 17
001071764 9
001071765 15
001071769 15
001071770 17
001071771 12
001071772 21
001071773 17
001071774 19
001071775 24
001071776 14
001071777 28
001071778 23
001071779 13
001071780 4
001071781 18
001071782 16
001071783 8
001071784 26
001071785 22
001071786 12
001071787 11
001071788 8
001071789 27
001071790 7
001071791 11
001071792 26
001071793 21
001071794 15
001071795 17
001071796 14
001071797 20
001071798 44
001071799 8
001071800 20
001080001 10
001080002 41
001080003 16
001080004 33
001080005 35
001080006 21
001080007 30
001080008 21
001080009 20
001080010 27
001080011 20
001080012 35
001080013 19
001080014 37
001080015 27
001080016 46
001080017 18
001080018 25
001080019 42
001080020 23
001080021 7
001080022 11
001080023 14
001080024 12
001080025 20
001080026 8
001080027 12
001080028 8
001080029 11
001080030 14
001080031 14
001080032 19
001080033 20
001080034 21
001080035 7
001080036 8
001080037 17
001080038 10
001080039 11
001080040 14
001080041 4
001080042 4
001080043 14
001080044 10
001080045 6
001080046 9
001080047 11
001080048 15
001080049 7
001080050 14
001080052 17
001080054 7
001080056 14
001080057 16
001080058 14
001080059 9
001080060 14
001080061 18
001080062 11
001080063 20
001080064 13
001080065 18
001080066 8
001080067 11
001080068 13
001080070 19
001080071 14
001080072 12
001080073 17
001080074 14
001080075 13
001080076 18
001080077 7
001080078 17
001080079 13
001080080 10
001080081 13
001080082 17
001080083 14
001080084 13
001080085 11
001080086 14
001080087 15
001080088 14
001080089 20
001080090 22
001080091 14
001080092 35
001080093 15
001080094 13
001080095 14
001080096 14
001080097 13
001080098 19
001080101 20
001080102 36
001080103 14
001080104 17
001080105 25
001080106 28
001080107 13
001080108 23
001080109 14
001080111 27
001080112 18
001080113 14
001080114 7
001080115 15
001080116 7
001080117 25
001080118 25
001080119 9
001080120 20
001080121 13
001080122 14
001080123 14
001080124 25
001080125 6
001080126 26
001080127 32
001080128 26
001080129 29
001080131 16
001080133 12
001080135 24
001080136 18
001080137 9
001080139 19
001080140 35
001080141 16
001080142 19
001080143 30
001080144 21
001080145 14
001080148 22
001080149 14
001080150 13
001080151 19
001080152 16
001080153 23
001080154 5
001080155 21
001080157 32
001080158 28
001080159 14
001080160 17
001080161 29
001080162 11
001080163 5
001080164 44
001080165 7
001080166 18
001080167 14
001080168 23
001080169 22
001080170 44
001080171 11
001080172 10
001080173 7
001080174 6
001080175 24
001080176 16
001080177 15
001080178 12
001080179 24
001080180 20
001080182 23
001080183 32
001080184 40
001080185 15
001080186 8
001080187 19
001080188 16
001080189 23
001080190 27
001080191 9
001080192 27
001080193 14
001080194 22
001080195 23
001080196 29
001080197 16
001080198 15
001080199 14
001080200 18
001080201 17
001080202 29
001080203 14
001080204 31
001080205 12
001080206 37
001080207 15
001080208 19
001080209 18
001080210 25
001080211 21
001080212 28
001080213 5
001080214 15
001080215 38
001080216 43
001080217 23
001080218 15
001080219 26
001080220 15
001080221 19
001080222 23
001080223 11
001080224 20
001080225 20
001080226 18
001080227 23
001080228 14
001080229 33
001080230 8
001080231 28
001080232 25
001080233 20
001080234 7
001080235 24
001080236 13
001080237 26
001080238 22
001080239 11
001080240 39
001080241 29
001080242 26
001080243 23
001080244 13
001080245 40
001080246 27
001080247 26
001080248 7
001080249 15
001080250 14
001080251 27
001080252 9
001080253 21
001080254 9
001080255 25
001080256 5
001080257 13
001080258 15
001080259 28
001080260 15
001080261 17
001080262 18
001080263 19
001080265 23
001080266 10
001080267 18
001080268 14
001080269 22
001080271 18
001080272 6
001080273 24
001080274 10
001080275 17
001080276 26
001080277 27
001080278 8
001080279 20
001080280 29
001080282 25
001080283 31
001080284 21
001080285 11
001080286 12
001080287 27
001080288 20
001080289 14
001080290 8
001080291 24
001080292 19
001080293 23
001080294 15
001080295 17
001080296 17
001080297 25
001080298 12
001080299 26
001080300 18
001080301 19
001080302 39
001080303 10
001080304 27
001080305 28
001080306 32
001080307 24
001080308 22
001080309 16
001080310 11
001080311 12
001080313 20
001080314 11
001080315 23
001080316 23
001080317 18
001080318 11
001080319 41
001080320 14
001080321 25
001080323 20
001080324 16
001080325 48
001080326 33
001080327 16
001080328 23
001080329 21
001080331 16
001080332 8
001080333 11
001080334 12
001080335 24
001080336 17
001080337 32
001080338 22
001080340 23
001080341 11
001080342 11
001080343 12
001080344 29
001080345 21
001080346 13
001080347 7
001080348 17
001080349 16
001080350 12
001080351 29
001080352 14
001080353 28
001080355 13
001080356 19
001080358 23
001080359 27
001080360 42
001080361 16
001080362 21
001080363 25
001080364 23
001080365 16
001080366 10
001080367 21
001080368 19
001080369 8
001080370 19
001080371 18
001080372 27
001080373 16
001080374 5
001080375 33
001080376 28
001080377 19
001080378 6
001080379 13
001080380 11
001080381 28
001080382 23
001080383 18
001080384 36
001080385 12
001080386 24
001080388 26
001080390 27
001080391 18
001080392 17
001080393 22
001080394 11
001080395 33
001080397 11
001080399 20
001081401 12
001081402 18
001081403 13
001081404 21
001081405 13
001081406 15
001081407 17
001081408 16
001081409 10
001081411 19
001081412 21
001081413 6
001081414 19
001081415 11
001081416 13
001081418 12
001081419 16
001081420 14
001081421 8
001081422 13
001081423 16
001081425 10
001081426 19
001081428 10
001081429 15
001081430 17
001081431 14
001081432 20
001081433 19
001081435 10
001081436 12
001081437 12
001081438 16
001081439 19
001081440 8
001081441 17
001081442 20
001081444 19
001081445 15
001081446 21
001081447 11
001081448 14
001081449 12
001081450 16
001081451 21
001081452 25
001081453 14
001081454 6
001081457 12
001081458 23
001081459 15
001081460 15
001081461 16
001081463 21
001081464 16
001081465 13
001081466 19
001081467 9
001081468 16
001081469 19
001081470 18
001081471 14
001081473 13
001081474 8
001081475 20
001081476 13
001081477 13
001081478 14
001081479 17
001081480 33
001081482 15
001081483 17
001081484 15
001081485 10
001081487 18
001081488 15
001081489 25
001081490 13
001081491 15
001081493 11
001081494 13
001081495 12
001081496 21
001081497 15
001081498 15
001081499 14
001081500 18
001081501 15
001081502 22
001081503 20
001081504 6
001081505 5
001081506 26
001081507 18
001081508 14
001081509 8
001081510 27
001081511 22
001081512 14
001081513 13
001081514 21
001081515 32
001081516 13
001081518 5
001081519 6
001081520 37
001081521 7
001081522 6
001081523 23
001081524 13
001081525 14
001081526 15
001081527 22
001081529 11
001081530 24
001081531 17
001081533 32
001081534 18
001081535 21
001081536 17
001081537 16
001081538 32
001081539 17
001081540 15
001081541 21
001081542 10
001081543 16
001081544 15
001081545 26
001081546 17
001081547 21
001081548 19
001081550 11
001081551 24
001081552 16
001081553 13
001081554 32
001081555 23
001081556 13
001081557 18
001081558 12
001081559 10
001081560 24
001081561 13
001081562 26
001081563 10
001081564 17
001081565 23
001081566 20
001081567 31
001081568 14
001081572 6
001081573 41
001081574 24
001081575 39
001081576 7
001081577 12
001081578 21
001081579 24
001081581 18
001081582 14
001081583 34
001081584 10
001081585 19
001081586 25
001081587 18
001081588 15
001081589 26
001081590 20
001081591 23
001081592 34
001081593 17
001081594 24
001081595 18
001081596 20
001081597 6
001081598 13
001081599 11
001081600 19
001081601 22
001081603 7
001081604 30
001081605 21
001081606 32
001081607 15
001081608 16
001081609 13
001081610 30
001081611 9
001081612 11
001081613 11
001081614 20
001081615 32
001081616 27
001081617 35
001081618 12
001081619 8
001081620 32
001081621 7
001081622 11
001081623 27
001081624 26
001081626 16
001081627 23
001081628 17
001081629 8
001081630 28
001081633 10
001081634 17
001081637 16
001081639 11
001081640 12
001081642 19
001081644 27
001081645 25
001081646 38
001081648 18
001081649 35
001081651 33
001081652 18
001081653 21
001081654 18
001081655 26
001081657 22
001081658 10
001081659 22
001081660 15
001081661 30
001081662 16
001081663 39
001081665 21
001081666 20
001081667 24
001081668 29
001081669 28
001081670 25
001081671 12
001081672 8
001081673 23
001081674 21
001081675 8
001081676 31
001081677 13
001081678 20
001081679 19
001081680 6
001081682 18
001081683 9
001081684 18
001081686 5
001081687 16
001081688 28
001081689 30
001081690 13
001081691 15
001081692 18
001081693 23
001081695 23
001081696 27
001081697 28
001081698 25
001081700 15
001081701 13
001081702 16
001081703 19
001081704 8
001081705 12
001081706 21
001081707 17
001081708 23
001081709 16
001081712 6
001081713 31
001081714 11
001081715 20
001081717 28
001081718 36
001081719 35
001081720 22
001081721 23
001081722 7
001081723 28
001081724 14
001081725 21
001081726 28
001081727 14
001081728 19
001081729 16
001081730 14
001081731 39
001081732 21
001081733 19
001081734 15
001081735 21
001081736 15
001081737 33
001081738 27
001081740 9
001081741 11
001081742 22
001081743 17
001081745 25
001081746 18
001081747 8
001081748 15
001081749 10
001081750 32
001081751 14
001081752 29
001081753 17
001081754 18
001081755 23
001081756 30
001081757 12
001081758 11
001081759 30
001081760 23
001081761 19
001081762 18
001081763 29
001081764 14
001081765 27
001081766 13
001081767 28
001081768 35
001081769 12
001081770 34
001081771 11
001081772 12
001081773 27
001081776 23
001081777 25
001081778 21
001081779 25
001081780 18
001081781 27
001081782 12
001081783 7
001081784 34
001081785 28
001081786 13
001081787 14
001081788 8
001081789 26
001081790 30
001081791 33
001081792 22
001081793 13
001081794 32
001081795 22
001081796 34
001081797 27
001081798 8
001081799 16
001081800 30
001090001 10
001090002 41
001090003 16
001090004 33
001090005 35
001090006 21
001090007 30
001090008 24
001090009 14
001090010 27
001090011 20
001090012 34
001090013 20
001090014 37
001090015 27
001090016 47
001090017 18
001090018 25
001090019 42
001090020 23
001090021 7
001090024 12
001090025 20
001090026 8
001090027 12
001090028 8
001090029 11
001090030 14
001090031 15
001090032 19
001090033 20
001090034 20
001090036 8
001090037 17
001090038 10
001090039 11
001090040 14
001090041 4
001090042 4
001090043 14
001090044 10
001090046 9
001090047 10
001090048 15
001090049 7
001090050 14
001090052 17
001090053 8
001090054 7
001090056 13
001090057 16
001090058 14
001090059 9
001090060 14
001090061 17
001090062 11
001090063 20
001090064 13
001090065 18
001090067 11
001090068 13
001090069 20
001090070 19
001090071 14
001090072 12
001090073 15
001090074 14
001090075 13
001090076 18
001090077 7
001090078 20
001090079 14
001090080 10
001090081 13
001090082 17
001090083 14
001090084 13
001090085 11
001090086 14
001090087 15
001090088 15
001090089 21
001090090 22
001090091 15
001090092 35
001090093 16
001090094 13
001090095 14
001090096 14
001090097 13
001090098 19
001090099 17
001090100 17
001090102 10
001090103 37
001090104 8
001090105 6
001090106 13
001090107 9
001090108 7
001090109 14
001090110 19
001090111 16
001090112 17
001090113 13
001090114 28
001090115 12
001090117 30
001090118 11
001090119 12
001090120 21
001090121 25
001090122 10
001090123 10
001090124 35
001090125 16
001090126 12
001090127 11
001090128 32
001090129 18
001090130 22
001090131 15
001090132 23
001090133 44
001090134 22
001090135 31
001090136 26
001090137 13
001090138 25
001090140 9
001090141 17
001090144 23
001090145 7
001090146 19
001090147 20
001090148 16
001090149 5
001090150 11
001090151 24
001090152 7
001090153 25
001090154 28
001090155 17
001090156 28
001090157 25
001090158 22
001090159 23
001090160 34
001090161 28
001090162 25
001090163 18
001090164 17
001090166 14
001090167 42
001090168 16
001090170 22
001090171 27
001090172 16
001090173 24
001090174 30
001090175 18
001090176 21
001090177 13
001090178 14
001090179 24
001090180 12
001090181 26
001090182 19
001090183 16
001090184 21
001090185 9
001090186 25
001090187 28
001090188 30
001090189 20
001090190 15
001090191 7
001090192 17
001090193 16
001090194 16
001090195 15
001090196 28
001090197 25
001090198 6
001090199 20
001090200 10
001090201 27
001090202 23
001090203 19
001090204 16
001090205 20
001090206 24
001090207 10
001090208 17
001090209 24
001090210 29
001090211 16
001090212 32
001090213 20
001090214 11
001090215 11
001090216 6
001090217 13
001090218 22
001090219 25
001090220 26
001090221 22
001090222 15
001090223 22
001090224 12
001090225 19
001090226 9
001090227 22
001090228 31
001090229 13
001090230 10
001090231 11
001090232 21
001090233 16
001090234 17
001090235 12
001090236 10
001090237 18
001090238 21
001090239 5
001090240 26
001090241 32
001090242 11
001090244 9
001090246 23
001090247 9
001090249 22
001090250 23
001090251 20
001090252 34
001090253 29
001090254 30
001090255 14
001090256 23
001090257 36
001090258 26
001090259 18
001090260 18
001090261 8
001090262 40
001090263 31
001090264 16
001090265 9
001090266 16
001090267 20
001090268 10
001090269 15
001090270 7
001090271 13
001090273 23
001090274 22
001090275 23
001090276 26
001090277 25
001090278 26
001090279 18
001090280 22
001090281 7
001090283 23
001090284 26
001090285 33
001090286 8
001090287 23
001090288 28
001090289 20
001090290 31
001090291 24
001090292 20
001090293 20
001090294 30
001090295 16
001090296 16
001090297 18
001090298 10
001090299 12
001090300 8
001090301 15
001090302 22
001090303 26
001090304 25
001090305 23
001090306 34
001090307 10
001090308 18
001090309 5
001090310 16
001090311 26
001090312 30
001090313 25
001090314 19
001090315 22
001090316 9
001090317 17
001090318 13
001090319 34
001090320 32
001090321 13
001090322 34
001090324 29
001090325 10
001090326 10
001090327 9
001090328 28
001090329 14
001090331 18
001090332 21
001090333 30
001090334 30
001090335 18
001090336 24
001090337 14
001090338 8
001090339 17
001090340 8
001090341 10
001090342 9
001090343 21
001090344 19
001090345 25
001090346 23
001090347 18
001090349 10
001090350 29
001090351 13
001090352 9
001090353 32
001090354 18
001090355 18
001090358 14
001090359 20
001090360 31
001090361 23
001090363 20
001090364 9
001090365 9
001090366 7
001090367 32
001090368 8
001090369 18
001090370 22
001090371 27
001090372 23
001090373 18
001090374 19
001090375 23
001090376 20
001090377 25
001090378 29
001090379 15
001090380 6
001090381 22
001090383 18
001090384 21
001090385 13
001090386 15
001090387 28
001090388 12
001090389 10
001090390 30
001090391 32
001090392 17
001090393 21
001090394 10
001090395 9
001090396 13
001090398 18
001090399 26
001090400 9
001091401 12
001091402 18
001091403 13
001091404 26
001091405 18
001091406 15
001091407 17
001091408 16
001091409 10
001091410 19
001091411 19
001091412 21
001091413 6
001091414 19
001091415 11
001091416 13
001091418 12
001091419 16
001091420 14
001091422 13
001091423 10
001091424 20
001091425 10
001091426 12
001091427 22
001091428 10
001091429 15
001091430 17
001091431 14
001091432 20
001091433 24
001091434 14
001091435 10
001091436 12
001091438 16
001091439 19
001091440 13
001091441 16
001091442 20
001091443 23
001091444 19
001091445 15
001091447 11
001091448 21
001091449 17
001091451 21
001091452 25
001091453 15
001091454 6
001091456 20
001091457 13
001091458 23
001091459 15
001091460 15
001091461 16
001091462 14
001091463 20
001091464 16
001091465 13
001091466 19
001091467 9
001091468 15
001091470 18
001091471 14
001091473 12
001091474 7
001091475 20
001091476 13
001091477 13
001091478 14
001091479 17
001091480 33
001091481 12
001091482 14
001091483 17
001091485 12
001091487 18
001091488 15
001091489 25
001091490 13
001091491 15
001091494 13
001091495 12
001091496 21
001091497 15
001091498 15
001091499 14
001091500 18
001091502 12
001091503 21
001091504 23
001091505 17
001091506 36
001091507 33
001091508 16
001091509 13
001091510 22
001091511 15
001091512 13
001091514 29
001091515 27
001091516 16
001091517 18
001091518 11
001091519 25
001091520 9
001091521 14
001091522 14
001091523 11
001091524 25
001091525 13
001091526 18
001091528 12
001091529 20
001091530 25
001091531 20
001091532 12
001091533 16
001091534 11
001091535 27
001091536 16
001091537 17
001091538 24
001091539 5
001091540 24
001091541 23
001091542 31
001091543 25
001091544 15
001091545 30
001091546 21
001091548 14
001091549 21
001091550 21
001091551 12
001091552 31
001091553 16
001091554 36
001091555 19
001091556 25
001091557 18
001091558 17
001091559 10
001091560 26
001091561 18
001091562 40
001091563 8
001091564 13
001091565 13
001091566 23
001091567 34
001091568 10
001091569 31
001091570 12
001091571 45
001091572 26
001091573 8
001091574 16
001091575 27
001091576 10
001091577 14
001091578 14
001091579 13
001091581 23
001091582 18
001091583 27
001091584 8
001091585 37
001091586 7
001091587 13
001091588 13
001091589 23
001091590 32
001091591 9
001091592 23
001091593 18
001091594 29
001091596 18
001091597 7
001091598 17
001091599 22
001091600 27
001091601 5
001091602 24
001091603 8
001091604 34
001091605 13
001091606 22
001091607 21
001091608 20
001091609 24
001091610 18
001091611 19
001091612 10
001091613 15
001091614 15
001091616 20
001091617 31
001091618 18
001091619 29
001091620 17
001091621 25
001091622 8
001091623 26
001091624 20
001091625 26
001091626 18
001091627 15
001091628 28
001091629 27
001091630 28
001091631 20
001091632 30
001091633 32
001091634 20
001091635 15
001091636 22
001091637 26
001091638 20
001091639 16
001091641 31
001091642 11
001091643 13
001091644 16
001091645 21
001091646 26
001091647 25
001091648 23
001091649 21
001091650 10
001091651 18
001091652 31
001091653 27
001091655 16
001091656 9
001091658 13
001091659 25
001091660 17
001091661 18
001091662 38
001091663 11
001091664 23
001091665 28
001091666 20
001091667 34
001091668 15
001091669 7
001091670 12
001091672 20
001091673 19
001091674 22
001091675 21
001091676 28
001091677 25
001091678 12
001091679 14
001091680 9
001091681 26
001091682 24
001091683 18
001091684 30
001091685 22
001091686 23
001091687 26
001091688 9
001091689 29
001091690 15
001091691 38
001091692 25
001091693 8
001091694 20
001091695 22
001091696 20
001091697 20
001091698 19
001091699 28
001091700 18
001091701 18
001091702 19
001091703 18
001091704 26
001091705 25
001091706 15
001091707 9
001091708 11
001091709 42
001091711 21
001091712 11
001091713 12
001091714 21
001091715 6
001091716 17
001091717 22
001091718 9
001091720 27
001091721 9
001091722 13
001091724 18
001091725 6
001091726 20
001091727 15
001091728 17
001091729 13
001091730 28
001091731 10
001091732 26
001091733 18
001091734 18
001091735 39
001091736 17
001091738 18
001091739 9
001091741 27
001091742 14
001091744 29
001091745 25
001091746 14
001091747 13
001091748 50
001091749 12
001091750 11
001091751 23
001091752 11
001091753 20
001091754 16
001091755 20
001091756 28
001091758 9
001091759 23
001091761 17
001091762 21
001091763 26
001091764 9
001091765 15
001091766 19
001091767 13
001091768 16
001091769 13
001091770 8
001091771 25
001091772 21
001091773 18
001091774 15
001091775 15
001091776 19
001091777 9
001091778 7
001091779 26
001091780 28
001091782 7
001091783 53
001091784 28
001091787 27
001091788 9
001091790 14
001091791 41
001091793 21
001091794 17
001091795 15
001091796 34
001091797 18
001091798 32
001091799 25
001091800 25
001100003 16
001100004 33
001100005 35
001100006 21
001100007 30
001100008 24
001100009 14
001100010 27
001100011 20
001100012 34
001100014 37
001100015 29
001100016 51
001100017 18
001100018 25
001100019 42
001100020 23
001100021 7
001100022 11
001100023 14
001100024 12
001100025 20
001100026 8
001100027 12
001100028 8
001100029 10
001100030 14
001100031 15
001100032 19
001100033 20
001100034 20
001100035 7
001100036 8
001100037 17
001100038 10
001100039 11
001100040 14
001100042 4
001100043 14
001100044 10
001100045 6
001100046 9
001100047 10
001100048 15
001100049 7
001100050 14
001100051 11
001100052 17
001100053 8
001100054 7
001100055 12
001100056 13
001100057 16
001100058 14
001100059 9
001100060 14
001100061 17
001100062 11
001100063 20
001100064 13
001100065 18
001100066 8
001100067 11
001100068 13
001100069 19
001100070 19
001100071 14
001100072 12
001100073 15
001100074 14
001100075 13
001100076 19
001100077 7
001100078 20
001100080 11
001100081 13
001100082 17
001100083 14
001100084 13
001100085 10
001100086 14
001100087 15
001100088 15
001100089 21
001100090 22
001100091 15
001100092 35
001100093 16
001100095 14
001100096 14
001100097 13
001100098 19
001100099 17
001100100 17
001100101 11
001100102 17
001100103 15
001100104 26
001100105 18
001100106 10
001100107 14
001100108 6
001100109 16
001100110 29
001100111 20
001100112 22
001100113 18
001100114 20
001100115 11
001100116 7
001100117 18
001100118 21
001100119 7
001100120 6
001100121 20
001100122 35
001100123 23
001100124 29
001100125 37
001100126 6
001100127 14
001100128 14
001100129 25
001100130 17
001100131 26
001100132 13
001100134 26
001100135 18
001100136 12
001100137 21
001100138 20
001100139 18
001100140 11
001100141 19
001100142 25
001100143 10
001100144 17
001100145 12
001100146 19
001100147 28
001100148 24
001100149 13
001100150 9
001100151 27
001100152 16
001100153 24
001100154 12
001100155 7
001100156 36
001100157 8
001100158 25
001100159 32
001100160 26
001100161 18
001100162 21
001100163 23
001100164 12
001100165 15
001100166 13
001100167 16
001100168 10
001100169 28
001100170 21
001100171 38
001100172 20
001100173 20
001100174 17
001100175 14
001100177 20
001100178 16
001100179 14
001100180 20
001100181 16
001100182 28
001100183 27
001100184 9
001100185 13
001100186 20
001100187 24
001100188 23
001100189 18
001100190 25
001100191 23
001100192 14
001100193 17
001100194 18
001100195 10
001100196 7
001100197 17
001100198 14
001100199 29
001100200 20
001100201 15
001100202 9
001100203 31
001100204 20
001100205 22
001100206 16
001100207 30
001100208 11
001100210 25
001100211 21
001100212 10
001100214 25
001100215 17
001100216 19
001100217 10
001100218 26
001100219 11
001100220 26
001100221 22
001100222 12
001100223 21
001100224 16
001100225 14
001100226 17
001100227 15
001100228 17
001100229 13
001100230 22
001100231 13
001100232 17
001100233 24
001100234 15
001100235 26
001100236 9
001100237 15
001100238 24
001100239 29
001100240 11
001100241 23
001100242 16
001100243 15
001100244 21
001100245 10
001100246 27
001100247 18
001100248 20
001100249 10
001100250 23
001100251 6
001100252 35
001100253 17
001100254 22
001100255 27
001100256 16
001100257 13
001100258 14
001100259 24
001100260 11
001100261 20
001100262 29
001100263 16
001100264 28
001100265 19
001100266 13
001100267 36
001100268 24
001100269 35
001100270 8
001100271 10
001100272 25
001100273 7
001100274 32
001100275 24
001100276 18
001100277 10
001100278 17
001100279 30
001100280 19
001100281 19
001100282 35
001100283 25
001100284 20
001100285 15
001100287 26
001100288 11
001100289 21
001100290 28
001100291 44
001100292 22
001100293 9
001100294 12
001100295 11
001100296 28
001100297 19
001100298 9
001100299 28
001100301 22
001100302 23
001100303 19
001100304 15
001100305 22
001100306 22
001100307 15
001100308 13
001100309 19
001100310 19
001100311 13
001100312 22
001100313 29
001100314 37
001100315 20
001100316 16
001100317 33
001100318 16
001100319 21
001100320 34
001100321 12
001100322 21
001100323 21
001100324 34
001100325 18
001100326 33
001100327 8
001100328 40
001100329 7
001100330 26
001100331 23
001100332 20
001100333 24
001100334 30
001100335 9
001100336 19
001100337 11
001100338 13
001100339 32
001100340 5
001100341 23
001100342 6
001100343 28
001100344 38
001100345 27
001100346 15
001100347 13
001100348 32
001100349 19
001100350 24
001100351 15
001100352 26
001100353 27
001100354 7
001100355 19
001100356 17
001100357 18
001100358 14
001100359 25
001100360 19
001100361 17
001100362 18
001100363 27
001100364 17
001100365 25
001100366 16
001100367 34
001100368 22
001100369 39
001100370 23
001100371 10
001100372 21
001100373 19
001100374 12
001100375 22
001100377 15
001100378 15
001100379 24
001100380 28
001100381 33
001100382 22
001100383 24
001100384 21
001100386 30
001100387 15
001100388 16
001100389 15
001100390 34
001100391 23
001100393 23
001100394 13
001100395 9
001100396 22
001100397 18
001100398 16
001100399 18
001100400 15
001101401 12
001101402 18
001101403 13
001101404 21
001101405 13
001101406 15
001101407 17
001101408 16
001101409 11
001101411 19
001101412 21
001101413 6
001101414 19
001101415 11
001101416 13
001101417 27
001101418 12
001101419 16
001101420 14
001101421 8
001101422 13
001101423 10
001101424 15
001101425 10
001101426 11
001101427 22
001101428 10
001101429 15
001101430 17
001101431 14
001101432 20
001101433 19
001101434 14
001101435 10
001101436 12
001101438 16
001101439 19
001101441 17
001101442 20
001101443 17
001101444 19
001101445 15
001101446 21
001101447 11
001101448 16
001101449 12
001101450 16
001101451 21
001101452 25
001101453 15
001101454 6
001101456 20
001101457 13
001101458 23
001101459 15
001101460 15
001101461 17
001101463 21
001101464 16
001101465 13
001101466 19
001101467 9
001101468 15
001101470 18
001101471 14
001101474 8
001101475 20
001101476 13
001101477 13
001101478 14
001101479 17
001101480 33
001101481 12
001101482 14
001101483 17
001101484 15
001101485 10
001101487 18
001101488 15
001101489 25
001101490 13
001101491 15
001101492 16
001101493 11
001101494 13
001101495 12
001101497 15
001101498 15
001101499 14
001101500 18
001101501 19
001101502 22
001101503 25
001101504 31
001101505 25
001101506 11
001101507 8
001101508 30
001101509 6
001101510 10
001101511 28
001101512 16
001101513 6
001101514 16
001101515 19
001101517 36
001101518 35
001101519 36
001101520 27
001101521 5
001101522 30
001101523 29
001101524 19
001101525 21
001101526 10
001101527 8
001101528 13
001101529 13
001101530 7
001101531 32
001101532 10
001101533 17
001101534 10
001101535 12
001101536 25
001101537 11
001101538 22
001101539 44
001101540 38
001101541 18
001101542 8
001101543 13
001101544 20
001101545 27
001101546 33
001101547 16
001101548 15
001101549 12
001101550 41
001101551 14
001101552 19
001101553 13
001101554 19
001101555 14
001101556 35
001101557 13
001101558 35
001101559 17
001101560 34
001101561 31
001101562 25
001101563 17
001101564 17
001101565 37
001101566 11
001101567 17
001101568 8
001101569 29
001101570 13
001101571 11
001101572 11
001101573 12
001101574 14
001101575 10
001101576 23
001101577 28
001101578 26
001101579 7
001101580 25
001101581 17
001101582 12
001101583 20
001101584 33
001101585 20
001101586 16
001101587 19
001101588 23
001101589 24
001101590 34
001101591 9
001101592 25
001101593 13
001101594 16
001101595 17
001101596 20
001101597 27
001101598 22
001101599 39
001101601 36
001101602 10
001101603 30
001101604 15
001101605 7
001101606 17
001101607 30
001101608 20
001101609 19
001101610 25
001101611 14
001101612 24
001101613 28
001101614 7
001101615 16
001101616 23
001101617 12
001101618 17
001101619 11
001101620 18
001101621 32
001101622 31
001101623 14
001101624 12
001101625 28
001101626 31
001101627 19
001101628 36
001101629 24
001101630 28
001101631 43
001101632 22
001101633 10
001101634 21
001101635 17
001101636 5
001101637 16
001101638 24
001101639 11
001101640 15
001101641 34
001101642 30
001101643 27
001101644 29
001101645 7
001101646 25
001101647 12
001101648 10
001101649 24
001101650 15
001101651 22
001101652 25
001101653 14
001101654 24
001101655 16
001101656 11
001101657 23
001101658 35
001101659 25
001101660 9
001101661 7
001101662 7
001101663 8
001101664 23
001101665 7
001101666 16
001101667 23
001101668 24
001101669 16
001101670 18
001101671 16
001101672 7
001101673 28
001101674 20
001101675 21
001101676 14
001101677 31
001101678 21
001101679 41
001101680 8
001101681 14
001101682 13
001101683 19
001101684 25
001101685 17
001101686 10
001101687 20
001101689 24
001101690 14
001101691 27
001101692 18
001101693 32
001101694 23
001101695 17
001101696 28
001101697 13
001101698 15
001101699 25
001101700 12
001101701 16
001101702 24
001101703 18
001101704 15
001101705 33
001101706 29
001101707 8
001101708 24
001101709 16
001101710 20
001101711 29
001101712 34
001101713 13
001101714 15
001101715 16
001101716 39
001101717 11
001101718 9
001101719 13
001101720 17
001101721 32
001101722 17
001101723 9
001101724 18
001101726 18
001101727 15
001101728 8
001101729 17
001101730 22
001101731 15
001101732 34
001101733 26
001101734 20
001101735 18
001101736 29
001101737 8
001101738 20
001101739 8
001101740 24
001101741 12
001101742 22
