001291568 96160
001291569 52304
001291570 42528
001291571 99200
001291572 56592
001291573 71520
001291574 44800
001291575 70080
001291576 45440
001291577 120320
001291578 72160
001291579 76000
001291580 96160
001291581 124000
001291582 165120
001291584 45120
001291585 69920
001291586 88960
001291587 55232
001291588 75040
001291589 131680
001291590 105440
001291592 78240
001291593 69760
001291594 91520
001291595 100000
001291596 144480
001291598 149920
001291599 73120
001291600 92000
001291601 129440
001291602 128160
001291603 90368
001291604 148960
001291605 75952
001291607 115536
001291608 95552
001291609 135200
001291610 129919
001291611 81440
001291614 101280
001291615 73280
001291616 99200
001291617 94720
001291618 132960
001291621 78560
001291622 102240
001291624 106880
001291625 119200
001291627 100800
001291628 79840
001291629 95696
001291630 127200
001291632 67360
001291633 58240
001291634 62720
001291636 51840
001291639 126560
001291642 128320
001291643 59200
001291645 87680
001291646 132960
001291650 78880
001291652 116000
001291654 96960
001291656 67040
001291660 127680
001291663 100800
001291664 100160
001291665 92480
001291667 58720
001291671 76640
001291676 123200
001291678 134400
001291679 93280
001291681 70720
001291682 115840
001291683 87200
001291684 117600
001291685 72480
001291686 49120
001291688 85440
001291689 107840
001291690 48320
001291692 110880
001291694 83360
001291695 91360
001291696 127040
001291697 51520
001291700 55360
001291705 80160
001291706 78080
001291707 128639
001291709 52640
001291712 89120
001291713 69440
001291714 65760
001291716 121440
001291717 135360
001291718 78400
001291724 124160
001291725 107040
001291726 94720
001291727 114720
001291728 86880
001291730 84320
001291739 110400
001291744 130096
001291746 73120
001291747 61280
001291748 87840
001291749 113280
001291753 106400
001291755 112160
001291756 125280
001291758 102400
001291762 68320
001291763 90880
001291764 127024
001291765 83520
001291766 92000
001291771 52160
001291774 48656
001291781 93120
001291782 108320
001291783 112000
001291790 55200
001291791 109600
001291792 108592
001291793 143360
001291794 84320
001291795 53120
001291796 117440
001291797 77760
001291798 63840
001291799 56480
001291800 98560
001300001 75056
001300002 161280
001300003 92480
001300004 126080
001300005 148960
001300006 88640
001300007 107040
001300008 93280
001300009 76160
001300010 100480
001300012 130400
001300013 88320
001300014 126880
001300015 95184
001300016 141920
001300017 81600
001300018 89792
001300019 133120
001300020 83680
001300021 49440
001300023 70208
001300024 63056
001300025 90080
001300026 55680
001300027 56480
001300028 50096
001300029 62080
001300030 63840
001300032 65920
001300033 84320
001300034 90240
001300036 58240
001300037 81440
001300038 55200
001300039 63680
001300040 71936
001300041 34320
001300042 40160
001300043 67040
001300045 42544
001300046 48320
001300047 48096
001300048 74880
001300049 49760
001300050 56400
001300052 82880
001300053 39520
001300054 41760
001300055 53520
001300056 59680
001300057 71840
001300058 61920
001300059 53120
001300060 59840
001300061 54416
001300062 58704
001300063 74240
001300064 68160
001300065 60800
001300066 53408
001300067 55680
001300068 65600
001300069 59520
001300070 53488
001300071 51360
001300072 65440
001300073 68800
001300074 80000
001300075 57920
001300076 96480
001300077 55040
001300078 81920
001300079 68640
001300080 45856
001300081 54080
001300082 71360
001300083 57920
001300084 65600
001300085 60480
001300086 60000
001300087 64367
001300088 62240
001300089 90880
001300090 71520
001300091 69120
001300092 106720
001300093 72480
001300094 61600
001300095 64160
001300096 66720
001300097 61280
001300098 88320
001300099 64959
001300100 67840
001300101 95472
001300102 44320
001300103 113600
001300104 82208
001300105 101440
001300106 76800
001300107 123520
001300108 90080
001300109 50176
001300110 107680
001300111 55520
001300112 64277
001300113 66720
001300114 99520
001300115 66208
001300116 72640
001300117 100160
001300118 51456
001300119 66880
001300120 127840
001300121 110880
001300123 63664
001300124 115680
001300125 89264
001300126 79360
001300127 109760
001300128 68800
001300129 77120
001300130 75360
001300131 55072
001300132 55360
001300133 97760
001300134 43200
001300135 105056
001300137 79424
001300141 93440
001300142 88960
001300143 100000
001300144 64720
001300160 131360
001300161 51200
001300162 103680
001300163 55200
001300165 73344
001300166 54400
001300167 78080
001300168 118880
001300170 78240
001300171 66960
001300172 86560
001300173 55216
001300175 67568
001300177 75520
001300178 99520
001300179 51152
001300180 69440
001300181 71840
001300182 115520
001300183 86592
001300184 102080
001300185 85280
001300186 92160
001300187 61664
001300188 90720
001300189 89600
001300190 61248
001300191 76000
001300192 100640
001300193 48640
001300194 101120
001300195 95040
001300197 98240
001300198 73120
001300199 97920
001300200 80000
001300201 88800
001300202 61040
001300203 97280
001300204 67312
001300205 103520
001300206 45616
001300207 99360
001300208 78400
001300209 48160
001300210 82560
001300211 41472
001300212 64747
001300213 43840
001300214 101696
001300215 105600
001300217 75712
001300219 86880
001300220 80000
001300221 51552
001300222 91040
001300223 88320
001300224 45760
001300225 90672
001300226 78240
001300227 80640
001300228 71520
001300229 67680
001300230 64800
001300231 85280
001300232 70400
001300233 97280
001300234 45744
001300235 94400
001300236 52608
001300237 87200
001300238 118096
001300239 63472
001300240 121440
001300241 107200
001300242 89600
001300243 76480
001300244 48400
001300245 88800
001300247 100800
001300248 59360
001300249 55600
001300250 72000
001300251 92000
001300252 93120
001300253 63520
001300254 83840
001300255 60560
001300256 63840
001300257 77504
001300258 79840
001300260 64800
001300261 86560
001300262 76320
001300263 95040
001300264 70240
001300265 72832
001300266 97760
001300267 106400
001300268 92480
001300269 58960
001300270 59600
001300271 82544
001300272 83840
001300273 79360
001300274 60000
001300275 81696
001300276 79360
001300277 93280
001300278 55200
001300280 80320
001300281 104000
001300282 89760
001300283 41600
001300284 118544
001300285 90320
001300286 55040
001300288 122720
001300289 72096
001300290 51604
001300291 112320
001300292 83376
001300293 111200
001300294 62656
001300295 87680
001300296 64160
001300297 74720
001300298 71344
001300299 44907
001300300 77120
001300301 79680
001300303 93760
001300304 101600
001300305 67744
001300306 100000
001300307 60480
001300308 72480
001300309 91946
001300310 47840
001300311 66960
001300312 118656
001300313 124368
001300314 144480
001300315 88160
001300316 43424
001300317 86080
001300318 84800
001300319 68320
001300320 73440
001300321 85120
001300322 56592
001300323 49984
001300324 88480
001300325 56880
001300326 78768
001300327 58576
001300328 56597
001300329 73600
001300330 137504
001300331 95840
001300332 48704
001300333 63888
001300334 93120
001300335 66880
001300336 82400
001300337 93600
001300338 51040
001300339 85440
001300340 73280
001300341 45280
001300342 73440
001300343 87680
001300344 89056
001300345 68640
001300346 65920
001300347 75712
001300348 71280
001300349 80960
001300350 67520
001300351 83584
001300352 101760
001300353 76000
001300354 50400
001300355 89200
001300356 56640
001300357 66400
001300359 85472
001300360 60752
001300361 40160
001300362 89216
001300363 89920
001300364 85120
001300365 84000
001300366 64800
001300367 45200
001300368 88586
001300369 97120
001300370 70400
001300371 41920
001300372 83200
001300373 61760
001300374 45920
001300375 69120
001300376 64800
001300377 85392
001300378 92368
001300379 43040
001300380 43200
001300381 79296
001300382 55124
001300383 46016
001300384 45760
001300385 93632
001300386 111680
001300387 35008
001300388 76640
001300389 66720
001300390 52320
001300391 74336
001300392 60000
001300393 111520
001300395 74400
001300396 43840
001300397 51370
001300398 57120
001300399 52480
001300400 108560
001301401 58416
001301402 73280
001301403 65920
001301404 81920
001301405 69280
001301406 52576
001301407 63210
001301408 68160
001301409 49776
001301411 70880
001301412 67680
001301413 38240
001301414 74880
001301415 53920
001301416 59578
001301418 54720
001301419 50880
001301420 43296
001301421 40960
001301422 49365
001301423 46240
001301424 49760
001301425 52800
001301426 51360
001301427 65872
001301428 48800
001301429 45376
001301430 57716
001301431 40960
001301432 69600
001301433 69600
001301434 56235
001301435 49578
001301436 58794
001301438 55040
001301439 67040
001301440 40784
001301441 55040
001301442 59984
001301443 58352
001301444 72640
001301445 47040
001301446 66448
001301447 57120
001301448 52000
001301449 53120
001301450 60160
001301451 66368
001301452 77392
001301453 66240
001301454 43360
001301456 63200
001301457 67216
001301458 77120
001301459 49808
001301460 58720
001301461 58720
001301463 65280
001301464 59632
001301465 48960
001301466 56800
001301467 49760
001301468 59648
001301469 58544
001301470 56480
001301471 49440
001301472 59024
001301473 46240
001301474 48000
001301475 63520
001301476 55200
001301477 57994
001301478 47840
001301479 64000
001301480 80160
001301481 57168
001301482 60640
001301483 53280
001301484 47520
001301485 54240
001301487 72160
001301488 51424
001301489 70400
001301490 47200
001301491 47088
001301492 52992
001301493 44138
001301495 48000
001301496 57280
001301498 54720
001301499 56320
001301500 57440
001301501 48256
001301502 57333
001301503 80960
001301504 101760
001301505 71840
001301506 53120
001301507 92640
001301508 39824
001301509 59072
001301510 67840
001301511 93440
001301512 84768
001301513 77120
001301514 66080
001301515 86080
001301516 89418
001301517 76597
001301518 87360
001301519 98400
001301520 92288
001301521 76747
001301522 41120
001301523 57408
001301524 51040
001301525 100800
001301526 42880
001301527 82324
001301528 71520
001301529 49963
001301530 58960
001301531 70144
001301532 58261
001301533 109760
001301534 84256
001301535 41898
001301536 50656
001301537 89600
001301538 51792
001301539 74240
001301541 80480
001301542 51520
001301543 59040
001301545 63124
001301546 78720
001301547 109280
001301548 89760
001301549 45792
001301550 62352
001301551 93104
001301552 43648
001301553 106368
001301554 95760
001301555 54720
001301556 53280
001301557 98720
001301558 66192
001301559 88480
001301560 63040
001301561 85920
001301562 69696
001301563 70880
001301564 51840
001301565 43840
001301566 104368
001301567 66080
001301568 58608
001301569 105760
001301570 59392
001301571 105920
001301572 65872
001301573 51488
001301574 41440
001301575 77920
001301576 88948
001301577 55659
001301578 74400
001301579 56304
001301581 92160
001301583 46416
001301584 69440
001301585 88800
001301586 68800
001301587 67200
001301589 47840
001301590 83040
001301592 36651
001301593 100992
001301594 52864
001301595 89280
001301596 48416
001301597 124960
001301598 96512
001301599 55040
001301600 99040
001301601 64480
001301602 84640
001301603 75360
001301604 47840
001301605 81280
001301606 55466
001301607 64319
001301608 77248
001301609 42544
001301610 61440
001301611 49339
001301612 59360
001301613 95360
001301614 99520
001301615 69760
001301616 87520
001301617 52080
001301618 65776
001301619 71680
001301620 53600
001301621 103840
001301622 49120
001301623 62496
001301624 49296
001301625 80640
001301626 47840
001301627 51360
001301628 80160
001301629 60320
001301630 43115
001301631 94720
001301632 59221
001301633 80800
001301634 61616
001301635 109760
001301636 69984
001301637 72448
001301638 41600
001301639 55200
001301640 105120
001301641 91200
001301642 97120
001301643 52480
001301644 62560
001301645 107040
001301646 61120
001301647 79360
001301648 52640
001301649 50176
001301650 56976
001301651 46080
001301652 68000
001301653 63680
001301654 77440
001301655 90560
001301657 66240
001301658 70240
001301659 58016
001301660 67680
001301661 90560
001301662 54880
001301663 86880
001301664 115200
001301665 97440
001301666 81440
001301667 58720
001301668 112640
001301669 86880
001301670 62608
001301671 74544
001301672 68480
001301673 67264
001301674 75232
001301675 72640
001301676 48640
001301677 96160
001301678 87360
001301681 86400
001301682 76661
001301683 56320
001301684 92160
001301685 74720
001301686 63360
001301687 58720
001301688 46448
001301689 51680
001301690 51840
001301691 77056
001301692 38400
001301693 72800
001301694 54400
001301695 67056
001301696 67840
001301697 66416
001301698 50720
001301700 75200
001301701 86880
001301702 50080
001301703 50784
001301704 66480
001301706 79189
001301707 89920
001301708 67856
001301710 101760
001301711 54192
001301712 91040
001301713 87040
001301714 67764
001301715 61760
001301716 92000
001301718 64800
001301719 107520
001301720 92640
001301721 117920
001301722 96640
001301723 73707
001301724 113424
001301725 115584
001301726 128464
001301727 63648
001301728 82400
001301729 98240
001301730 75840
001301731 39856
001301732 76960
001301733 86400
001301734 86880
001301735 79360
001301736 44352
001301737 125280
001301738 52624
001301739 60320
001301740 47680
001301741 63188
001301742 36960
001301743 55520
001301744 95184
001301745 93040
001301746 84608
001301747 75114
001301748 89024
001301749 59456
001301750 56160
001301751 121440
001301752 51888
001301753 75664
001301754 58240
001301755 95424
001301756 58464
001301757 54704
001301758 47488
001301759 96160
001301761 58240
001301762 48960
001301763 87680
001301764 54208
001301765 64288
001301766 66880
001301767 73440
001301768 79680
001301771 118731
001301772 109376
001301773 41120
001301775 67328
001301776 67520
001301777 59104
001301778 71040
001301779 57584
001301780 92000
001301781 93296
001301782 59520
001301783 70960
001301784 92960
001301785 45824
001301786 58400
001301787 63360
001301788 93920
001301789 52160
001301790 102464
001301791 99200
001301792 46400
001301793 79840
001301794 70880
001301795 88320
001301796 51040
001301797 78400
001301798 55040
001301799 56000
001301800 99680
001310001 66976
001310002 141600
001310003 86240
001310005 146080
001310006 84192
001310007 123504
001310008 93440
001310009 71680
001310010 85280
001310011 68896
001310012 126224
001310013 73552
001310014 137280
001310015 100416
001310016 131840
001310017 78400
001310018 75360
001310019 120960
001310020 73920
001310021 41280
001310022 54528
001310023 58176
001310024 53920
001310025 70240
001310026 50880
001310027 50720
001310028 48032
001310029 52800
001310030 51040
001310031 59040
001310033 82080
001310034 84640
001310035 42176
001310036 56800
001310037 78560
001310038 50080
001310040 57120
001310041 31360
001310042 35344
001310043 48080
001310044 40960
001310046 37968
001310047 41920
001310049 43776
001310050 48000
001310051 36480
001310052 61760
001310053 35568
001310054 33568
001310055 47472
001310056 55616
001310057 58560
001310058 49120
001310059 48576
001310060 55472
001310062 49632
001310063 62400
001310064 52800
001310065 54080
001310067 56480
001310068 68800
001310070 49520
001310071 45760
001310072 61552
001310073 64480
001310074 66720
001310075 50400
001310076 87210
001310078 78256
001310079 58400
001310081 54080
001310082 77280
001310083 50880
001310084 53392
001310085 53920
001310086 61760
001310087 68160
001310088 69760
001310090 70080
001310091 72640
001310093 68864
001310094 54992
001310095 61920
001310096 73600
001310097 59200
001310098 77920
001310099 81568
001310100 72320
001310101 34400
001310102 95840
001310103 86240
001310104 120320
001310105 60640
001310106 45440
001310107 103520
001310109 162880
001310110 62400
001310111 85280
001310112 84128
001310114 57920
001310116 110240
001310118 52160
001310119 89024
001310120 109600
001310121 119664
001310123 80640
001310124 96160
001310125 105280
001310126 49120
001310127 59632
001310128 64640
001310129 44960
001310130 60320
001310131 129440
001310132 94560
001310133 51541
001310134 80256
001310135 40752
001310137 76480
001310138 54576
001310139 98656
001310140 58064
001310141 87040
001310142 68640
001310143 84960
001310144 108960
001310145 56176
001310146 50480
001310147 40320
001310148 76960
001310149 48160
001310150 78112
001310151 96944
001310152 106448
001310153 76480
001310154 61296
001310155 111840
001310156 138032
001310157 41920
001310158 70720
001310159 112608
001310160 68320
001310162 72208
001310163 100160
001310164 75408
001310167 72640
001310168 102256
001310169 81568
001310170 99680
001310172 93120
001310173 100160
001310174 60800
001310175 97568
001310176 81984
001310177 98240
001310178 65104
001310179 49424
001310180 84416
001310181 97760
001310182 41760
001310184 103680
001310186 87776
001310188 142560
001310189 115040
001310190 93280
001310191 46240
001310192 78400
001310193 80640
001310194 56800
001310195 95520
001310196 52480
001310197 51040
001310198 102560
001310200 52480
001310201 62880
001310202 64160
001310203 82080
001310204 76000
001310205 82240
001310207 58352
001310209 71040
001310210 63200
001310211 53872
001310212 61840
001310213 43520
001310214 112480
001310215 83680
001310216 89216
001310217 85760
001310218 59840
001310219 58560
001310220 87456
001310222 69280
001310223 94512
001310224 85440
001310225 86240
001310226 53360
001310227 77280
001310228 77280
001310229 114400
001310230 64160
001310233 88320
001310235 63680
001310236 75520
001310237 88480
001310238 62080
001310239 74880
001310240 72512
001310242 75360
001310243 108000
001310244 79504
001310245 106272
001310246 83200
001310247 68816
001310248 62880
001310249 80800
001310250 128960
001310251 84320
001310252 69600
001310253 77008
001310255 77056
001310257 61120
001310258 85600
001310259 93600
001310260 72480
001310261 40960
001310262 75840
001310263 124640
001310264 93184
001310265 108000
001310267 114240
001310269 39520
001310270 121600
001310271 66080
001310272 69600
001310273 124528
001310274 115760
001310275 39520
001310276 62608
001310277 64480
001310278 80960
001310279 112000
001310280 56832
001310281 76704
001310282 74176
001310283 83024
001310284 72304
001310285 108800
001310286 102880
001310287 101760
001310288 87200
001310289 79216
001310290 93120
001310291 102224
001310293 80656
001310294 88800
001310295 66624
001310296 98656
001310297 91472
001310298 61024
001310299 77200
001310300 60528
001310301 106544
001310302 59520
001310303 105440
001310304 120480
001310306 115520
001310307 126816
001310308 66640
001310309 119040
001310310 84864
001310311 89760
001310313 50400
001310315 61184
001310316 102288
001310317 73600
001310318 69056
001310319 72000
001310320 92640
001310321 99200
001310322 93440
001310323 72000
001310324 97184
001310325 94816
001310326 96160
001310327 105360
001310329 93488
001310331 96112
001310332 85248
001310333 75520
001310334 128639
001310335 106240
001310336 97968
001310337 97600
001310338 93600
001310339 95024
001310340 49120
001310341 52640
001310342 84800
001310343 67200
001310344 45280
001310345 98400
001310346 133440
001310348 74848
001310349 102560
001310350 88096
001310351 46496
001310352 98800
001310353 47488
001310354 75040
001310355 54560
001310356 131024
001310357 57088
001310358 110720
001310359 83360
001310360 71744
001310361 108352
001310362 95024
001310363 47360
001310364 95200
001310365 97920
001310366 50064
001310367 108960
001310368 61120
001310369 64016
001310370 33280
001310371 53760
001310372 48960
001310373 64640
001310374 55520
001310375 82080
001310376 57600
001310377 112320
001310378 90880
001310379 150880
001310380 59520
001310381 82080
001310382 77200
001310384 94400
001310385 55200
001310387 53760
001310388 74720
001310389 92800
001310391 49904
001310392 97008
001310393 128256
001310394 86400
001310395 52160
001310396 136000
001310397 120960
001310398 72640
001310399 75360
001310400 110768
001311401 56800
001311402 77712
001311403 63520
001311404 85600
001311405 67040
001311406 50528
001311407 54528
001311408 67520
001311410 88320
001311411 70240
001311412 80160
001311413 39216
001311414 75680
001311415 52160
001311416 60960
001311417 88144
001311418 55680
001311419 51552
001311422 52480
001311423 44784
001311424 56480
001311425 49440
001311426 54400
001311427 67824
001311428 41600
001311429 44640
001311430 61440
001311431 41600
001311432 65760
001311433 79984
001311434 57120
001311435 52640
001311436 57472
001311438 52800
001311439 81296
001311441 61120
001311442 69216
001311444 76480
001311445 51520
001311447 56320
001311448 52960
001311449 53920
001311450 60320
001311451 57792
001311452 69056
001311453 71040
001311454 41696
001311456 64608
001311457 67568
001311458 81280
001311459 51648
001311460 55200
001311463 68320
001311464 61600
001311465 53440
001311466 65200
001311467 51952
001311470 59680
001311471 53248
001311472 60480
001311473 54688
001311474 48272
001311475 65760
001311476 58592
001311477 63376
001311478 50560
001311479 59040
001311480 81920
001311481 80896
001311482 58880
001311484 51296
001311485 56896
001311486 51072
001311487 68960
001311489 75040
001311490 48480
001311491 52800
001311494 55200
001311495 51136
001311496 62064
001311497 54032
001311498 59520
001311500 59200
001311501 89280
001311502 71840
001311503 51664
001311504 104416
001311505 98400
001311506 67680
001311507 83680
001311508 106240
001311509 72288
001311510 112800
001311511 107200
001311512 81088
001311513 113712
001311514 56848
001311515 49280
001311516 109760
001311517 72704
001311518 38528
001311519 56000
001311521 83840
001311523 54400
001311524 98400
001311525 99040
001311526 131344
001311527 85120
001311528 125344
001311529 59088
001311530 92640
001311531 96480
001311532 55488
001311533 65920
001311535 115040
001311536 116000
001311537 45600
001311538 128000
001311539 65760
001311540 45664
001311541 58896
001311542 75008
001311544 162720
001311545 95472
001311546 95312
001311547 99904
001311548 97776
001311549 78080
001311550 72480
001311551 120000
001311552 66032
001311553 97280
001311554 72320
001311555 37920
001311556 103520
001311557 50560
001311558 70736
001311559 51360
001311560 64416
001311561 72960
001311562 98224
001311563 108320
001311564 58400
001311565 96320
001311566 100160
001311567 119520
001311568 65760
001311569 90768
001311570 68640
001311571 89120
001311572 73408
001311573 53712
001311574 67680
001311575 86080
001311576 105280
001311577 162880
001311578 64831
001311579 120176
001311580 106080
001311581 139520
001311582 103200
001311583 94720
001311584 93392
001311585 94080
001311586 71632
001311587 84736
001311588 57888
001311589 116800
001311590 45216
001311591 133600
001311592 53600
001311593 58400
001311594 110992
001311595 61712
001311596 104160
001311597 84640
001311598 127200
001311599 65440
001311600 185760
001311602 100576
001311603 84960
001311604 84896
001311605 104960
001311606 116000
001311607 113328
001311608 101888
001311609 97440
001311613 72480
001311614 85728
001311615 120640
001311616 86400
001311617 87520
001311618 80480
001311619 77536
001311620 42704
001311621 45280
001311622 132944
001311623 85584
001311624 150656
001311625 134544
001311626 57440
001311627 39680
001311629 111472
001311630 85712
001311631 50704
001311632 73600
001311633 152960
001311634 118336
001311635 66816
001311636 107520
001311637 109120
001311638 54880
001311640 40160
001311641 68480
001311642 64480
001311643 75904
001311644 101280
001311645 94272
001311646 96800
001311647 76800
001311648 81120
001311650 80960
001311651 107952
001311652 109696
001311653 52352
001311654 94240
001311655 128240
001311657 99360
001311658 82880
001311659 97920
001311661 80672
001311663 125408
001311664 99200
001311665 103840
001311666 58240
001311667 49440
001311668 64319
001311669 168320
001311670 82848
001311671 100768
001311672 84800
001311673 120640
001311674 52640
001311675 81280
001311676 85712
001311677 69360
001311678 64160
001311679 104000
001311680 63472
001311681 65215
001311682 96880
001311683 54720
001311684 84784
001311685 111248
001311686 94400
001311687 86720
001311688 68576
001311691 51680
001311692 65760
001311693 75840
001311694 69920
001311695 56800
001311696 49120
001311697 77136
001311698 75200
001311699 66880
001311700 94336
001311701 60000
001311702 49248
001311703 79360
001311704 94560
001311705 95680
001311707 102240
001311708 86304
001311709 86880
001311710 74880
001311711 157120
001311712 100784
001311713 93920
001311714 134240
001311715 75040
001311716 72800
001311717 50880
001311718 95344
001311720 122400
001311721 42720
001311722 123952
001311723 96848
001311724 89888
001311725 48160
001311726 85216
001311727 96256
001311728 55232
001311729 53920
001311730 65760
001311731 89264
001311732 165120
001311733 82240
001311734 109600
001311735 61568
001311736 41744
001311737 80624
001311738 36768
001311739 140320
001311741 175040
001311742 88160
001311743 76619
001311744 93600
001311745 54880
001311746 62400
001311747 95840
001311748 80480
001311749 79488
001311750 70628
001311751 109120
001311752 99360
001311753 91616
001311754 44928
001311755 73440
001311756 98560
001311757 77728
001311758 91312
001311759 125600
001311760 74240
001311761 107360
001311762 79680
001311763 78720
001311764 128943
001311765 72480
001311766 44960
001311767 143040
001311768 86400
001311769 84640
001311770 45072
001311771 49205
001311772 52480
001311773 48768
001311774 104480
001311775 72480
001311776 71040
001311777 45920
001311778 81172
001311779 92992
001311780 65360
001311781 106560
001311782 98240
001311784 67520
001311785 45040
001311786 58720
001311787 88176
001311788 68752
001311789 66688
001311790 79456
001311791 94240
001311792 41760
001311793 57600
001311794 86880
001311795 92000
001311796 64480
001311797 58400
001311798 111088
001311799 52640
001311800 121120
001320001 65376
001320002 167360
001320003 111904
001320004 114816
001320005 149088
001320006 89696
001320007 112436
001320008 107189
001320010 118080
001320011 103680
001320012 176800
001320013 118805
001320014 154272
001320015 154602
001320016 207531
001320017 100341
001320019 173920
001320020 108362
001320021 52480
001320024 76320
001320026 69248
001320027 65600
001320028 59968
001320029 69130
001320030 78368
001320032 80224
001320033 97760
001320034 127764
001320036 66368
001320037 109856
001320039 73712
001320040 77968
001320043 82848
001320047 52144
001320048 96928
001320049 56304
001320050 69984
001320052 79056
001320053 49760
001320056 111040
001320057 87520
001320058 70544
001320059 73600
001320060 77600
001320061 67840
001320062 65760
001320063 85120
001320064 81760
001320065 81440
001320067 64800
001320068 99840
001320069 69696
001320070 66720
001320072 72480
001320073 82400
001320074 90176
001320075 78240
001320077 63680
001320078 99520
001320079 84640
001320080 62480
001320081 64160
001320082 110400
001320083 77440
001320084 82240
001320085 77920
001320086 86720
001320087 110320
001320088 91360
001320089 129440
001320090 94720
001320091 113600
001320092 140320
001320093 102880
001320094 69440
001320095 89600
001320096 74080
001320097 72800
001320098 112160
001320100 76320
001320101 65232
001320102 67200
001320103 79520
001320104 122656
001320105 54320
001320106 80000
001320107 98720
001320108 163088
001320109 51296
001320112 101920
001320113 108160
001320114 142880
001320115 160800
001320116 98240
001320117 117280
001320118 121280
001320120 168480
001320121 76288
001320122 57984
001320123 113920
001320124 67200
001320125 146560
001320126 217600
001320128 68608
001320129 155840
001320130 48960
001320132 156800
001320133 85920
001320134 161440
001320137 146880
001320138 81744
001320139 64640
001320140 94080
001320141 122880
001320142 131680
001320143 114400
001320144 107360
001320146 78912
001320147 90400
001320148 114912
001320149 141120
001320150 157280
001320151 168704
001320152 112224
001320153 70336
001320154 150880
001320155 165920
001320156 110400
001320157 141600
001320158 109136
001320159 90080
001320161 59248
001320162 70832
001320163 118416
001320164 45184
001320165 120320
001320166 121056
001320167 65776
001320168 151200
001320170 67840
001320171 77760
001320172 169440
001320173 94400
001320174 98240
001320175 128960
001320176 74880
001320177 47840
001320178 146560
001320180 96480
001320182 144960
001320183 76336
001320184 148640
001320185 100800
001320186 54720
001320187 201600
001320188 56000
001320190 182880
001320191 138128
001320192 138608
001320193 43200
001320194 136640
001320195 97808
001320196 84480
001320197 92160
001320198 135680
001320199 51616
001320200 152000
001320201 71840
001320202 128064
001320203 50512
001320204 56800
001320205 117280
001320206 75040
001320207 120128
001320208 105280
001320209 169440
001320210 68640
001320211 165760
001320212 111360
001320213 134880
001320214 96480
001320215 58560
001320216 95744
001320217 40384
001320218 127056
001320219 72800
001320221 63200
001320222 112080
001320224 112160
001320225 97280
001320226 105280
001320228 86192
001320229 56171
001320230 48960
001320231 141600
001320232 149440
001320233 52128
001320234 89920
001320235 72640
001320236 73984
001320238 70960
001320239 156640
001320240 70608
001320241 63200
001320242 117440
001320243 39680
001320244 168192
001320245 130479
001320247 159200
001320248 113280
001320249 173280
001320250 53120
001320251 144480
001320252 93056
001320253 122176
001320254 115360
001320255 132480
001320256 63744
001320257 79360
001320258 182880
001320259 70720
001320260 104000
001320261 176960
001320263 88480
001320264 104000
001320265 130400
001320267 167040
001320268 47424
001320269 152960
001320270 109280
001320271 119040
001320272 88480
001320273 107840
001320275 155504
001320276 184800
001320277 172160
001320278 129407
001320280 109600
001320281 97760
001320282 85920
001320284 146816
001320285 60624
001320286 102048
001320287 60320
001320288 152000
001320289 65728
001320290 128800
001320291 88496
001320292 149440
001320293 112304
001320294 115840
001320295 186400
001320296 56640
001320297 51584
001320298 52912
001320300 67968
001320302 119520
001320303 124480
001320304 128000
001320305 117120
001320306 107360
001320308 77920
001320309 57120
001320310 104320
001320311 121440
001320312 100816
001320313 58410
001320314 126544
001320315 97904
001320317 52880
001320318 165920
001320320 125760
001320322 79520
001320324 73296
001320325 173040
001320326 73920
001320328 95360
001320329 136272
001320330 77488
001320331 133440
001320332 107040
001320335 125600
001320336 91200
001320337 89440
001320338 120256
001320339 72160
001320340 114240
001320341 76000
001320342 115680
001320343 105920
001320344 206240
001320345 60000
001320346 186720
001320347 72320
001320348 68320
001320349 122080
001320350 117120
001320351 62720
001320352 109520
001320353 93984
001320354 52080
001320355 89440
001320356 63200
001320357 125920
001320358 194560
001320359 220960
001320361 86560
001320363 78240
001320364 153120
001320365 185440
001320366 71285
001320367 131520
001320368 112976
001320369 133440
001320370 66720
001320371 64319
001320373 99040
001320374 100160
001320375 159056
001320376 86720
001320377 143840
001320378 79360
001320379 94720
001320380 113120
001320381 77968
001320382 68320
001320383 46400
001320384 126880
001320385 73392
001320386 124000
001320387 88320
001320388 128960
001320389 147680
001320391 86240
001320393 183840
001320394 134080
001320395 112000
001320396 121440
001320397 127680
001320399 101760
001320400 113248
001321401 73936
001321402 82448
001321403 73056
001321404 92000
001321405 77920
001321406 67360
001321407 71200
001321408 94720
001321409 52320
001321410 80960
001321411 105120
001321412 104160
001321413 41280
001321414 124160
001321415 65040
001321416 87360
001321417 128639
001321418 84160
001321419 79520
001321421 51040
001321422 73152
001321423 61920
001321424 77872
001321425 67360
001321427 107200
001321428 63040
001321429 59040
001321430 81920
001321431 55840
001321432 87040
001321433 105440
001321434 84000
001321435 74144
001321436 75680
001321438 77440
001321440 61408
001321441 84000
001321442 86368
001321443 87200
001321444 125120
001321445 68640
001321447 82880
001321448 82560
001321449 74080
001321450 94400
001321451 98720
001321453 102208
001321454 54560
001321455 126880
001321457 87040
001321458 123680
001321459 66080
001321460 77120
001321461 96160
001321463 125760
001321464 87200
001321465 73760
001321466 85600
001321467 87200
001321470 87360
001321471 78720
001321473 56800
001321474 66240
001321475 99200
001321476 93920
001321477 95040
001321478 81600
001321479 80320
001321480 161600
001321481 82080
001321482 77600
001321483 82240
001321485 78720
001321487 126080
001321488 86896
001321489 129919
001321490 71840
001321491 78880
001321492 75200
001321493 62720
001321494 80800
001321495 70560
001321496 103040
001321497 70560
001321498 83808
001321499 87200
001321500 82832
001321502 56832
001321504 111520
001321505 168800
001321506 105920
001321508 88160
001321509 145920
001321510 121760
001321511 205920
001321512 109280
001321513 172480
001321514 149920
001321515 95040
001321516 74080
001321517 60160
001321518 91040
001321519 161387
001321520 68000
001321521 192800
001321522 173920
001321523 121280
001321524 196160
001321525 98560
001321526 90880
001321527 97280
001321528 62560
001321529 161280
001321530 69280
001321532 85920
001321533 74880
001321534 69600
001321535 126720
001321536 83520
001321537 127200
001321538 138560
001321540 82240
001321541 160080
001321542 104480
001321543 161920
001321544 107200
001321545 153760
001321546 112000
001321547 152320
001321549 106720
001321550 55680
001321551 95360
001321554 72960
001321555 93728
001321557 130560
001321558 83200
001321559 103200
001321561 178880
001321562 80640
001321563 133760
001321566 125920
001321567 85600
001321568 173280
001321569 133280
001321570 69360
001321572 115680
001321573 118880
001321574 126400
001321576 107360
001321577 149280
001321578 167200
001321579 159200
001321582 174400
001321583 100320
001321584 100640
001321585 61440
001321586 129759
001321587 157760
001321588 91520
001321589 84960
001321590 191520
001321591 115680
001321594 149312
001321595 129600
001321596 80624
001321597 75680
001321598 98352
001321599 161920
001321600 76800
001321603 116480
001321604 148160
001321605 108480
001321606 168320
001321607 73920
001321609 126560
001321611 116000
001321612 108000
001321613 139488
001321614 160160
001321615 119040
001321616 85760
001321617 109712
001321618 58192
001321620 148960
001321622 142560
001321623 111040
001321624 105376
001321625 75360
001321626 83840
001321627 81760
001321628 68480
001321629 201120
001321630 55040
001321631 172800
001321632 95248
001321634 175520
001321635 63072
001321636 101920
001321637 75840
001321638 83444
001321639 119200
001321640 107520
001321641 58240
001321642 143520
001321643 72928
001321644 93440
001321646 159200
001321647 58240
001321648 103040
001321649 157280
001321650 59840
001321651 75840
001321652 95008
001321653 100560
001321654 136960
001321655 131520
001321656 80000
001321657 142400
001321658 119680
001321659 74720
001321660 87520
001321661 132480
001321663 124800
001321664 139200
001321665 114080
001321666 69280
001321667 149760
001321669 75984
001321670 72800
001321671 55360
001321672 110720
001321673 50560
001321674 66080
001321675 146496
001321677 124960
001321678 155840
001321679 142208
001321680 47360
001321681 155840
001321682 135168
001321683 52160
001321685 167152
001321686 143744
001321687 61440
001321688 102480
001321690 78240
001321691 76800
001321692 116320
001321694 77008
001321695 122320
001321696 112368
001321697 90240
001321698 138400
001321700 104640
001321702 54160
001321703 130240
001321704 119040
001321705 105760
001321706 75680
001321707 107040
001321708 122256
001321709 79200
001321710 40800
001321711 171200
001321712 212480
001321713 138880
001321714 196800
001321716 103520
001321717 70384
001321718 149920
001321719 185760
001321720 110560
001321721 78000
001321722 128320
001321723 167680
001321725 87360
001321726 141440
001321727 183840
001321728 141920
001321729 116800
001321730 118720
001321732 120640
001321733 162560
001321734 165120
001321735 190080
001321736 139360
001321737 137120
001321738 87040
001321740 147200
001321741 90080
001321742 179360
001321743 139040
001321744 87200
001321745 106720
001321746 120640
001321747 123520
001321748 67520
001321750 82176
001321751 101920
001321752 102720
001321753 60160
001321755 218448
001321757 171040
001321758 121920
001321759 92000
001321760 85920
001321763 101760
001321764 152320
001321765 144640
001321766 145760
001321767 106528
001321769 123360
001321770 74080
001321771 80464
001321772 103840
001321773 88960
001321774 103840
001321775 93600
001321776 86240
001321777 192000
001321778 61760
001321779 89760
001321780 166400
001321781 90400
001321783 138720
001321784 71680
001321785 58400
001321786 95680
001321787 166400
001321788 90720
001321789 85504
001321790 156000
001321791 92000
001321792 82560
001321793 117600
001321795 107040
001321796 114080
001321798 92480
001321799 139840
001330002 151312
001330003 87440
001330004 116000
001330005 143360
001330006 98112
001330008 92320
001330009 71520
001330010 98304
001330013 83680
001330014 129600
001330015 113440
001330016 148480
001330018 94560
001330019 132160
001330020 75504
001330021 48960
001330022 67664
001330023 73440
001330025 78240
001330026 61920
001330027 52288
001330028 48320
001330029 66880
001330030 70400
001330031 72480
001330032 66400
001330033 79360
001330034 96000
001330035 42240
001330036 57760
001330037 78880
001330038 62720
001330040 74080
001330041 35360
001330042 38240
001330043 68800
001330044 49600
001330045 45120
001330046 43520
001330048 85760
001330049 55520
001330050 53440
001330052 75680
001330055 63680
001330056 75200
001330058 60800
001330059 59680
001330060 69744
001330061 59840
001330063 83040
001330064 62880
001330065 61920
001330066 58240
001330067 67840
001330068 73440
001330069 71360
001330071 52320
001330072 72960
001330073 64640
001330074 72800
001330075 60320
001330077 57280
001330078 82560
001330081 58560
001330082 85600
001330083 59520
001330084 65440
001330085 73920
001330086 82400
001330087 69120
001330088 71840
001330089 104800
001330090 73760
001330091 86560
001330092 123360
001330093 80960
001330094 64319
001330095 76960
001330096 59360
001330098 91824
001330099 70080
001330100 80640
001330102 111680
001330103 73440
001330105 121120
001330106 97920
001330107 113440
001330108 131840
001330109 131840
001330110 80592
001330111 84320
001330112 66384
001330113 47680
001330114 118720
001330115 65280
001330116 67360
001330117 138880
001330118 77440
001330119 69120
001330120 112640
001330121 78240
001330122 100384
001330123 63520
001330124 90400
001330125 64640
001330127 115680
001330128 101280
001330129 64000
001330130 72528
001330132 83360
001330134 74560
001330135 96000
001330136 88976
001330137 113280
001330138 73600
001330139 119360
001330140 140640
001330141 99520
001330142 77120
001330144 105120
001330145 95040
001330146 65760
001330147 94880
001330148 92160
001330149 125120
001330150 76640
001330151 59520
001330152 89600
001330155 81440
001330156 106880
001330157 69920
001330158 137104
001330159 74880
001330160 69600
001330161 108800
001330162 88000
001330163 101120
001330164 130240
001330165 59040
001330168 128320
001330169 84000
001330170 56480
001330171 60960
001330172 141920
001330173 72960
001330174 116000
001330175 65760
001330176 73760
001330177 110080
001330178 99360
001330179 88160
001330180 122400
001330181 69280
001330182 87680
001330183 126448
001330184 133600
001330185 100480
001330186 71520
001330187 118880
001330188 54368
001330189 85760
001330190 145760
001330191 98400
001330192 54720
001330193 112800
001330195 102080
001330196 68896
001330197 87200
001330198 130880
001330199 97440
001330201 59040
001330202 122400
001330203 88960
001330204 110240
001330205 96480
001330206 117760
001330207 78240
001330208 116480
001330209 134384
001330210 51680
001330211 121600
001330212 80320
001330213 76800
001330214 74080
001330215 98080
001330216 50080
001330217 84320
001330218 92160
001330219 51360
001330220 56800
001330221 80320
001330222 112320
001330223 94080
001330224 77280
001330225 118240
001330227 83680
001330228 107680
001330230 51040
001330231 49440
001330232 114880
001330233 68144
001330234 72480
001330235 103360
001330236 121760
001330237 98400
001330238 91120
001330239 90720
001330240 99200
001330241 126560
001330242 80800
001330243 145760
001330244 109120
001330245 92160
001330247 104640
001330248 97760
001330249 71200
001330250 73440
001330251 65760
001330252 112320
001330253 77568
001330254 67200
001330255 99088
001330256 68800
001330257 93504
001330258 105920
001330259 92320
001330260 98240
001330261 135184
001330262 80800
001330263 61280
001330264 94560
001330265 60640
001330266 70400
001330267 86240
001330268 49440
001330269 107520
001330270 81760
001330271 96160
001330273 66240
001330275 159840
001330276 39840
001330277 102560
001330278 111200
001330279 154880
001330280 78880
001330281 163563
001330282 71200
001330283 121760
001330284 67040
001330285 115200
001330286 103520
001330287 74240
001330288 125120
001330289 82720
001330290 106560
001330291 88480
001330292 49920
001330293 107680
001330294 119360
001330295 105760
001330296 69920
001330298 56160
001330299 53600
001330300 152560
001330301 51680
001330303 124320
001330304 142240
001330305 64959
001330306 113920
001330307 48320
001330308 80160
001330310 61440
001330311 68640
001330312 144160
001330313 109760
001330314 116480
001330315 124480
001330316 115680
001330317 90720
001330318 80640
001330320 48800
001330321 65424
001330322 130880
001330323 90720
001330324 114400
001330325 95440
001330326 110400
001330327 52992
001330328 76160
001330329 97120
001330330 65440
001330331 118560
001330332 94560
001330334 89920
001330335 101760
001330336 71840
001330337 135040
001330338 124000
001330339 84960
001330340 114720
001330341 72320
001330342 128479
001330343 113920
001330346 88000
001330347 48960
001330348 92800
001330349 90912
001330350 74880
001330351 110240
001330353 136160
001330355 72320
001330356 97888
001330357 52000
001330358 95040
001330359 67520
001330360 48960
001330361 103040
001330362 103840
001330363 98080
001330364 75360
001330365 108960
001330366 129919
001330367 121280
001330368 86464
001330369 80000
001330370 93920
001330371 111520
001330372 78560
001330374 66240
001330375 55520
001330376 100160
001330377 72000
001330378 114560
001330379 106400
001330380 70720
001330381 104800
001330382 114240
001330383 64000
001330384 143200
001330385 57280
001330386 105600
001330387 115360
001330388 93600
001330389 65440
001330390 65920
001330392 118400
001330393 77760
001330394 100960
001330395 88480
001330396 125760
001330397 90880
001330398 102720
001330399 72160
001330400 94400
001331402 75360
001331403 75408
001331404 92640
001331405 68496
001331406 62080
001331407 69760
001331408 82240
001331409 45440
001331410 63840
001331411 87840
001331412 78720
001331413 41120
001331414 101120
001331415 61440
001331416 68800
001331417 104480
001331418 63680
001331419 63520
001331420 57440
001331421 48960
001331422 56320
001331423 54240
001331424 65280
001331425 57120
001331426 58400
001331427 89280
001331428 57920
001331429 51200
001331430 67040
001331431 52640
001331432 78560
001331433 91840
001331434 62880
001331435 62240
001331436 62720
001331437 60000
001331438 70560
001331439 90240
001331440 44480
001331441 61760
001331442 66080
001331443 85440
001331444 94240
001331445 60320
001331446 77920
001331447 78880
001331448 57760
001331449 64800
001331450 78880
001331451 96640
001331452 87360
001331453 72160
001331454 50080
001331455 87520
001331456 73760
001331457 75360
001331458 100960
001331459 57120
001331460 61280
001331461 76320
001331462 51200
001331463 70240
001331464 80640
001331465 62400
001331466 74400
001331467 57440
001331468 70240
001331469 73600
001331470 65440
001331471 63520
001331472 73280
001331473 57920
001331474 63040
001331475 114080
001331476 69120
001331477 75840
001331478 69760
001331479 67360
001331480 98080
001331481 78080
001331482 65920
001331483 59040
001331484 60320
001331485 67360
001331487 69920
001331488 73600
001331489 93440
001331490 62880
001331491 56480
001331492 70240
001331493 59360
001331494 64640
001331495 56000
001331496 72640
001331497 52000
001331498 66720
001331500 70880
001331501 61440
001331502 133440
001331503 74720
001331504 93280
001331505 95520
001331506 48320
001331507 79200
001331508 60480
001331509 171520
001331510 92640
001331511 83200
001331512 73440
001331513 120640
001331514 109920
001331515 138400
001331516 62080
001331517 65920
001331518 96800
001331519 108640
001331520 55200
001331521 96800
001331522 84640
001331523 89600
001331524 112000
001331525 117440
001331526 84800
001331527 132000
001331528 63520
001331529 87360
001331530 108800
001331531 60320
001331532 128800
001331534 70240
001331535 73600
001331536 51040
001331537 152320
001331538 103360
001331539 74400
001331540 57760
001331541 115200
001331542 122560
001331543 52320
001331544 61440
001331545 114720
001331546 94400
001331547 84480
001331548 117440
001331549 138240
001331550 82560
001331551 75200
001331552 72160
001331553 76320
001331554 107520
001331555 133280
001331556 59200
001331557 119360
001331558 105920
001331559 84640
001331560 94048
001331561 77760
001331562 133280
001331563 76160
001331564 80480
001331565 95840
001331566 137920
001331567 114240
001331568 64959
001331569 60800
001331570 84640
001331571 76320
001331572 94560
001331573 81120
001331575 60320
001331576 80480
001331577 88800
001331578 46720
001331579 96160
001331580 131360
001331581 86080
001331582 79200
001331583 110560
001331584 90240
001331585 155520
001331586 69920
001331587 109600
001331588 101600
001331589 48800
001331590 90080
001331591 55680
001331592 54080
001331593 58880
001331594 60160
001331595 70720
001331596 51520
001331597 60800
001331598 63040
001331599 153600
001331600 89600
001331601 65600
001331602 103840
001331603 102400
001331604 65760
001331605 97280
001331606 88480
001331607 74560
001331608 128144
001331609 82240
001331610 81280
001331611 78240
001331612 137760
001331613 74880
001331614 67520
001331615 54400
001331616 85760
001331617 94880
001331618 51520
001331619 90720
001331620 63680
001331621 78080
001331622 80000
001331623 65440
001331624 63200
001331625 76960
001331626 100960
001331627 61600
001331628 136640
001331629 113600
001331630 74080
001331631 144320
001331632 114720
001331633 67040
001331634 140000
001331635 85120
001331636 84320
001331637 79680
001331638 68000
001331639 139520
001331640 60800
001331641 56160
001331642 49440
001331643 88960
001331644 71520
001331645 142080
001331646 106400
001331647 66880
001331648 59712
001331649 63520
001331650 47680
001331651 54880
001331652 133600
001331653 54080
001331654 65760
001331655 130240
001331656 119360
001331657 89600
001331658 106400
001331659 142080
001331660 96640
001331661 85120
001331662 91040
001331663 85120
001331664 83680
001331665 71680
001331666 83840
001331667 118240
001331668 59840
001331669 135040
001331670 50645
001331671 98720
001331672 97440
001331673 60640
001331674 73920
001331675 102240
001331676 135360
001331677 96960
001331678 94240
001331679 67040
001331680 112160
001331681 70560
001331682 74880
001331683 110720
001331684 80800
001331685 99360
001331686 121920
001331687 61920
001331688 82400
001331689 105760
001331690 72480
001331691 97600
001331692 49280
001331693 75520
001331694 68784
001331695 83360
001331696 116800
001331697 53920
001331698 156320
001331699 94880
001331700 122560
001331701 103040
001331702 63520
001331703 60960
001331704 92640
001331705 72960
001331706 107680
001331707 113280
001331708 46720
001331709 133440
001331710 82080
001331711 57920
001331712 117920
001331713 86880
001331714 61600
001331715 72320
001331716 49920
001331717 115200
001331718 62880
001331719 104480
001331720 51840
001331721 82080
001331722 44160
001331723 84480
001331724 114400
001331725 84480
001331726 115360
001331727 56640
001331728 62880
001331729 123520
001331730 79520
001331731 86400
001331733 107040
001331734 78080
001331735 90720
001331736 138720
001331737 66320
001331738 122560
001331739 58400
001331740 130400
001331741 97440
001331742 116800
001331743 110880
001331744 62240
001331746 94240
001331747 60800
001331748 49600
001331749 101760
001331750 120480
001331751 66720
001331753 124960
001331754 108480
001331755 124800
001331756 72480
001331757 76000
001331758 84800
001331759 63520
001331760 84640
001331761 70720
001331762 118240
001331763 94880
001331764 44096
001331765 104320
001331766 71520
001331767 115840
001331768 146400
001331769 136480
001331770 73120
001331771 88640
001331772 102080
001331773 139360
001331774 90560
001331776 112640
001331778 98240
001331779 61120
001331780 133440
001331781 67888
001331782 80000
001331783 62560
001331784 93280
001331785 98720
001331786 53120
001331787 66032
001331789 61760
001331791 60480
001331792 80640
001331793 143040
001331794 106400
001331795 85920
001331796 76800
001331797 69280
001331798 146880
001331799 117920
001331800 77168
001340001 72320
001340002 196000
001340003 98880
001340004 136000
001340005 167840
001340006 101120
001340007 117440
001340008 102720
001340009 91360
001340010 119680
001340011 101920
001340012 152800
001340013 111360
001340014 164960
001340015 130400
001340016 184320
001340017 104320
001340018 125120
001340019 163040
001340020 104640
001340021 61120
001340022 74720
001340024 83520
001340025 110880
001340026 72640
001340027 69600
001340028 59520
001340029 78080
001340030 85136
001340031 86560
001340032 85600
001340033 103840
001340034 125920
001340035 60160
001340036 75520
001340037 108640
001340038 75040
001340039 75840
001340040 81600
001340041 43200
001340042 44640
001340043 80320
001340044 56480
001340045 55520
001340046 57280
001340047 62080
001340048 97120
001340049 61280
001340050 70704
001340051 52640
001340052 91680
001340053 46784
001340054 46400
001340055 71168
001340057 90400
001340058 75520
001340059 78880
001340060 86240
001340061 67040
001340062 68320
001340063 96320
001340064 77120
001340065 72640
001340066 68640
001340067 71200
001340068 94880
001340069 85440
001340070 75680
001340071 63840
001340072 82400
001340073 83200
001340074 87776
001340075 71200
001340077 74880
001340078 96480
001340079 87360
001340080 56320
001340081 74880
001340082 120320
001340083 76800
001340084 85440
001340085 100320
001340086 85440
001340087 89920
001340088 94560
001340089 127200
001340090 107520
001340091 104320
001340092 145120
001340093 100160
001340094 80960
001340095 92800
001340096 82240
001340097 78080
001340098 113920
001340099 83520
001340100 98560
001340101 121600
001340102 158560
001340103 102880
001340104 68800
001340106 111520
001340107 87680
001340108 109600
001340109 94240
001340110 148160
001340111 88480
001340113 56640
001340115 88960
001340116 90880
001340117 127520
001340118 71200
001340119 53760
001340120 119680
001340121 110880
001340122 107200
001340123 112960
001340124 81120
001340125 94240
001340126 94080
001340128 158560
001340129 133600
001340130 121280
001340131 114720
001340132 116320
001340133 100480
001340134 95040
001340135 121120
001340137 135200
001340138 127200
001340139 111680
001340141 63680
001340142 111520
001340143 145920
001340144 81280
001340145 152480
001340146 66080
001340147 63360
001340148 146880
001340149 118560
001340150 135360
001340151 136000
001340152 65280
001340153 131680
001340154 123680
001340155 92000
001340156 59200
001340157 95680
001340158 112480
001340159 69760
001340160 144640
001340161 139328
001340162 81440
001340163 129600
001340164 86560
001340165 151840
001340166 116640
001340167 179040
001340169 172800
001340170 76960
001340173 76000
001340174 72960
001340175 125264
001340176 125280
001340177 144480
001340178 86560
001340179 77760
001340180 73440
001340181 137600
001340182 147520
001340183 84000
001340184 83200
001340185 124800
001340186 88960
001340187 143840
001340188 78400
001340189 175200
001340190 53600
001340191 111200
001340192 201440
001340193 125600
001340194 107840
001340195 147520
001340196 124960
001340198 104320
001340199 95200
001340200 65280
001340201 95040
001340202 74880
001340203 91040
001340204 63840
001340205 176320
001340206 110880
001340207 109600
001340210 147840
001340211 101280
001340213 98720
001340214 145440
001340215 130832
001340216 85440
001340218 146560
001340219 123680
001340220 131039
001340221 85120
001340222 125264
001340223 84640
001340224 140480
001340225 98400
001340226 113280
001340227 92640
001340228 158720
001340229 120960
001340230 123680
001340231 68960
001340232 105920
001340233 166240
001340234 53472
001340235 117760
001340236 133616
001340237 181600
001340238 91200
001340239 145440
001340240 65280
001340241 83520
001340242 173120
001340243 87520
001340244 111840
001340245 121120
001340246 62208
001340247 126240
001340248 117120
001340249 143360
001340250 43680
001340251 78720
001340252 78720
001340253 57600
001340254 77440
001340255 81440
001340256 99040
001340257 150720
001340258 77440
001340260 115840
001340261 85120
001340262 123040
001340263 98720
001340264 103200
001340265 97440
001340266 144480
001340267 113120
001340268 58720
001340269 152640
001340270 131680
001340271 176160
001340272 147680
001340273 113120
001340274 120000
001340275 91904
001340276 140480
001340277 72480
001340278 77120
001340279 114880
001340280 47040
001340281 85120
001340282 139360
001340283 122560
001340284 140160
001340285 175840
001340286 103040
001340287 95360
001340288 113760
001340289 74400
001340290 104160
001340291 168480
001340292 86560
001340293 116800
001340294 57568
001340295 98560
001340296 109280
001340297 71040
001340298 63424
001340299 94720
001340300 82608
001340301 76480
001340302 88960
001340303 53920
001340304 110240
001340305 85920
001340306 75200
001340307 145120
001340308 126240
001340309 158880
001340310 213920
001340311 86080
001340312 77120
001340313 76640
001340314 129472
001340315 110416
001340316 163840
001340317 141760
001340318 128479
001340319 86400
001340321 169920
001340322 100752
001340323 125920
001340324 190560
001340325 128320
001340326 72528
001340327 155040
001340328 133120
001340329 105280
001340330 145120
001340331 60080
001340332 90560
001340333 103680
001340334 107520
001340335 58080
001340336 76800
001340337 136320
001340338 120160
001340339 120640
001340340 104960
001340341 68640
001340342 63520
001340343 51840
001340344 81280
001340345 138080
001340346 83040
001340347 76480
001340348 58880
001340349 111040
001340350 101600
001340351 72576
001340352 88480
001340353 82400
001340354 71680
001340355 106432
001340357 63424
001340358 126400
001340359 54720
001340360 125440
001340361 97280
001340362 69280
001340364 91040
001340365 61904
001340366 70080
001340367 69440
001340368 92160
001340369 92320
001340370 68720
001340371 53760
001340372 149760
001340374 63680
001340375 100960
001340376 45600
001340377 165280
001340379 117280
001340380 84832
001340381 147696
001340383 139840
001340384 51584
001340385 92320
001340386 73440
001340387 119520
001340388 69120
001340389 134240
001340390 143680
001340391 78416
001340392 131680
001340393 63360
001340394 112960
001340395 117440
001340396 150240
001340397 71360
001340398 138880
001340399 112000
001340400 128960
001341401 70240
001341402 98464
001341403 85920
001341404 104048
001341405 80800
001341406 65519
001341407 73888
001341408 81440
001341409 56464
001341411 91200
001341412 96480
001341413 43360
001341414 108000
001341415 69120
001341416 78560
001341417 110720
001341418 70400
001341419 67040
001341422 64959
001341423 61600
001341425 66848
001341426 69600
001341427 89920
001341428 61440
001341429 60640
001341430 79840
001341431 51264
001341432 85120
001341433 100160
001341434 79840
001341435 65920
001341436 71680
001341437 55520
001341438 68000
001341439 98400
001341440 47104
001341441 81920
001341442 87200
001341443 82880
001341444 91040
001341445 58080
001341446 83360
001341447 66800
001341448 64000
001341449 68160
001341450 75712
001341451 90400
001341452 85456
001341453 89392
001341454 50224
001341456 78400
001341457 89920
001341458 111840
001341459 58128
001341460 67840
001341461 82256
001341463 85600
001341464 77120
001341465 68016
001341466 93440
001341467 62080
001341468 75520
001341469 85280
001341470 85440
001341471 77120
001341474 62240
001341475 90544
001341476 78720
001341477 87040
001341478 68352
001341479 85280
001341480 105920
001341481 80000
001341482 77504
001341483 68000
001341485 72640
001341488 74720
001341489 102576
001341490 71520
001341493 61024
001341494 68000
001341495 65120
001341496 88656
001341497 61760
001341498 77136
001341499 81760
001341500 73600
001341501 116320
001341502 114880
001341503 85440
001341504 59520
001341505 50560
001341506 161536
001341507 152320
001341508 67840
001341509 84160
001341510 104960
001341511 71200
001341512 115200
001341513 72640
001341514 121184
001341517 76976
001341518 121296
001341519 67520
001341520 90336
001341521 134096
001341522 103520
001341523 65440
001341524 120160
001341525 82080
001341526 109824
001341527 169936
001341528 88320
001341529 97744
001341530 76944
001341531 88480
001341532 142784
001341533 98560
001341534 94080
001341535 78720
001341536 109280
001341537 126080
001341540 89440
001341541 120320
001341542 135360
001341543 99680
001341544 118720
001341545 127200
001341546 95520
001341547 83520
001341548 101920
001341549 99360
001341550 99360
001341551 114240
001341552 71520
001341553 112480
001341554 121600
001341555 107360
001341556 123200
001341557 92160
001341558 110240
001341559 160640
001341560 138880
001341561 75360
001341562 182240
001341563 79200
001341564 180960
001341565 73600
001341566 68800
001341567 64688
001341568 119040
001341569 128639
001341570 86400
001341571 113920
001341572 84480
001341573 72320
001341574 63520
001341575 60640
001341576 114080
001341577 83040
001341578 123200
001341579 82720
001341580 69120
001341581 67360
001341582 64959
001341583 62528
001341584 62720
001341585 97936
001341586 94720
001341587 130240
001341588 153120
001341589 55600
001341591 126544
001341592 125280
001341594 102720
001341595 98080
001341596 114560
001341597 127520
001341598 133440
001341599 141120
001341600 88160
001341601 126560
001341604 138080
001341605 68848
001341606 70800
001341607 160640
001341608 75360
001341609 111200
001341610 131360
001341611 77760
001341612 96000
001341613 109760
001341614 86880
001341615 80960
001341616 92800
001341617 115360
001341618 166400
001341619 74240
001341620 47040
001341621 109760
001341622 169280
001341623 60320
001341624 96928
001341625 154080
001341626 68160
001341627 84176
001341629 124800
001341630 86400
001341631 87200
001341632 78240
001341633 99040
001341634 153920
001341635 67680
001341636 110720
001341637 62080
001341638 110880
001341639 153920
001341641 101440
001341642 71040
001341643 78400
001341644 96800
001341646 104800
001341647 70240
001341649 79776
001341651 86400
001341652 93760
001341653 70720
001341654 60640
001341655 112960
001341657 68688
001341658 127680
001341659 113440
001341660 80320
001341661 63040
001341662 153920
001341663 69760
001341664 102288
001341667 59840
001341668 75840
001341669 74240
001341670 79360
001341671 86080
001341672 90560
001341673 133120
001341674 85920
001341675 123520
001341677 109600
001341678 85920
001341679 142400
001341680 105120
001341681 114400
001341682 87040
001341683 79840
001341684 60640
001341687 129280
001341688 62080
001341689 91520
001341690 50512
001341691 95200
001341692 116080
001341693 51840
001341694 89600
001341695 50240
001341697 138080
001341698 100960
001341700 74080
001341701 95520
001341702 59040
001341703 76320
001341704 69760
001341705 134240
001341706 66720
001341707 108800
001341708 60480
001341710 52480
001341711 84320
001341712 66720
001341713 72160
001341714 105920
001341715 66240
001341716 40480
001341717 55840
001341718 63680
001341719 105120
001341720 63520
001341721 118560
001341722 80320
001341723 118720
001341724 83520
001341725 63040
001341726 71040
001341727 90720
001341728 128160
001341729 80960
001341730 91210
001341731 95520
001341732 53920
001341733 57760
001341734 99200
001341735 90880
001341736 116640
001341739 75360
001341740 138080
001341741 67040
001341742 94400
001341743 117120
001341744 99040
001341745 119680
001341746 59520
001341747 46688
001341748 58560
001341749 75360
001341750 52000
001341751 98784
001341752 129440
001341753 139840
001341754 87360
001341755 94880
001341756 117600
001341757 44640
001341758 99680
001341759 96800
001341760 70720
001341761 81920
001341762 120320
001341764 97920
001341765 132800
001341766 93760
001341767 102720
001341768 64640
001341771 73280
001341772 52160
001341773 74400
001341774 116800
001341775 96160
001341776 100192
001341777 71840
001341778 81280
001341779 125120
001341780 115840
001341781 73776
001341782 82240
001341783 76272
001341784 116480
001341785 116480
001341786 60464
001341787 68000
001341788 107840
001341789 74560
001341790 144160
001341791 104800
001341792 129280
001341793 58720
001341795 107200
001341796 92320
001341797 114720
001341798 63680
001341799 114240
001341800 68480
001350001 66720
001350002 147808
001350003 112944
001350004 118752
001350005 132512
001350006 79696
001350007 103952
001350008 93360
001350009 75872
001350010 91568
001350011 74880
001350012 134132
001350013 94064
001350014 150560
001350015 112176
001350016 151968
001350017 81616
001350018 95232
001350019 155104
001350020 89376
001350021 52752
001350022 69920
001350023 70768
001350024 69236
001350025 96016
001350026 59824
001350027 58288
001350028 55248
001350029 67472
001350030 70896
001350031 69040
001350032 70624
001350033 75568
001350034 91840
001350035 53632
001350036 67008
001350037 93120
001350038 64778
001350039 61680
001350040 72656
001350041 39360
001350042 50720
001350043 58432
001350044 50736
001350045 44896
001350046 50368
001350047 54560
001350048 81920
001350049 53776
001350050 64592
001350051 45936
001350052 77344
001350053 46708
001350054 45040
001350055 57696
001350056 67988
001350057 70976
001350058 68341
001350059 63083
001350060 68896
001350061 68432
001350062 61056
001350063 85632
001350064 64959
001350065 66736
001350066 59712
001350067 53088
001350068 87712
001350069 73856
001350070 69072
001350071 60352
001350072 71504
001350073 80960
001350074 80672
001350075 69872
001350076 99424
001350077 51552
001350078 84736
001350079 67984
001350080 49296
001350081 56992
001350082 86261
001350083 65120
001350084 71328
001350085 72624
001350086 67392
001350087 77328
001350088 76682
001350089 107328
001350090 87312
001350091 85472
001350092 95584
001350093 77616
001350094 69888
001350095 75344
001350096 76432
001350097 78080
001350098 84820
001350099 76176
001350100 84992
001350101 78997
001350102 95520
001350103 73632
001350104 118890
001350105 108800
001350106 145504
001350107 115344
001350108 52448
001350109 145184
001350110 90528
001350111 139616
001350112 135968
001350113 89205
001350114 77440
001350115 47264
001350116 124800
001350117 88539
001350118 87744
001350119 143456
001350120 65268
001350121 151040
001350122 88981
001350123 51104
001350124 62080
001350125 105344
001350126 61376
001350127 63924
001350128 73920
001350129 78304
001350130 68048
001350131 80693
001350132 76880
001350133 61984
001350134 61392
001350135 99360
001350136 105792
001350137 101552
001350138 55306
001350139 94480
001350140 151408
001350141 50965
001350142 112160
001350143 73728
001350144 87392
001350145 143008
001350146 132480
001350147 80192
001350148 120096
001350149 107520
001350150 95040
001350151 69355
001350152 94976
001350153 93600
001350154 62160
001350155 61984
001350156 78219
001350157 150516
001350158 181408
001350159 88256
001350160 61920
001350161 97120
001350162 145664
001350163 99296
001350164 72116
001350165 67760
001350166 118192
001350167 72016
001350168 75664
001350169 155008
001350170 98027
001350171 82080
001350172 124948
001350173 63824
001350174 63344
001350175 84981
001350176 62112
001350177 80981
001350178 65962
001350179 68192
001350180 116256
001350181 83691
001350182 123264
001350183 91680
001350184 72896
001350185 78080
001350186 89312
001350187 72272
001350188 114752
001350189 50624
001350190 101568
001350191 53674
001350192 59957
001350193 92384
001350194 95808
001350195 105584
001350196 110144
001350197 51888
001350198 59904
001350199 59840
001350200 144160
001350201 71968
001350202 61632
001350203 105120
001350204 124480
001350205 132608
001350206 85056
001350207 95632
001350208 52320
001350209 54768
001350210 122288
001350211 65664
001350212 129792
001350213 75952
001350214 103376
001350215 63536
001350216 86336
001350217 74944
001350218 110736
001350219 108528
001350220 89392
001350221 58144
001350222 101408
001350223 120272
001350224 77136
001350225 92160
001350226 112432
001350227 115120
001350228 72576
001350229 101072
001350230 114080
001350231 108368
001350232 136512
001350233 86192
001350234 53376
001350235 96640
001350236 127936
001350237 71920
001350238 96000
001350239 80320
001350240 106560
001350241 144320
001350242 67520
001350243 85952
001350244 86736
001350245 63504
001350246 185376
001350247 58016
001350248 105424
001350249 63808
001350250 63072
001350251 106960
001350252 99920
001350253 65471
001350254 82507
001350255 102880
001350256 107792
001350257 78144
001350258 137488
001350259 105792
001350260 113248
001350261 136320
001350262 102064
001350263 116000
001350264 51680
001350265 77920
001350266 59504
001350267 63664
001350268 66944
001350269 60784
001350270 147200
001350271 80144
001350272 68640
001350273 77546
001350274 75680
001350275 96960
001350276 89995
001350277 104256
001350278 125418
001350279 123152
001350280 77760
001350281 59936
001350282 116523
001350283 59840
001350284 143380
001350285 93600
001350286 85355
001350287 83328
001350288 44800
001350289 147680
001350290 65760
001350291 150602
001350292 110304
001350293 98080
001350294 125259
001350295 80496
001350296 85546
001350297 71883
001350298 118720
001350299 66955
001350300 87136
001350301 110128
001350302 114944
001350303 88651
001350304 114576
001350305 140576
001350306 113098
001350307 136256
001350308 100624
001350309 125226
001350310 127680
001350311 95760
001350312 104080
001350313 100320
001350314 130240
001350315 110064
001350316 106016
001350317 100128
001350318 105200
001350319 111360
001350320 95904
001350321 44640
001350322 124640
001350323 99392
001350324 128160
001350325 162720
001350326 61264
001350327 85536
001350328 72672
001350329 122560
001350330 68192
001350331 54112
001350332 130804
001350333 86080
001350334 119520
001350335 61824
001350336 125600
001350337 91552
001350338 75968
001350339 72480
001350340 64224
001350341 103360
001350342 115600
001350343 63520
001350344 122032
001350345 63008
001350346 117664
001350347 76960
001350348 127680
001350349 101600
001350350 107200
001350351 103040
001350352 106240
001350353 85600
001350354 102560
001350355 85920
001350356 52320
001350357 129600
001350358 81744
001350359 55232
001350360 50240
001350361 100640
001350362 116960
001350363 84176
001350364 108320
001350365 142560
001350366 99184
001350367 108784
001350368 95051
001350369 73744
001350370 62944
001350371 93908
001350372 96064
001350373 44128
001350374 90880
001350375 69920
001350376 87360
001350377 55616
001350378 84656
001350379 119344
001350380 106112
001350381 76768
001350382 137792
001350383 116128
001350384 100640
001350385 106720
001350386 64032
001350387 95733
001350388 59040
001350389 69440
001350390 66560
001350391 106992
001350392 84768
001350393 89712
001350394 86880
001350395 92960
001350396 120496
001350397 52288
001350398 68368
001350399 70576
001350400 96640
001360001 65343
001360002 164000
001360003 88000
001360005 130880
001360006 90400
001360007 97120
001360008 93280
001360009 78080
001360010 98240
001360011 76800
001360012 133280
001360013 89440
001360014 130080
001360015 107520
001360016 150080
001360017 88480
001360018 90080
001360019 141760
001360020 83200
001360021 50240
001360022 64959
001360023 72960
001360024 59680
001360025 99200
001360026 61600
001360027 61120
001360028 55040
001360029 67680
001360030 66080
001360031 73760
001360032 72000
001360033 83200
001360034 101120
001360035 51040
001360036 62400
001360037 87520
001360038 61120
001360039 61440
001360040 69600
001360041 33440
001360042 41600
001360043 59360
001360045 44480
001360046 45760
001360047 50080
001360048 80640
001360049 57440
001360050 59200
001360052 83840
001360054 43520
001360055 64160
001360056 71200
001360057 77280
001360058 72704
001360059 64480
001360060 64000
001360061 56960
001360062 57120
001360063 80960
001360064 62400
001360065 60800
001360066 60000
001360067 55360
001360068 72960
001360069 67040
001360070 60352
001360071 51200
001360072 68800
001360073 65440
001360074 77440
001360075 61440
001360076 106720
001360077 59520
001360078 92640
001360079 68800
001360080 49920
001360081 63040
001360082 91200
001360083 67680
001360084 67040
001360085 65920
001360086 69600
001360087 70560
001360088 70384
001360089 101440
001360090 82880
001360092 107200
001360093 77120
001360095 74400
001360096 69600
001360097 63200
001360098 89440
001360100 73760
001360101 109120
001360102 104640
001360103 92480
001360105 105440
001360108 105920
001360109 69120
001360110 90560
001360111 57280
001360112 115680
001360113 100160
001360114 52640
001360115 68000
001360116 71360
001360117 83360
001360118 57760
001360119 134400
001360120 91200
001360122 61920
001360123 93280
001360124 73440
001360125 99712
001360126 61280
001360129 115040
001360130 64959
001360131 52000
001360132 96000
001360134 70384
001360135 76320
001360136 92320
001360137 104160
001360138 42080
001360139 79040
001360140 74080
001360141 137760
001360142 134080
001360143 66720
001360144 142080
001360145 62560
001360146 85280
001360148 84960
001360149 71360
001360151 121600
001360152 88160
001360153 108640
001360154 80800
001360155 103040
001360156 132640
001360157 69280
001360158 46400
001360159 92640
001360160 114880
001360161 68320
001360162 65760
001360163 58560
001360164 108640
001360165 98400
001360166 78400
001360167 87520
001360168 80960
001360169 61440
001360170 98880
001360171 83200
001360172 73440
001360173 60960
001360174 88800
001360175 67840
001360176 133280
001360177 96000
001360178 52352
001360179 88640
001360181 81600
001360183 69280
001360184 95680
001360185 107680
001360186 72000
001360187 76480
001360188 91360
001360189 90080
001360190 51360
001360191 77280
001360192 115200
001360193 92800
001360194 138560
001360195 92480
001360196 53232
001360197 72160
001360198 75840
001360199 55360
001360200 77760
001360202 37600
001360203 90560
001360204 124160
001360205 96480
001360206 95040
001360207 60320
001360208 66400
001360209 134544
001360211 151680
001360212 76160
001360213 36000
001360214 94080
001360215 56160
001360216 46880
001360217 99680
001360218 128800
001360219 94400
001360220 66880
001360221 94720
001360222 109920
001360223 80320
001360224 110080
001360225 70160
001360226 76160
001360227 97760
001360228 72320
001360229 117120
001360230 39072
001360232 114880
001360233 57120
001360235 123520
001360236 62560
001360237 97440
001360238 57440
001360239 66240
001360240 62928
001360241 45440
001360242 58880
001360243 49760
001360244 100800
001360245 48112
001360246 91520
001360247 100960
001360248 77600
001360249 102080
001360250 38656
001360251 104160
001360252 91360
001360253 93488
001360254 50560
001360255 57920
001360257 80480
001360258 67040
001360259 83520
001360260 98720
001360261 52480
001360262 83360
001360263 60640
001360264 101920
001360265 84640
001360266 88640
001360267 97760
001360268 77440
001360269 116800
001360270 88160
001360271 78720
001360272 37920
001360273 80960
001360275 106880
001360276 79520
001360277 79520
001360278 89120
001360279 125600
001360280 86448
001360282 112080
001360283 86080
001360285 56592
001360286 52800
001360288 95040
001360289 101440
001360290 131344
001360292 72800
001360293 101600
001360294 57120
001360295 97920
001360296 67744
001360297 76160
001360298 83728
001360299 65120
001360300 80160
001360302 115840
001360303 84960
001360304 75088
001360305 61280
001360306 51200
001360307 93920
001360308 87520
001360309 43680
001360310 62880
001360311 80320
001360313 79840
001360314 80480
001360315 75200
001360316 84144
001360319 68000
001360320 107680
001360321 80320
001360322 83040
001360324 92320
001360325 108960
001360326 71200
001360327 108640
001360328 93008
001360329 61760
001360330 59680
001360331 92160
001360332 82560
001360333 85280
001360334 76640
001360335 107520
001360336 54672
001360337 89280
001360338 106112
001360339 111520
001360340 90560
001360341 56320
001360342 48960
001360343 82240
001360344 99040
001360345 76640
001360346 52480
001360347 76160
001360348 65920
001360349 46720
001360350 97120
001360351 70720
001360352 102240
001360353 90624
001360354 49760
001360356 94080
001360357 51520
001360358 85760
001360359 54080
001360360 66720
001360361 70368
001360363 62560
001360364 86720
001360366 80160
001360367 88320
001360368 117920
001360369 41440
001360370 78720
001360371 98880
001360372 60960
001360373 112960
001360374 81280
001360375 99360
001360376 50880
001360377 79040
001360378 92000
001360379 79680
001360380 52640
001360381 74560
001360382 94080
001360383 44160
001360384 72960
001360385 55168
001360386 61824
001360387 77120
001360388 83040
001360389 71040
001360390 53600
001360391 83840
001360392 54080
001360393 48640
001360394 127840
001360395 120800
001360396 61920
001360397 101760
001360398 90512
001360399 52160
001360400 64319
001361401 64640
001361402 72320
001361403 68480
001361404 80480
001361405 69600
001361407 63040
001361408 75040
001361409 49120
001361411 82080
001361412 81760
001361413 43040
001361414 87360
001361415 59200
001361416 72512
001361417 87840
001361418 67200
001361419 60640
001361420 47520
001361421 43840
001361422 52800
001361423 51008
001361424 59680
001361425 55840
001361426 61824
001361427 78400
001361428 60000
001361429 49760
001361430 69440
001361431 43920
001361432 73120
001361433 76960
001361434 61440
001361435 54560
001361436 63200
001361438 58080
001361439 76800
001361441 68640
001361442 62880
001361443 68480
001361444 84597
001361445 52000
001361447 58080
001361448 58880
001361449 60640
001361451 74464
001361456 69760
001361457 68144
001361458 85120
001361459 52800
001361460 58880
001361463 69760
001361464 67520
001361465 55520
001361466 70240
001361467 55040
001361470 63296
001361471 54240
001361473 46432
001361474 56800
001361475 70720
001361476 62400
001361477 68160
001361478 53920
001361480 88528
001361481 66720
001361482 60800
001361483 58560
001361487 79200
001361488 55360
001361489 87200
001361490 52960
001361491 52320
001361494 58379
001361495 56320
001361496 61120
001361497 51840
001361498 59200
001361499 65440
001361501 112160
001361502 89072
001361503 52800
001361504 83520
001361506 122720
001361507 92160
001361509 99114
001361510 127840
001361511 91520
001361513 54080
001361514 83840
001361515 122240
001361516 132320
001361517 121760
001361518 93280
001361519 76640
001361520 88320
001361521 61920
001361522 43840
001361523 119200
001361524 108800
001361525 86272
001361526 86720
001361527 65632
001361528 76427
001361529 88320
001361530 86027
001361531 55252
001361533 70378
001361534 109760
001361537 87200
001361538 58976
001361539 76800
001361540 79040
001361541 93834
001361542 65471
001361543 62923
001361544 126240
001361545 57600
001361547 83520
001361548 73600
001361551 71520
001361553 56800
001361554 97136
001361555 53152
001361556 132000
001361557 43979
001361558 116320
001361559 109920
001361561 59360
001361562 62880
001361563 100960
001361564 64959
001361565 98720
001361567 62880
001361569 84480
001361570 78720
001361571 71200
001361572 83360
001361573 66720
001361574 113600
001361578 64000
001361579 146240
001361580 62890
001361581 101728
001361585 110720
001361586 76352
001361588 100480
001361591 72480
001361592 74784
001361593 50676
001361594 116000
001361595 89600
001361596 136224
001361597 64565
001361598 62400
001361599 101440
001361600 35520
001361601 66880
001361602 101600
001361603 79520
001361604 90720
001361606 78880
001361607 66880
001361608 96640
001361609 100320
001361610 122720
001361611 82720
001361612 71840
001361613 51840
001361615 78080
001361617 79680
001361618 85579
001361619 46976
001361620 54581
001361621 61120
001361622 48244
001361623 80619
001361624 74208
001361628 88960
001361629 102080
001361630 45920
001361631 75040
001361632 111680
001361633 103680
001361634 61994
001361636 87680
001361637 103680
001361638 80800
001361639 103348
001361640 79840
001361641 84640
001361642 60640
001361644 100160
001361645 94400
001361646 100960
001361647 58880
001361648 88800
001361651 82080
001361652 47392
001361653 87808
001361654 88640
001361655 133760
001361656 49120
001361657 84628
001361658 90922
001361660 92640
001361661 104480
001361662 106880
001361663 98080
001361665 80512
001361666 40960
001361667 67520
001361668 72180
001361669 80272
001361670 43120
001361671 61216
001361672 74880
001361673 76480
001361674 89120
001361675 94240
001361676 57034
001361677 59872
001361679 122560
001361680 80160
001361681 86080
001361682 76032
001361683 65600
001361684 65600
001361685 52011
001361686 95520
001361687 65760
001361688 88768
001361689 112320
001361690 93600
001361691 91595
001361692 117760
001361693 95680
001361694 63957
001361695 104000
001361696 94880
001361697 96160
001361698 73600
001361699 96800
001361701 76640
001361702 110240
001361703 84800
001361704 84960
001361705 70560
001361706 60128
001361707 129120
001361708 58448
001361709 88160
001361711 97920
001361713 123200
001361714 56448
001361715 52736
001361716 49109
001361717 48640
001361718 101120
001361720 71360
001361723 56778
001361724 57216
001361725 88640
001361726 72960
001361727 101760
001361728 56000
001361729 120000
001361730 40640
001361731 102400
001361732 64800
001361733 62560
001361734 105920
001361736 62379
001361737 63808
001361738 94240
001361739 89888
001361740 48960
001361741 59360
001361742 100800
001361743 101920
001361744 56747
001361745 101760
001361747 93440
001361748 84864
001361749 60960
001361750 83360
001361752 72320
001361753 88320
001361754 96160
001361755 67840
001361756 49556
001361757 43840
001361758 88160
001361759 50080
001361760 69760
001361761 47530
001361762 79520
001361763 88480
001361764 93280
001361765 81760
001361766 114560
001361767 80960
001361768 90880
001361769 73376
001361771 72640
001361773 87413
001361774 61760
001361775 91840
001361776 95520
001361777 84128
001361778 77280
001361779 67456
001361780 137440
001361781 154560
001361782 118080
001361783 63200
001361784 88192
001361785 73536
001361786 47200
001361788 78512
001361789 80800
001361790 50240
001361791 74080
001361792 48640
001361793 58080
001361794 56000
001361795 65760
001361796 99520
001361797 75680
001361798 120832
001361799 58400
001370001 69792
001370002 201008
001370003 99360
001370004 121440
001370005 160800
001370006 99200
001370007 119680
001370008 92480
001370009 91360
001370010 121280
001370012 150240
001370013 90160
001370014 171360
001370015 126592
001370016 172160
001370017 90032
001370018 117600
001370019 157312
001370020 105120
001370021 49536
001370022 64239
001370023 81456
001370024 69632
001370025 87680
001370026 64768
001370027 64480
001370029 74224
001370030 76592
001370031 103040
001370032 91360
001370033 99680
001370034 127200
001370036 79360
001370037 104960
001370038 70560
001370039 71040
001370040 87520
001370041 40224
001370042 50720
001370043 75200
001370044 57808
001370045 52640
001370046 61104
001370047 50080
001370048 96640
001370049 61600
001370050 70080
001370052 106880
001370053 50096
001370054 46912
001370055 71664
001370056 85440
001370057 103840
001370058 75008
001370059 68640
001370060 85120
001370061 68320
001370062 65712
001370063 84000
001370064 68320
001370065 74080
001370066 61600
001370067 71200
001370068 84800
001370069 71200
001370070 62720
001370071 57120
001370072 76768
001370073 80960
001370074 84320
001370075 71200
001370076 110080
001370077 66240
001370078 85312
001370079 81920
001370081 65920
001370082 105440
001370083 76000
001370084 78240
001370085 75200
001370087 80640
001370088 83232
001370089 108640
001370090 87360
001370091 114080
001370092 131039
001370093 93600
001370094 75840
001370095 92800
001370096 78560
001370097 69120
001370098 102560
001370099 77920
001370100 79840
001370101 90240
001370102 86880
001370103 126400
001370104 115136
001370105 56800
001370106 80320
001370107 133600
001370108 104960
001370109 130720
001370110 119040
001370111 57616
001370112 165440
001370113 86560
001370114 111360
001370116 150080
001370117 81920
001370119 71680
001370120 83680
001370121 101760
001370122 112960
001370123 110080
001370124 53120
001370125 173280
001370126 67184
001370127 169920
001370128 107680
001370129 75680
001370131 84320
001370132 81440
001370133 116048
001370134 139680
001370135 106240
001370136 70400
001370137 54720
001370138 117760
001370139 96160
001370140 52160
001370141 123200
001370142 100000
001370143 111840
001370145 47200
001370146 125600
001370147 95152
001370148 61120
001370149 123488
001370150 55040
001370151 151680
001370152 100160
001370153 61600
001370154 63216
001370156 156640
001370157 78416
001370158 55296
001370159 181120
001370160 111680
001370161 112480
001370162 107360
001370163 146720
001370164 71360
001370165 93440
001370166 152800
001370167 164000
001370168 82240
001370169 80800
001370170 170240
001370171 45120
001370172 119840
001370173 55344
001370174 152320
001370175 106560
001370176 74400
001370177 84320
001370178 77280
001370179 148000
001370180 84960
001370182 134960
001370183 99040
001370184 100000
001370185 136320
001370186 154560
001370187 63680
001370188 79040
001370189 103040
001370190 71680
001370191 88480
001370192 144320
001370193 152320
001370194 113120
001370195 99520
001370196 93456
001370197 128960
001370198 143040
001370199 106880
001370200 114560
001370201 127520
001370202 64096
001370203 67776
001370204 116480
001370205 147680
001370206 91504
001370207 116480
001370208 154560
001370209 59520
001370210 50416
001370211 93120
001370213 109776
001370214 109600
001370215 76000
001370216 64944
001370217 122400
001370218 83200
001370219 112960
001370220 128256
001370221 145440
001370222 106720
001370223 85120
001370225 87360
001370226 125440
001370228 112000
001370229 125280
001370230 134240
001370231 78880
001370232 115680
001370233 68640
001370234 105920
001370235 92160
001370236 131840
001370237 131840
001370238 142720
001370239 73920
001370240 114720
001370241 93760
001370242 78080
001370243 64768
001370244 128320
001370245 93760
001370246 132640
001370247 115520
001370248 90880
001370249 44960
001370250 94400
001370251 113760
001370252 67520
001370253 116320
001370254 178720
001370255 162720
001370256 75440
001370257 93280
001370258 62880
001370259 54224
001370260 95856
001370261 145600
001370262 118240
001370263 89680
001370265 103680
001370266 71680
001370267 63520
001370268 66560
001370269 79600
001370270 138400
001370271 80480
001370272 64592
001370273 90080
001370274 110080
001370275 97440
001370276 77920
001370277 56000
001370278 128160
001370279 48960
001370280 109600
001370281 96960
001370282 64879
001370283 99520
001370284 116480
001370285 138240
001370286 53824
001370287 91680
001370288 124400
001370289 46400
001370290 81520
001370291 152960
001370292 153280
001370293 71520
001370294 96960
001370295 113440
001370296 72640
001370297 132800
001370298 118976
001370299 81600
001370300 53824
001370301 92240
001370302 78400
001370303 124320
001370304 112480
001370305 67840
001370306 71680
001370307 125680
001370308 103888
001370309 71792
001370310 110320
001370311 92960
001370312 97760
001370313 89440
001370314 64000
001370317 107040
001370318 102880
001370319 120464
001370320 49888
001370321 136160
001370322 110384
001370323 121760
001370324 140320
001370325 136352
001370326 68960
001370327 87840
001370328 97760
001370329 54720
001370330 161600
001370331 96640
001370332 108480
001370333 117600
001370334 70080
001370335 104000
001370336 137648
001370337 148000
001370338 44608
001370339 69424
001370340 107360
001370341 100160
001370342 113440
001370343 82720
001370344 100320
001370345 111360
001370346 90192
001370347 101824
001370348 103200
001370349 152960
001370350 96160
001370352 50240
001370353 84160
001370354 103520
001370355 113280
001370356 116000
001370357 72000
001370358 148480
001370359 63680
001370361 126880
001370362 122080
001370363 113600
001370364 162240
001370365 94400
001370366 131200
001370367 114400
001370368 103744
001370369 109600
001370370 89120
001370371 63360
001370372 56800
001370373 149120
001370374 63040
001370375 114720
001370376 88320
001370377 70720
001370378 80064
001370379 64640
001370380 143360
001370381 172800
001370382 66736
001370383 93760
001370385 69120
001370386 48000
001370387 142080
001370388 140480
001370389 81104
001370390 96000
001370391 115040
001370392 137760
001370393 77355
001370394 40128
001370395 123472
001370397 124160
001370398 73120
001370399 70080
001370400 72960
001371401 70224
001371402 99520
001371403 81920
001371404 112320
001371405 88320
001371406 63344
001371407 71200
001371408 86400
001371409 48320
001371410 66880
001371411 88000
001371412 87200
001371413 44640
001371414 96960
001371415 69600
001371416 78464
001371418 74080
001371419 60640
001371421 45760
001371422 58080
001371423 59360
001371424 71040
001371425 59760
001371426 62560
001371427 91360
001371428 61120
001371429 60128
001371430 73760
001371431 45440
001371432 93280
001371433 88000
001371434 71168
001371435 70240
001371436 76500
001371438 61760
001371439 96640
001371440 47824
001371441 74560
001371442 77760
001371443 91040
001371444 109600
001371445 62240
001371446 91840
001371447 65280
001371448 67984
001371449 60800
001371450 77280
001371451 80592
001371452 83040
001371453 79680
001371454 42160
001371456 84640
001371457 81600
001371458 112480
001371459 61136
001371460 67552
001371461 78080
001371463 92640
001371464 80160
001371465 64959
001371466 86240
001371467 75040
001371470 80320
001371471 78720
001371472 79200
001371473 57552
001371474 56000
001371475 85760
001371476 81760
001371477 80000
001371478 61440
001371479 76000
001371480 102880
001371481 74720
001371482 68480
001371483 71840
001371484 61136
001371485 72651
001371487 79200
001371488 66080
001371489 100640
001371490 53920
001371491 63200
001371492 66880
001371493 55840
001371494 64319
001371495 72800
001371496 75200
001371498 67520
001371499 70400
001371500 77168
001371501 56000
001371502 83040
001371503 84800
001371504 103840
001371505 166240
001371506 57376
001371508 64640
001371509 67680
001371510 116000
001371511 94720
001371512 74560
001371513 78880
001371514 103520
001371515 114320
001371517 41728
001371518 70400
001371519 118560
001371520 169600
001371521 39840
001371522 108960
001371523 116480
001371524 113440
001371525 96640
001371526 89600
001371527 94720
001371528 91360
001371529 118880
001371530 116640
001371531 152640
001371532 91328
001371533 73440
001371534 67360
001371535 70560
001371536 109120
001371537 130880
001371538 106960
001371539 108000
001371540 78832
001371541 124640
001371542 131520
001371543 108800
001371544 77280
001371545 143200
001371546 92480
001371547 91840
001371548 84480
001371549 166400
001371550 72464
001371551 82304
001371552 67520
001371553 62096
001371554 73728
001371555 101680
001371556 51840
001371557 135840
001371558 76960
001371559 152320
001371560 99024
001371561 74560
001371562 102720
001371563 131280
001371564 86880
001371565 76960
001371566 92160
001371567 133472
001371568 165120
001371569 105120
001371570 95360
001371571 131696
001371572 92000
001371573 56208
001371574 53920
001371575 154560
001371576 53920
001371577 52640
001371578 106560
001371579 64000
001371580 108640
001371582 117440
001371585 106560
001371586 88640
001371587 99824
001371588 58944
001371589 102560
001371590 44320
001371591 65600
001371592 86864
001371593 80320
001371594 100160
001371595 105280
001371596 102080
001371597 87200
001371598 81920
001371599 65440
001371600 133760
001371601 47632
001371602 116480
001371603 86864
001371604 107360
001371605 58912
001371607 95360
001371608 60960
001371609 95040
001371610 109920
001371611 94560
001371612 97760
001371613 96320
001371614 90240
001371615 119520
001371616 70240
001371617 131344
001371619 139520
001371620 149280
001371621 86720
001371622 128160
001371623 70880
001371624 109600
001371625 96480
001371626 88960
001371627 64319
001371628 69968
001371629 86080
001371630 135840
001371631 82080
001371632 92960
001371633 146880
001371634 116784
001371635 50944
001371636 76000
001371638 55600
001371639 124640
001371640 65680
001371641 127840
001371642 52416
001371643 60720
001371644 135680
001371645 113120
001371646 71520
001371647 90720
001371648 149760
001371649 61088
001371650 172640
001371651 91200
001371652 153120
001371653 76512
001371654 79488
001371655 150560
001371656 94400
001371657 123040
001371658 97120
001371659 57600
001371660 97120
001371661 165440
001371662 71072
001371663 109760
001371664 165280
001371665 75680
001371666 68160
001371667 80960
001371668 159040
001371669 77920
001371670 142176
001371671 100000
001371672 89440
001371673 58720
001371674 108960
001371676 66464
001371677 43680
001371679 115360
001371680 59840
001371682 101520
001371683 101280
001371684 146560
001371685 74400
001371687 112960
001371688 93120
001371689 48384
001371690 93232
001371691 141600
001371692 63952
001371693 54720
001371694 67360
001371695 63040
001371696 134720
001371697 66880
001371698 70720
001371699 129759
001371700 114176
001371701 110432
001371702 59200
001371703 106240
001371704 52640
001371705 119520
001371706 109440
001371707 106880
001371708 109856
001371709 120320
001371710 73600
001371713 136800
001371714 85888
001371715 103360
001371716 77600
001371717 130560
001371718 50560
001371719 81280
001371720 150880
001371721 118288
001371722 81200
001371723 73760
001371724 152640
001371726 56848
001371727 81920
001371728 88640
001371730 122240
001371731 81600
001371732 132160
001371733 143200
001371734 76480
001371736 64800
001371737 95200
001371738 152000
001371739 58000
001371740 70096
001371741 55840
001371742 125280
001371743 146880
001371744 125440
001371745 78560
001371746 59840
001371747 60800
001371748 88960
001371749 92800
001371750 50720
001371751 72320
001371752 152480
001371753 43792
001371754 126880
001371755 108112
001371756 85600
001371757 151360
001371758 120000
001371759 137600
001371760 120480
001371761 148320
001371762 139040
001371763 76288
001371764 69440
001371765 92960
001371766 137600
001371767 148160
001371768 135360
001371769 74240
001371770 53072
001371771 61984
001371772 134560
001371774 136640
001371775 68464
001371776 124160
001371777 85760
001371778 73200
001371779 112960
001371780 59936
001371781 53600
001371782 120960
001371783 150240
001371784 71168
001371785 75360
001371786 49280
001371787 81120
001371788 126560
001371789 95840
001371790 123520
001371791 87200
001371792 128639
001371793 60480
001371794 89120
001371795 96800
001371796 76480
001371797 118080
001371799 77760
001380001 73440
001380002 149440
001380003 84160
001380004 114080
001380005 134560
001380006 87520
001380007 94560
001380008 93760
001380009 76640
001380010 94400
001380011 71520
001380012 120000
001380013 91120
001380014 118880
001380015 98560
001380016 131200
001380017 74240
001380018 84960
001380019 131360
001380020 82080
001380021 52640
001380022 70240
001380023 65600
001380024 68000
001380025 89120
001380026 61120
001380027 60640
001380028 51200
001380029 69280
001380030 74240
001380031 71520
001380032 71520
001380033 79200
001380034 101920
001380035 44640
001380036 58240
001380037 80320
001380038 60480
001380039 58240
001380040 64959
001380041 33520
001380042 42080
001380043 64000
001380044 52320
001380045 44160
001380046 45760
001380047 45600
001380048 78720
001380049 49760
001380050 56160
001380052 76640
001380053 42464
001380054 39360
001380055 57760
001380056 63840
001380057 71040
001380058 60480
001380059 60160
001380060 62880
001380061 55168
001380062 54720
001380063 70880
001380064 58240
001380065 57280
001380066 51520
001380067 55840
001380068 73280
001380069 62720
001380070 63680
001380071 48640
001380072 63840
001380073 61280
001380074 69280
001380075 55680
001380076 88480
001380077 54560
001380078 85760
001380079 59360
001380080 47360
001380081 57760
001380082 75360
001380083 59360
001380084 61280
001380085 63360
001380086 65440
001380087 65600
001380088 69280
001380089 92640
001380090 72480
001380091 73120
001380092 106240
001380093 74720
001380094 61280
001380095 80640
001380096 62880
001380097 61600
001380098 83040
001380099 64160
001380100 65440
001380101 62080
001380102 64800
001380103 80960
001380104 55840
001380105 82240
001380106 61600
001380107 93120
001380108 56800
001380109 69280
001380110 70880
001380111 83360
001380112 70080
001380113 46880
001380114 102240
001380115 81280
001380116 92800
001380117 73280
001380118 68480
001380119 105440
001380120 84640
001380121 48960
001380122 70400
001380123 89120
001380124 88960
001380125 120160
001380126 51040
001380127 97120
001380128 69920
001380129 85120
001380130 76800
001380131 53760
001380132 115680
001380133 77120
001380134 76000
001380135 60960
001380136 72320
001380137 79040
001380138 99040
001380139 116320
001380140 122080
001380141 49440
001380142 83680
001380143 99360
001380144 84800
001380145 113440
001380146 51840
001380147 100960
001380148 87840
001380149 60000
001380150 103040
001380151 106880
001380152 87520
001380153 77760
001380154 102560
001380155 98720
001380156 70240
001380157 52800
001380158 60160
001380159 79680
001380160 86080
001380161 106560
001380162 101600
001380163 76800
001380164 81760
001380165 107680
001380166 111840
001380167 46112
001380168 88320
001380169 89920
001380170 64160
001380171 66704
001380172 92480
001380173 56160
001380174 134400
001380175 99840
001380176 66880
001380177 116160
001380178 82080
001380179 68160
001380180 106720
001380182 73920
001380183 53440
001380184 69600
001380185 88160
001380186 106560
001380187 84160
001380188 48800
001380189 60320
001380190 60000
001380191 84800
001380192 81120
001380193 55680
001380194 50720
001380195 53120
001380196 80480
001380197 64000
001380198 56640
001380199 86560
001380200 110880
001380201 70880
001380202 58080
001380203 60800
001380204 79200
001380205 89920
001380206 83200
001380207 61120
001380208 67360
001380209 107040
001380210 121600
001380211 59200
001380212 108128
001380213 118880
001380214 68800
001380215 78240
001380216 92960
001380217 49600
001380218 94880
001380220 87680
001380221 88320
001380222 57920
001380223 83040
001380224 118880
001380225 92480
001380226 84480
001380227 107200
001380228 100000
001380229 67200
001380230 96480
001380231 116480
001380232 80000
001380233 45280
001380234 102240
001380235 105280
001380236 67680
001380237 64000
001380238 101440
001380239 64480
001380240 66720
001380241 70240
001380242 160960
001380243 55040
001380244 87520
001380245 100320
001380246 93936
001380247 63040
001380248 70240
001380249 142720
001380250 67520
001380251 103200
001380252 50880
001380253 44480
001380254 81600
001380255 50880
001380256 109280
001380257 79840
001380258 44480
001380259 61440
001380260 93760
001380261 122560
001380262 102880
001380263 118720
001380264 136800
001380265 43680
001380266 46000
001380267 94224
001380268 80480
001380269 110400
001380270 128960
001380271 62080
001380272 85120
001380273 41440
001380274 89600
001380275 56000
001380276 60960
001380277 123200
001380278 91040
001380279 96000
001380280 46560
001380281 61600
001380282 72160
001380283 98560
001380284 76160
001380285 127200
001380286 65120
001380287 116800
001380288 68800
001380289 68160
001380290 73600
001380291 69440
001380292 84480
001380294 103520
001380295 111200
001380296 68640
001380297 45120
001380298 70400
001380299 104800
001380300 59680
001380301 83040
001380302 90240
001380303 86400
001380304 79520
001380305 44640
001380306 113120
001380307 49120
001380308 60960
001380309 62880
001380310 39120
001380311 91040
001380312 95680
001380313 78880
001380314 117440
001380315 94400
001380316 65920
001380317 73760
001380318 63680
001380319 81440
001380320 88800
001380321 69920
001380322 60640
001380323 123040
001380324 107840
001380325 53760
001380326 68800
001380327 74400
001380328 82240
001380329 61280
001380330 85280
001380331 88800
001380332 61920
001380334 78880
001380335 64160
001380336 94080
001380337 116160
001380338 60160
001380339 74144
001380340 58880
001380341 99360
001380342 74880
001380343 57920
001380344 60480
001380345 117280
001380346 85440
001380347 93920
001380348 97120
001380349 69120
001380350 44640
001380351 49920
001380352 62880
001380353 110720
001380354 48800
001380355 52800
001380356 112320
001380357 93760
001380358 110880
001380359 48640
001380360 92320
001380361 86880
001380362 71200
001380363 50560
001380364 107840
001380365 85280
001380366 122720
001380367 135840
001380368 98240
001380369 73120
001380370 51040
001380371 110720
001380372 63520
001380373 94720
001380374 113280
001380375 86560
001380376 77280
001380377 85760
001380378 69120
001380379 94720
001380380 44640
001380381 102720
001380382 81760
001380383 64319
001380384 68960
001380385 80640
001380386 69120
001380387 55040
001380388 82720
001380389 49120
001380390 88960
001380391 124000
001380392 63680
001380393 60160
001380394 81280
001380395 108960
001380396 133760
001380397 134880
001380398 76800
001380399 170880
001380400 107680
001381401 60000
001381402 74400
001381403 64160
001381404 81440
001381405 66240
001381406 59520
001381407 63360
001381408 71664
001381409 48800
001381410 64000
001381411 76640
001381412 76480
001381413 42080
001381414 82080
001381415 59040
001381416 71200
001381417 93600
001381418 61920
001381419 57280
001381420 49440
001381421 45600
001381422 59040
001381423 49440
001381424 59520
001381425 53920
001381426 59360
001381427 78240
001381428 53120
001381429 48640
001381430 64640
001381431 44160
001381432 70240
001381433 78080
001381434 57600
001381435 54080
001381436 60480
001381437 55840
001381438 54400
001381439 76880
001381440 43792
001381441 60320
001381442 67520
001381443 69920
001381444 77920
001381445 53920
001381446 66560
001381447 58080
001381448 56160
001381449 59680
001381450 71040
001381451 75200
001381452 74080
001381453 69120
001381454 43680
001381455 73600
001381456 69280
001381457 71680
001381458 84480
001381459 52640
001381460 56160
001381461 63840
001381463 70560
001381464 65760
001381465 56960
001381466 81760
001381467 56320
001381468 68192
001381470 67360
001381471 59248
001381472 65552
001381473 50016
001381474 53920
001381475 72960
001381476 61760
001381477 66080
001381478 59680
001381479 67680
001381480 80960
001381481 67200
001381482 60960
001381483 54800
001381484 53760
001381485 56800
001381487 79040
001381488 57440
001381489 80160
001381490 54400
001381491 49600
001381492 62560
001381493 55360
001381494 59840
001381495 56160
001381496 69120
001381497 52160
001381498 62560
001381499 63040
001381500 61600
001381501 102720
001381502 80480
001381503 75200
001381504 85760
001381505 108640
001381506 88800
001381507 70240
001381508 100000
001381509 82080
001381510 102400
001381511 62240
001381512 94560
001381513 98560
001381514 76160
001381515 75840
001381516 126720
001381517 54560
001381518 58880
001381519 129919
001381520 71040
001381521 103360
001381522 71200
001381523 80000
001381524 68320
001381525 90880
001381526 42976
001381527 38800
001381528 104480
001381529 62880
001381530 109600
001381531 84160
001381532 46720
001381533 76640
001381534 45280
001381536 95520
001381537 66560
001381538 60160
001381539 54240
001381540 88160
001381541 102880
001381542 103680
001381544 112800
001381545 63040
001381546 45600
