001291568 23
001291569 13
001291570 10
001291571 27
001291572 12
001291573 22
001291574 7
001291575 9
001291576 7
001291577 26
001291578 12
001291579 11
001291580 21
001291581 32
001291582 28
001291584 6
001291585 20
001291586 17
001291587 7
001291588 16
001291589 21
001291590 22
001291592 13
001291593 15
001291594 14
001291595 21
001291596 26
001291598 27
001291599 20
001291600 28
001291601 26
001291602 21
001291603 16
001291604 36
001291605 15
001291607 32
001291608 22
001291609 29
001291610 29
001291611 17
001291614 25
001291615 11
001291616 22
001291617 23
001291618 27
001291621 18
001291622 24
001291624 20
001291625 30
001291627 19
001291628 15
001291629 19
001291630 30
001291632 13
001291633 10
001291634 14
001291636 13
001291639 26
001291642 33
001291643 14
001291645 22
001291646 28
001291650 27
001291652 21
001291654 27
001291656 18
001291660 32
001291663 18
001291664 20
001291665 20
001291667 9
001291671 12
001291676 24
001291678 32
001291679 14
001291681 11
001291682 38
001291683 19
001291684 32
001291685 14
001291686 9
001291688 20
001291689 31
001291690 7
001291692 26
001291694 18
001291695 16
001291696 26
001291697 16
001291700 8
001291705 18
001291706 11
001291707 28
001291709 8
001291712 25
001291713 13
001291714 10
001291716 24
001291717 27
001291718 16
001291724 25
001291725 27
001291726 28
001291727 25
001291728 21
001291730 11
001291739 24
001291744 28
001291746 15
001291747 11
001291748 21
001291749 24
001291753 20
001291755 20
001291756 33
001291758 19
001291762 13
001291763 24
001291764 30
001291765 17
001291766 22
001291771 13
001291774 8
001291781 27
001291782 35
001291783 28
001291790 12
001291791 22
001291792 25
001291793 32
001291794 22
001291795 10
001291796 31
001291797 16
001291798 18
001291799 10
001291800 26
001300001 10
001300002 41
001300003 16
001300004 33
001300005 35
001300006 21
001300007 30
001300008 24
001300009 20
001300010 27
001300012 34
001300013 20
001300014 37
001300015 27
001300016 46
001300017 18
001300018 25
001300019 42
001300020 23
001300021 7
001300023 14
001300024 12
001300025 20
001300026 8
001300027 12
001300028 8
001300029 11
001300030 14
001300032 19
001300033 20
001300034 20
001300036 8
001300037 17
001300038 10
001300039 11
001300040 14
001300041 4
001300042 4
001300043 14
001300045 6
001300046 9
001300047 10
001300048 15
001300049 7
001300050 14
001300052 17
001300053 8
001300054 7
001300055 12
001300056 13
001300057 16
001300058 14
001300059 9
001300060 14
001300061 17
001300062 11
001300063 20
001300064 13
001300065 18
001300066 8
001300067 11
001300068 13
001300069 20
001300070 19
001300071 14
001300072 12
001300073 15
001300074 14
001300075 13
001300076 18
001300077 7
001300078 20
001300079 14
001300080 10
001300081 13
001300082 17
001300083 14
001300084 13
001300085 11
001300086 14
001300087 15
001300088 15
001300089 21
001300090 22
001300091 15
001300092 36
001300093 16
001300094 13
001300095 14
001300096 14
001300097 13
001300098 19
001300099 17
001300100 17
001300101 19
001300102 7
001300103 30
001300104 26
001300105 29
001300106 19
001300107 30
001300108 28
001300109 11
001300110 32
001300111 10
001300112 20
001300113 17
001300114 32
001300115 17
001300116 18
001300117 30
001300118 13
001300119 15
001300120 34
001300121 33
001300123 13
001300124 32
001300125 26
001300126 14
001300127 27
001300128 19
001300129 19
001300130 18
001300131 12
001300132 11
001300133 32
001300134 6
001300135 25
001300137 15
001300141 22
001300142 24
001300143 20
001300144 26
001300160 39
001300161 8
001300162 18
001300163 13
001300165 17
001300166 14
001300167 19
001300168 25
001300170 23
001300171 14
001300172 24
001300173 10
001300175 15
001300177 18
001300178 28
001300179 8
001300180 16
001300181 20
001300182 32
001300183 21
001300184 37
001300185 22
001300186 20
001300187 12
001300188 29
001300189 22
001300190 14
001300191 15
001300192 24
001300193 8
001300194 24
001300195 23
001300197 23
001300198 10
001300199 26
001300200 19
001300201 20
001300202 9
001300203 19
001300204 20
001300205 27
001300206 10
001300207 20
001300208 24
001300209 8
001300210 21
001300211 5
001300212 17
001300213 7
001300214 30
001300215 30
001300217 20
001300219 17
001300220 16
001300221 13
001300222 21
001300223 31
001300224 6
001300225 23
001300226 26
001300227 21
001300228 17
001300229 17
001300230 14
001300231 21
001300232 14
001300233 35
001300234 5
001300235 24
001300236 12
001300237 18
001300238 32
001300239 10
001300240 32
001300241 31
001300242 20
001300243 18
001300244 13
001300245 23
001300247 24
001300248 9
001300249 14
001300250 13
001300251 28
001300252 28
001300253 17
001300254 27
001300255 13
001300256 13
001300257 17
001300258 24
001300260 17
001300261 20
001300262 16
001300263 27
001300264 17
001300265 24
001300266 30
001300267 33
001300268 24
001300269 11
001300270 10
001300271 25
001300272 18
001300273 18
001300274 8
001300275 17
001300276 22
001300277 20
001300278 12
001300280 18
001300281 35
001300282 19
001300283 5
001300284 27
001300285 20
001300286 11
001300288 36
001300289 19
001300290 15
001300291 29
001300292 23
001300293 28
001300294 11
001300295 22
001300296 17
001300297 19
001300298 19
001300299 8
001300300 19
001300301 23
001300303 18
001300304 35
001300305 13
001300306 33
001300307 13
001300308 17
001300309 30
001300310 9
001300311 15
001300312 25
001300313 36
001300314 32
001300315 19
001300316 11
001300317 20
001300318 27
001300319 16
001300320 16
001300321 22
001300322 13
001300323 10
001300324 27
001300325 11
001300326 22
001300327 18
001300328 12
001300329 21
001300330 37
001300331 22
001300332 8
001300333 18
001300334 24
001300335 17
001300336 20
001300337 30
001300338 10
001300339 18
001300340 16
001300341 7
001300342 20
001300343 24
001300344 18
001300345 23
001300346 22
001300347 19
001300348 16
001300349 14
001300350 11
001300351 25
001300352 27
001300353 17
001300354 10
001300355 21
001300356 12
001300357 17
001300359 25
001300360 11
001300361 7
001300362 27
001300363 28
001300364 23
001300365 19
001300366 15
001300367 7
001300368 22
001300369 31
001300370 15
001300371 8
001300372 18
001300373 20
001300374 10
001300375 20
001300376 11
001300377 20
001300378 25
001300379 6
001300380 12
001300381 21
001300382 10
001300383 11
001300384 8
001300385 28
001300386 36
001300387 7
001300388 26
001300389 15
001300390 14
001300391 26
001300392 13
001300393 36
001300395 14
001300396 10
001300397 15
001300398 8
001300399 14
001300400 30
001301401 17
001301402 18
001301403 13
001301404 21
001301405 13
001301406 15
001301407 17
001301408 16
001301409 10
001301411 19
001301412 21
001301413 6
001301414 19
001301415 11
001301416 13
001301418 12
001301419 16
001301420 14
001301421 8
001301422 13
001301423 10
001301424 15
001301425 10
001301426 12
001301427 22
001301428 10
001301429 15
001301430 17
001301431 14
001301432 20
001301433 19
001301434 14
001301435 10
001301436 12
001301438 16
001301439 19
001301440 8
001301441 17
001301442 20
001301443 17
001301444 19
001301445 15
001301446 21
001301447 11
001301448 16
001301449 12
001301450 16
001301451 21
001301452 25
001301453 15
001301454 6
001301456 20
001301457 13
001301458 23
001301459 15
001301460 15
001301461 16
001301463 21
001301464 16
001301465 13
001301466 25
001301467 9
001301468 20
001301469 19
001301470 18
001301471 14
001301472 20
001301473 12
001301474 8
001301475 20
001301476 13
001301477 13
001301478 14
001301479 17
001301480 33
001301481 12
001301482 14
001301483 17
001301484 15
001301485 12
001301487 18
001301488 15
001301489 25
001301490 13
001301491 15
001301492 16
001301493 11
001301495 12
001301496 21
001301498 15
001301499 14
001301500 24
001301501 12
001301502 14
001301503 20
001301504 29
001301505 11
001301506 15
001301507 31
001301508 12
001301509 15
001301510 23
001301511 29
001301512 18
001301513 17
001301514 17
001301515 27
001301516 33
001301517 12
001301518 24
001301519 33
001301520 27
001301521 18
001301522 5
001301523 17
001301524 10
001301525 17
001301526 6
001301527 25
001301528 10
001301529 12
001301530 12
001301531 20
001301532 15
001301533 23
001301534 20
001301535 7
001301536 8
001301537 23
001301538 11
001301539 20
001301541 18
001301542 10
001301543 13
001301545 17
001301546 35
001301547 26
001301548 25
001301549 10
001301550 18
001301551 21
001301552 10
001301553 40
001301554 30
001301555 11
001301556 12
001301557 37
001301558 17
001301559 33
001301560 12
001301561 25
001301562 13
001301563 22
001301564 12
001301565 6
001301566 28
001301567 14
001301568 15
001301569 24
001301570 17
001301571 35
001301572 15
001301573 13
001301574 10
001301575 24
001301576 20
001301577 11
001301578 17
001301579 8
001301581 33
001301583 10
001301584 17
001301585 26
001301586 14
001301587 12
001301589 6
001301590 27
001301592 5
001301593 32
001301594 13
001301595 29
001301596 15
001301597 34
001301598 24
001301599 11
001301600 41
001301601 15
001301602 30
001301603 23
001301604 10
001301605 25
001301606 14
001301607 16
001301608 21
001301609 7
001301610 15
001301611 13
001301612 13
001301613 32
001301614 37
001301615 17
001301616 24
001301617 10
001301618 22
001301619 18
001301620 10
001301621 26
001301622 9
001301623 17
001301624 7
001301625 33
001301626 7
001301627 8
001301628 19
001301629 17
001301630 8
001301631 38
001301632 15
001301633 24
001301634 16
001301635 33
001301636 20
001301637 25
001301638 8
001301639 14
001301640 31
001301641 27
001301642 32
001301643 15
001301644 12
001301645 25
001301646 10
001301647 20
001301648 11
001301649 14
001301650 14
001301651 6
001301652 15
001301653 14
001301654 15
001301655 36
001301657 15
001301658 17
001301659 9
001301660 14
001301661 31
001301662 10
001301663 28
001301664 47
001301665 21
001301666 31
001301667 12
001301668 35
001301669 23
001301670 14
001301671 25
001301672 17
001301673 16
001301674 19
001301675 25
001301676 12
001301677 26
001301678 22
001301681 24
001301682 18
001301683 12
001301684 25
001301685 18
001301686 17
001301687 11
001301688 8
001301689 10
001301690 14
001301691 21
001301692 9
001301693 20
001301694 13
001301695 19
001301696 14
001301697 14
001301698 11
001301700 16
001301701 19
001301702 7
001301703 15
001301704 17
001301706 22
001301707 29
001301708 17
001301710 27
001301711 14
001301712 24
001301713 29
001301714 17
001301715 13
001301716 29
001301718 11
001301719 28
001301720 36
001301721 38
001301722 21
001301723 24
001301724 35
001301725 29
001301726 34
001301727 16
001301728 22
001301729 28
001301730 34
001301731 5
001301732 18
001301733 26
001301734 16
001301735 24
001301736 9
001301737 43
001301738 12
001301739 16
001301740 13
001301741 16
001301742 8
001301743 15
001301744 29
001301745 26
001301746 26
001301747 16
001301748 23
001301749 15
001301750 11
001301751 43
001301752 13
001301753 25
001301754 19
001301755 24
001301756 16
001301757 13
001301758 9
001301759 33
001301761 14
001301762 12
001301763 21
001301764 17
001301765 20
001301766 18
001301767 26
001301768 25
001301771 34
001301772 30
001301773 8
001301775 18
001301776 15
001301777 18
001301778 12
001301779 13
001301780 30
001301781 25
001301782 19
001301783 16
001301784 28
001301785 12
001301786 14
001301787 18
001301788 22
001301789 9
001301790 34
001301791 28
001301792 8
001301793 18
001301794 19
001301795 21
001301796 16
001301797 22
001301798 10
001301799 12
001301800 31
001310001 10
001310002 41
001310003 16
001310005 35
001310006 21
001310007 33
001310008 24
001310009 20
001310010 27
001310011 20
001310012 34
001310013 20
001310014 37
001310015 27
001310016 46
001310017 17
001310018 25
001310019 42
001310020 22
001310021 7
001310022 11
001310023 14
001310024 12
001310025 18
001310026 8
001310027 12
001310028 8
001310029 11
001310030 14
001310031 15
001310033 20
001310034 20
001310035 7
001310036 8
001310037 17
001310038 10
001310040 14
001310041 4
001310042 4
001310043 14
001310044 10
001310046 9
001310047 10
001310049 7
001310050 14
001310051 11
001310052 17
001310053 8
001310054 7
001310055 12
001310056 13
001310057 16
001310058 13
001310059 9
001310060 14
001310062 11
001310063 20
001310064 13
001310065 18
001310067 11
001310068 13
001310070 19
001310071 14
001310072 12
001310073 15
001310074 14
001310075 13
001310076 17
001310078 20
001310079 14
001310081 13
001310082 16
001310083 14
001310084 13
001310085 9
001310086 14
001310087 15
001310088 15
001310090 22
001310091 15
001310093 16
001310094 13
001310095 14
001310096 14
001310097 13
001310098 19
001310099 18
001310100 17
001310101 7
001310102 24
001310103 19
001310104 27
001310105 11
001310106 7
001310107 23
001310109 39
001310110 11
001310111 19
001310112 19
001310114 13
001310116 23
001310118 8
001310119 35
001310120 34
001310121 31
001310123 19
001310124 24
001310125 30
001310126 11
001310127 11
001310128 19
001310129 6
001310130 18
001310131 31
001310132 31
001310133 11
001310134 17
001310135 8
001310137 27
001310138 13
001310139 25
001310140 15
001310141 10
001310142 17
001310143 16
001310144 20
001310145 9
001310146 8
001310147 6
001310148 22
001310149 12
001310150 19
001310151 28
001310152 26
001310153 19
001310154 13
001310155 30
001310156 31
001310157 5
001310158 14
001310159 23
001310160 14
001310162 21
001310163 25
001310164 16
001310167 21
001310168 22
001310169 26
001310170 31
001310172 27
001310173 22
001310174 11
001310175 27
001310176 24
001310177 26
001310178 13
001310179 9
001310180 25
001310181 23
001310182 6
001310184 32
001310186 19
001310188 38
001310189 28
001310190 23
001310191 8
001310192 15
001310193 14
001310194 11
001310195 23
001310196 11
001310197 17
001310198 19
001310200 6
001310201 14
001310202 16
001310203 22
001310204 16
001310205 19
001310207 18
001310209 20
001310210 14
001310211 10
001310212 9
001310213 8
001310214 11
001310215 22
001310216 23
001310217 17
001310218 8
001310219 10
001310220 24
001310222 13
001310223 27
001310224 21
001310225 15
001310226 12
001310227 11
001310228 16
001310229 29
001310230 17
001310233 21
001310235 12
001310236 18
001310237 14
001310238 15
001310239 21
001310240 17
001310242 16
001310243 34
001310244 19
001310245 28
001310246 13
001310247 15
001310248 11
001310249 16
001310250 29
001310251 25
001310252 14
001310253 21
001310255 24
001310257 10
001310258 20
001310259 27
001310260 21
001310261 6
001310262 13
001310263 35
001310264 33
001310265 27
001310267 36
001310269 6
001310270 33
001310271 12
001310272 14
001310273 30
001310274 22
001310275 8
001310276 18
001310277 18
001310278 22
001310279 37
001310280 11
001310281 20
001310282 13
001310283 28
001310284 21
001310285 24
001310286 24
001310287 23
001310288 25
001310289 20
001310290 23
001310291 24
001310293 16
001310294 18
001310295 20
001310296 26
001310297 17
001310298 14
001310299 22
001310300 13
001310301 26
001310302 16
001310303 24
001310304 36
001310306 23
001310307 30
001310308 19
001310309 35
001310310 19
001310311 21
001310313 13
001310315 16
001310316 20
001310317 19
001310318 10
001310319 11
001310320 23
001310321 27
001310322 31
001310323 20
001310324 13
001310325 14
001310326 17
001310327 17
001310329 28
001310331 19
001310332 17
001310333 17
001310334 30
001310335 23
001310336 25
001310337 24
001310338 28
001310339 19
001310340 15
001310341 13
001310342 16
001310343 18
001310344 7
001310345 27
001310346 27
001310348 23
001310349 34
001310350 24
001310351 11
001310352 18
001310353 9
001310354 11
001310355 14
001310356 38
001310357 11
001310358 25
001310359 19
001310360 22
001310361 40
001310362 24
001310363 11
001310364 29
001310365 23
001310366 11
001310367 25
001310368 13
001310369 14
001310370 5
001310371 13
001310372 11
001310373 12
001310374 13
001310375 21
001310376 12
001310377 21
001310378 24
001310379 34
001310380 9
001310381 26
001310382 14
001310384 27
001310385 12
001310387 14
001310388 17
001310389 26
001310391 14
001310392 24
001310393 33
001310394 31
001310395 9
001310396 25
001310397 43
001310398 19
001310399 17
001310400 15
001311401 12
001311402 18
001311403 13
001311404 21
001311405 14
001311406 15
001311407 17
001311408 16
001311410 25
001311411 19
001311412 21
001311413 6
001311414 19
001311415 11
001311416 13
001311417 26
001311418 12
001311419 16
001311422 13
001311423 10
001311424 15
001311425 10
001311426 11
001311427 21
001311428 5
001311429 15
001311430 17
001311431 14
001311432 20
001311433 25
001311434 14
001311435 10
001311436 12
001311438 15
001311439 19
001311441 17
001311442 20
001311444 19
001311445 15
001311447 11
001311448 16
001311449 12
001311450 15
001311451 17
001311452 21
001311453 15
001311454 6
001311456 20
001311457 13
001311458 23
001311459 15
001311460 14
001311463 21
001311464 17
001311465 13
001311466 19
001311467 9
001311470 18
001311471 14
001311472 20
001311473 13
001311474 8
001311475 19
001311476 13
001311477 13
001311478 14
001311479 17
001311480 33
001311481 12
001311482 13
001311484 15
001311485 10
001311486 10
001311487 18
001311489 25
001311490 13
001311491 18
001311494 13
001311495 12
001311496 21
001311497 15
001311498 15
001311500 18
001311501 19
001311502 22
001311503 14
001311504 26
001311505 20
001311506 19
001311507 24
001311508 27
001311509 15
001311510 27
001311511 25
001311512 18
001311513 37
001311514 9
001311515 10
001311516 30
001311517 14
001311518 10
001311519 12
001311521 18
001311523 13
001311524 23
001311525 21
001311526 38
001311527 29
001311528 30
001311529 15
001311530 22
001311531 27
001311532 7
001311533 18
001311535 31
001311536 37
001311537 11
001311538 29
001311539 10
001311540 9
001311541 13
001311542 21
001311544 31
001311545 16
001311546 21
001311547 28
001311548 22
001311549 18
001311550 15
001311551 35
001311552 11
001311553 26
001311554 17
001311555 7
001311556 28
001311557 14
001311558 17
001311559 11
001311560 12
001311561 18
001311562 18
001311563 21
001311564 11
001311565 25
001311566 28
001311567 28
001311568 10
001311569 28
001311570 15
001311571 21
001311572 12
001311573 16
001311574 17
001311575 23
001311576 25
001311577 31
001311578 17
001311579 35
001311580 15
001311581 42
001311582 27
001311583 19
001311584 23
001311585 20
001311586 15
001311587 25
001311588 12
001311589 31
001311590 8
001311591 36
001311592 9
001311593 17
001311594 33
001311595 17
001311596 30
001311597 23
001311598 28
001311599 12
001311600 31
001311602 29
001311603 25
001311604 23
001311605 28
001311606 28
001311607 28
001311608 25
001311609 22
001311613 12
001311614 22
001311615 31
001311616 23
001311617 25
001311618 22
001311619 17
001311620 8
001311621 7
001311622 30
001311623 29
001311624 36
001311625 33
001311626 12
001311627 6
001311629 29
001311630 22
001311631 7
001311632 14
001311633 44
001311634 26
001311635 22
001311636 24
001311637 28
001311638 14
001311640 5
001311641 14
001311642 16
001311643 10
001311644 26
001311645 20
001311646 26
001311647 18
001311648 16
001311650 16
001311651 31
001311652 31
001311653 9
001311654 29
001311655 38
001311657 22
001311658 19
001311659 19
001311661 17
001311663 29
001311664 15
001311665 21
001311666 14
001311667 12
001311668 15
001311669 34
001311670 19
001311671 25
001311672 14
001311673 18
001311674 8
001311675 23
001311676 19
001311677 14
001311678 12
001311679 23
001311680 14
001311681 13
001311682 20
001311683 10
001311684 14
001311685 20
001311686 23
001311687 22
001311688 14
001311691 10
001311692 23
001311693 20
001311694 13
001311695 10
001311696 8
001311697 19
001311698 18
001311699 12
001311700 26
001311701 12
001311702 9
001311703 18
001311704 24
001311705 24
001311707 22
001311708 19
001311709 25
001311710 14
001311711 35
001311712 32
001311713 21
001311714 33
001311715 13
001311716 19
001311717 10
001311718 25
001311720 28
001311721 9
001311722 29
001311723 24
001311724 17
001311725 8
001311726 22
001311727 23
001311728 15
001311729 9
001311730 15
001311731 16
001311732 30
001311733 23
001311734 27
001311735 12
001311736 8
001311737 17
001311738 5
001311739 37
001311741 42
001311742 14
001311743 23
001311744 31
001311745 12
001311746 11
001311747 33
001311748 33
001311749 23
001311750 13
001311751 35
001311752 20
001311753 18
001311754 13
001311755 17
001311756 29
001311757 19
001311758 27
001311759 33
001311760 15
001311761 22
001311762 16
001311763 22
001311764 28
001311765 17
001311766 7
001311767 40
001311768 22
001311769 16
001311770 8
001311771 10
001311772 12
001311773 11
001311774 26
001311775 24
001311776 21
001311777 17
001311778 25
001311779 25
001311780 21
001311781 33
001311782 24
001311784 12
001311785 8
001311786 15
001311787 28
001311788 17
001311789 23
001311790 18
001311791 22
001311792 8
001311793 12
001311794 37
001311795 17
001311796 19
001311797 15
001311798 31
001311799 10
001311800 30
001320001 10
001320002 42
001320003 21
001320004 33
001320005 35
001320006 26
001320007 30
001320008 24
001320010 27
001320011 20
001320012 41
001320013 20
001320014 37
001320015 34
001320016 46
001320017 18
001320019 42
001320020 27
001320021 7
001320024 12
001320026 8
001320027 17
001320028 8
001320029 11
001320030 19
001320032 19
001320033 22
001320034 20
001320036 8
001320037 17
001320039 17
001320040 14
001320043 14
001320047 10
001320048 15
001320049 7
001320050 14
001320052 17
001320053 8
001320056 13
001320057 16
001320058 14
001320059 9
001320060 14
001320061 17
001320062 11
001320063 20
001320064 13
001320065 18
001320067 11
001320068 13
001320069 20
001320070 19
001320072 12
001320073 15
001320074 14
001320075 14
001320077 7
001320078 20
001320079 14
001320080 10
001320081 13
001320082 17
001320083 14
001320084 13
001320085 11
001320086 14
001320087 17
001320088 15
001320089 21
001320090 22
001320091 15
001320092 36
001320093 16
001320094 13
001320095 14
001320096 14
001320097 13
001320098 19
001320100 17
001320101 13
001320102 10
001320103 9
001320104 29
001320105 7
001320106 14
001320107 19
001320108 29
001320109 7
001320112 15
001320113 18
001320114 34
001320115 28
001320116 13
001320117 22
001320118 23
001320120 25
001320121 10
001320122 7
001320123 18
001320124 9
001320125 19
001320126 44
001320128 7
001320129 34
001320130 6
001320132 29
001320133 14
001320134 22
001320137 24
001320138 14
001320139 8
001320140 15
001320141 25
001320142 25
001320143 21
001320144 17
001320146 10
001320147 12
001320148 18
001320149 31
001320150 26
001320151 32
001320152 22
001320153 14
001320154 25
001320155 22
001320156 19
001320157 26
001320158 29
001320159 16
001320161 8
001320162 13
001320163 25
001320164 5
001320165 20
001320166 25
001320167 13
001320168 21
001320170 14
001320171 15
001320172 23
001320173 18
001320174 17
001320175 34
001320176 9
001320177 6
001320178 19
001320180 17
001320182 29
001320183 12
001320184 25
001320185 23
001320186 8
001320187 38
001320188 9
001320190 33
001320191 26
001320192 23
001320193 6
001320194 19
001320195 12
001320196 14
001320197 13
001320198 19
001320199 6
001320200 34
001320201 10
001320202 18
001320203 5
001320204 9
001320205 26
001320206 15
001320207 23
001320208 25
001320209 27
001320210 14
001320211 20
001320212 18
001320213 31
001320214 12
001320215 6
001320216 18
001320217 5
001320218 34
001320219 16
001320221 9
001320222 25
001320224 18
001320225 23
001320226 19
001320228 13
001320229 11
001320230 7
001320231 30
001320232 31
001320233 7
001320234 19
001320235 7
001320236 10
001320238 19
001320239 32
001320240 13
001320241 10
001320242 19
001320243 4
001320244 32
001320245 21
001320247 35
001320248 18
001320249 38
001320250 10
001320251 29
001320252 22
001320253 29
001320254 22
001320255 21
001320256 12
001320257 11
001320258 38
001320259 10
001320260 21
001320261 29
001320263 7
001320264 17
001320265 27
001320267 37
001320268 9
001320269 27
001320270 15
001320271 16
001320272 12
001320273 21
001320275 22
001320276 35
001320277 34
001320278 31
001320280 18
001320281 15
001320282 12
001320284 33
001320285 7
001320286 19
001320287 8
001320288 31
001320289 14
001320290 22
001320291 13
001320292 31
001320293 20
001320294 17
001320295 42
001320296 9
001320297 9
001320298 12
001320300 11
001320302 24
001320303 17
001320304 21
001320305 15
001320306 15
001320308 16
001320309 11
001320310 14
001320311 23
001320312 12
001320313 7
001320314 19
001320315 22
001320317 5
001320318 28
001320320 29
001320322 16
001320324 8
001320325 31
001320326 8
001320328 11
001320329 25
001320330 17
001320331 21
001320332 16
001320335 26
001320336 10
001320337 9
001320338 27
001320339 13
001320340 19
001320341 16
001320342 17
001320343 17
001320344 27
001320345 12
001320346 31
001320347 14
001320348 13
001320349 23
001320350 20
001320351 8
001320352 21
001320353 14
001320354 9
001320355 16
001320356 8
001320357 30
001320358 32
001320359 33
001320361 14
001320363 11
001320364 30
001320365 28
001320366 11
001320367 21
001320368 15
001320369 26
001320370 12
001320371 11
001320373 13
001320374 20
001320375 24
001320376 15
001320377 33
001320378 14
001320379 17
001320380 18
001320381 14
001320382 9
001320383 5
001320384 22
001320385 8
001320386 27
001320387 15
001320388 25
001320389 27
001320391 18
001320393 22
001320394 17
001320395 24
001320396 21
001320397 15
001320399 13
001320400 19
001321401 18
001321402 18
001321403 19
001321404 21
001321405 13
001321406 15
001321407 17
001321408 22
001321409 16
001321410 19
001321411 19
001321412 21
001321413 5
001321414 19
001321415 11
001321416 13
001321417 27
001321418 12
001321419 22
001321421 8
001321422 13
001321423 10
001321424 15
001321425 11
001321427 22
001321428 10
001321429 15
001321430 17
001321431 14
001321432 21
001321433 19
001321434 14
001321435 10
001321436 12
001321438 22
001321440 8
001321441 29
001321442 21
001321443 17
001321444 19
001321445 15
001321447 11
001321448 18
001321449 12
001321450 16
001321451 21
001321453 15
001321454 6
001321455 21
001321457 19
001321458 23
001321459 15
001321460 21
001321461 16
001321463 22
001321464 16
001321465 19
001321466 19
001321467 12
001321470 18
001321471 14
001321473 12
001321474 8
001321475 20
001321476 13
001321477 13
001321478 17
001321479 17
001321480 41
001321481 12
001321482 14
001321483 17
001321485 10
001321487 18
001321488 15
001321489 25
001321490 13
001321491 15
001321492 16
001321493 11
001321494 13
001321495 18
001321496 21
001321497 15
001321498 15
001321499 14
001321500 18
001321502 14
001321504 15
001321505 35
001321506 21
001321508 11
001321509 20
001321510 21
001321511 39
001321512 18
001321513 37
001321514 33
001321515 11
001321516 11
001321517 9
001321518 15
001321519 26
001321520 7
001321521 30
001321522 32
001321523 21
001321524 33
001321525 17
001321526 16
001321527 14
001321528 13
001321529 28
001321530 10
001321532 17
001321533 10
001321534 8
001321535 18
001321536 11
001321537 20
001321538 27
001321540 13
001321541 29
001321542 15
001321543 34
001321544 25
001321545 29
001321546 19
001321547 31
001321549 13
001321550 7
001321551 12
001321554 10
001321555 13
001321557 30
001321558 14
001321559 18
001321561 36
001321562 11
001321563 22
001321566 18
001321567 12
001321568 26
001321569 24
001321570 13
001321572 16
001321573 19
001321574 26
001321576 21
001321577 25
001321578 37
001321579 28
001321582 30
001321583 15
001321584 14
001321585 10
001321586 23
001321587 23
001321588 16
001321589 17
001321590 35
001321591 17
001321594 23
001321595 20
001321596 14
001321597 15
001321598 19
001321599 23
001321600 15
001321603 18
001321604 23
001321605 17
001321606 21
001321607 15
001321609 18
001321611 20
001321612 15
001321613 24
001321614 41
001321615 21
001321616 17
001321617 12
001321618 8
001321620 22
001321622 20
001321623 13
001321624 24
001321625 11
001321626 16
001321627 11
001321628 11
001321629 36
001321630 6
001321631 33
001321632 19
001321634 30
001321635 7
001321636 21
001321637 9
001321638 19
001321639 17
001321640 15
001321641 9
001321642 24
001321643 9
001321644 18
001321646 28
001321647 7
001321648 17
001321649 25
001321650 9
001321651 11
001321652 14
001321653 17
001321654 26
001321655 26
001321656 10
001321657 28
001321658 14
001321659 8
001321660 9
001321661 24
001321663 23
001321664 15
001321665 16
001321666 12
001321667 30
001321669 10
001321670 18
001321671 10
001321672 21
001321673 6
001321674 14
001321675 22
001321677 23
001321678 30
001321679 28
001321680 7
001321681 38
001321682 25
001321683 7
001321685 31
001321686 21
001321687 17
001321688 17
001321690 15
001321691 11
001321692 27
001321694 11
001321695 32
001321696 14
001321697 11
001321698 16
001321700 18
001321702 13
001321703 24
001321704 18
001321705 17
001321706 11
001321707 15
001321708 23
001321709 15
001321710 5
001321711 33
001321712 36
001321713 28
001321714 35
001321716 21
001321717 10
001321718 22
001321719 30
001321720 14
001321721 12
001321722 18
001321723 33
001321725 16
001321726 20
001321727 34
001321728 33
001321729 19
001321730 24
001321732 24
001321733 23
001321734 37
001321735 30
001321736 24
001321737 23
001321738 14
001321740 32
001321741 13
001321742 34
001321743 25
001321744 11
001321745 19
001321746 18
001321747 18
001321748 6
001321750 27
001321751 17
001321752 22
001321753 9
001321755 37
001321757 30
001321758 21
001321759 10
001321760 10
001321763 22
001321764 25
001321765 25
001321766 32
001321767 24
001321769 16
001321770 15
001321771 19
001321772 22
001321773 17
001321774 24
001321775 20
001321776 16
001321777 35
001321778 11
001321779 10
001321780 28
001321781 12
001321783 23
001321784 12
001321785 13
001321786 16
001321787 34
001321788 15
001321789 13
001321790 30
001321791 14
001321792 16
001321793 33
001321795 19
001321796 25
001321798 19
001321799 33
001330002 41
001330003 16
001330004 33
001330005 35
001330006 21
001330008 24
001330009 14
001330010 27
001330013 20
001330014 37
001330015 27
001330016 46
001330018 25
001330019 42
001330020 23
001330021 7
001330022 11
001330023 14
001330025 20
001330026 8
001330027 12
001330028 8
001330029 11
001330030 14
001330031 15
001330032 19
001330033 20
001330034 20
001330035 7
001330036 8
001330037 17
001330038 10
001330040 14
001330041 4
001330042 4
001330043 14
001330044 10
001330045 6
001330046 9
001330048 15
001330049 7
001330050 14
001330052 17
001330055 12
001330056 13
001330058 14
001330059 9
001330060 14
001330061 17
001330063 20
001330064 13
001330065 18
001330066 8
001330067 11
001330068 13
001330069 19
001330071 14
001330072 12
001330073 15
001330074 14
001330075 13
001330077 7
001330078 20
001330081 13
001330082 17
001330083 14
001330084 13
001330085 11
001330086 14
001330087 15
001330088 15
001330089 21
001330090 22
001330091 15
001330092 35
001330093 16
001330094 13
001330095 14
001330096 14
001330098 19
001330099 17
001330100 17
001330102 29
001330103 11
001330105 24
001330106 22
001330107 24
001330108 35
001330109 31
001330110 19
001330111 12
001330112 17
001330113 10
001330114 32
001330115 9
001330116 21
001330117 29
001330118 10
001330119 12
001330120 21
001330121 17
001330122 30
001330123 12
001330124 15
001330125 15
001330127 31
001330128 20
001330129 11
001330130 13
001330132 14
001330134 13
001330135 23
001330136 21
001330137 26
001330138 16
001330139 31
001330140 36
001330141 21
001330142 12
001330144 22
001330145 30
001330146 9
001330147 22
001330148 22
001330149 23
001330150 18
001330151 13
001330152 14
001330155 19
001330156 29
001330157 13
001330158 37
001330159 15
001330160 15
001330161 25
001330162 20
001330163 23
001330164 33
001330165 10
001330168 23
001330169 18
001330170 8
001330171 11
001330172 28
001330173 19
001330174 29
001330175 9
001330176 15
001330177 24
001330178 25
001330179 19
001330180 21
001330181 8
001330182 23
001330183 32
001330184 43
001330185 23
001330186 15
001330187 27
001330188 7
001330189 21
001330190 22
001330191 22
001330192 15
001330193 21
001330195 21
001330196 14
001330197 27
001330198 25
001330199 29
001330201 9
001330202 30
001330203 17
001330204 23
001330205 31
001330206 25
001330207 12
001330208 26
001330209 27
001330210 12
001330211 22
001330212 16
001330213 17
001330214 18
001330215 24
001330216 7
001330217 16
001330218 20
001330219 7
001330220 10
001330221 16
001330222 19
001330223 16
001330224 18
001330225 33
001330227 22
001330228 28
001330230 13
001330231 8
001330232 21
001330233 13
001330234 11
001330235 30
001330236 23
001330237 23
001330238 23
001330239 26
001330240 23
001330241 31
001330242 12
001330243 22
001330244 22
001330245 20
001330247 23
001330248 17
001330249 17
001330250 14
001330251 13
001330252 29
001330253 23
001330254 9
001330255 24
001330256 16
001330257 17
001330258 24
001330259 22
001330260 21
001330261 26
001330262 14
001330263 12
001330264 18
001330265 7
001330266 17
001330267 16
001330268 10
001330269 26
001330270 18
001330271 16
001330273 12
001330275 27
001330276 6
001330277 21
001330278 19
001330279 36
001330280 20
001330281 31
001330282 18
001330283 29
001330284 14
001330285 27
001330286 22
001330287 16
001330288 37
001330289 15
001330290 21
001330291 12
001330292 7
001330293 24
001330294 28
001330295 17
001330296 14
001330298 9
001330299 7
001330300 33
001330301 9
001330303 21
001330304 35
001330305 12
001330306 29
001330307 12
001330308 16
001330310 8
001330311 11
001330312 36
001330313 30
001330314 26
001330315 29
001330316 16
001330317 22
001330318 15
001330320 10
001330321 18
001330322 31
001330323 19
001330324 26
001330325 22
001330326 37
001330327 9
001330328 18
001330329 30
001330330 10
001330331 30
001330332 19
001330334 16
001330335 20
001330336 12
001330337 38
001330338 32
001330339 18
001330340 28
001330341 18
001330342 29
001330343 26
001330346 17
001330347 11
001330348 19
001330349 22
001330350 19
001330351 23
001330353 29
001330355 15
001330356 23
001330357 9
001330358 18
001330359 12
001330360 11
001330361 22
001330362 24
001330363 21
001330364 12
001330365 20
001330366 24
001330367 21
001330368 18
001330369 22
001330370 16
001330371 25
001330372 19
001330374 17
001330375 13
001330376 19
001330377 16
001330378 23
001330379 25
001330380 11
001330381 26
001330382 34
001330383 10
001330384 25
001330385 12
001330386 24
001330387 29
001330388 17
001330389 16
001330390 11
001330392 32
001330393 18
001330394 22
001330395 22
001330396 28
001330397 15
001330398 27
001330399 14
001330400 26
001331402 18
001331403 19
001331404 21
001331405 13
001331406 15
001331407 17
001331408 16
001331409 10
001331410 19
001331411 19
001331412 21
001331413 6
001331414 19
001331415 11
001331416 13
001331417 27
001331418 12
001331419 16
001331420 15
001331421 8
001331422 13
001331423 10
001331424 15
001331425 10
001331426 12
001331427 22
001331428 10
001331429 15
001331430 17
001331431 14
001331432 20
001331433 19
001331434 14
001331435 10
001331436 12
001331437 12
001331438 16
001331439 19
001331440 8
001331441 23
001331442 20
001331443 18
001331444 19
001331445 15
001331446 21
001331447 11
001331448 16
001331449 12
001331450 16
001331451 21
001331452 25
001331453 15
001331454 6
001331455 20
001331456 20
001331457 13
001331458 23
001331459 15
001331460 15
001331461 16
001331462 14
001331463 21
001331464 16
001331465 13
001331466 19
001331467 9
001331468 15
001331469 19
001331470 18
001331471 14
001331472 20
001331473 12
001331474 8
001331475 20
001331476 13
001331477 13
001331478 14
001331479 17
001331480 33
001331481 12
001331482 14
001331483 17
001331484 15
001331485 10
001331487 18
001331488 15
001331489 25
001331490 13
001331491 15
001331492 16
001331493 11
001331494 13
001331495 12
001331496 21
001331497 15
001331498 15
001331500 18
001331501 7
001331502 31
001331503 10
001331504 17
001331505 13
001331506 5
001331507 16
001331508 11
001331509 41
001331510 20
001331511 19
001331512 12
001331513 29
001331514 25
001331515 24
001331516 9
001331517 16
001331518 30
001331519 33
001331520 7
001331521 25
001331522 14
001331523 19
001331524 31
001331525 19
001331526 19
001331527 25
001331528 11
001331529 24
001331530 25
001331531 11
001331532 26
001331534 20
001331535 19
001331536 8
001331537 46
001331538 22
001331539 19
001331540 18
001331541 19
001331542 28
001331543 5
001331544 12
001331545 23
001331546 16
001331547 20
001331548 32
001331549 27
001331550 12
001331551 11
001331552 13
001331553 11
001331554 27
001331555 30
001331556 10
001331557 26
001331558 19
001331559 15
001331560 17
001331561 19
001331562 29
001331563 15
001331564 18
001331565 21
001331566 32
001331567 26
001331568 19
001331569 9
001331570 18
001331571 21
001331572 30
001331573 25
001331575 13
001331576 19
001331577 19
001331578 7
001331579 27
001331580 28
001331581 19
001331582 13
001331583 25
001331584 19
001331585 30
001331586 10
001331587 25
001331588 19
001331589 6
001331590 18
001331591 6
001331592 11
001331593 9
001331594 8
001331595 24
001331596 7
001331597 9
001331598 13
001331599 31
001331600 15
001331601 16
001331602 21
001331603 20
001331604 11
001331605 25
001331606 23
001331607 16
001331608 36
001331609 26
001331610 22
001331611 15
001331612 32
001331613 19
001331614 12
001331615 9
001331616 26
001331617 16
001331618 7
001331619 18
001331620 14
001331621 16
001331622 16
001331623 9
001331624 15
001331625 26
001331626 19
001331627 15
001331628 23
001331629 26
001331630 13
001331631 40
001331632 30
001331633 9
001331634 35
001331635 18
001331636 12
001331637 14
001331638 15
001331639 23
001331640 8
001331641 10
001331642 9
001331643 17
001331644 12
001331645 28
001331646 21
001331647 9
001331648 15
001331649 11
001331650 11
001331651 12
001331652 31
001331653 6
001331654 7
001331655 29
001331656 28
001331657 18
001331658 24
001331659 35
001331660 17
001331661 24
001331662 18
001331663 16
001331664 20
001331665 8
001331666 21
001331667 26
001331668 12
001331669 33
001331670 9
001331671 18
001331672 15
001331673 10
001331674 13
001331675 22
001331676 26
001331677 21
001331678 21
001331679 17
001331680 21
001331681 13
001331682 12
001331683 24
001331684 16
001331685 22
001331686 33
001331687 14
001331688 16
001331689 20
001331690 12
001331691 20
001331692 6
001331693 15
001331694 14
001331695 24
001331696 37
001331697 9
001331698 41
001331699 19
001331700 25
001331701 23
001331702 9
001331703 12
001331704 21
001331705 20
001331706 34
001331707 18
001331708 8
001331709 30
001331710 17
001331711 11
001331712 32
001331713 18
001331714 12
001331715 13
001331716 12
001331717 27
001331718 16
001331719 21
001331720 8
001331721 25
001331722 9
001331723 18
001331724 22
001331725 17
001331726 38
001331727 10
001331728 14
001331729 39
001331730 10
001331731 22
001331733 20
001331734 19
001331735 18
001331736 43
001331737 10
001331738 23
001331739 9
001331740 25
001331741 26
001331742 27
001331743 21
001331744 14
001331746 22
001331747 16
001331748 5
001331749 31
001331750 30
001331751 9
001331753 26
001331754 29
001331755 27
001331756 12
001331757 13
001331758 18
001331759 15
001331760 15
001331761 16
001331762 19
001331763 25
001331764 8
001331765 30
001331766 20
001331767 29
001331768 37
001331769 33
001331770 19
001331771 23
001331772 22
001331773 40
001331774 26
001331776 36
001331778 22
001331779 12
001331780 26
001331781 16
001331782 12
001331783 10
001331784 22
001331785 24
001331786 9
001331787 17
001331789 6
001331791 12
001331792 12
001331793 40
001331794 18
001331795 16
001331796 17
001331797 15
001331798 36
001331799 28
001331800 17
001340001 10
001340002 41
001340003 16
001340004 33
001340005 35
001340006 21
001340007 30
001340008 24
001340009 20
001340010 27
001340011 20
001340012 34
001340013 20
001340014 37
001340015 27
001340016 46
001340017 18
001340018 25
001340019 42
001340020 23
001340021 7
001340022 11
001340024 12
001340025 20
001340026 8
001340027 12
001340028 8
001340029 11
001340030 14
001340031 15
001340032 19
001340033 20
001340034 20
001340035 7
001340036 8
001340037 17
001340038 10
001340039 11
001340040 14
001340041 4
001340042 4
001340043 14
001340044 10
001340045 6
001340046 9
001340047 10
001340048 15
001340049 7
001340050 14
001340051 11
001340052 17
001340053 8
001340054 7
001340055 12
001340057 16
001340058 14
001340059 9
001340060 14
001340061 17
001340062 11
001340063 20
001340064 13
001340065 18
001340066 8
001340067 11
001340068 13
001340069 20
001340070 19
001340071 14
001340072 12
001340073 15
001340074 14
001340075 13
001340077 7
001340078 20
001340079 14
001340080 10
001340081 13
001340082 17
001340083 14
001340084 13
001340085 11
001340086 14
001340087 15
001340088 15
001340089 21
001340090 22
001340091 15
001340092 35
001340093 16
001340094 13
001340095 14
001340096 14
001340097 13
001340098 19
001340099 17
001340100 17
001340101 22
001340102 22
001340103 14
001340104 8
001340106 19
001340107 18
001340108 16
001340109 16
001340110 25
001340111 12
001340113 7
001340115 10
001340116 14
001340117 20
001340118 13
001340119 5
001340120 20
001340121 17
001340122 22
001340123 18
001340124 12
001340125 14
001340126 21
001340128 35
001340129 28
001340130 24
001340131 23
001340132 23
001340133 17
001340134 16
001340135 25
001340137 20
001340138 17
001340139 18
001340141 13
001340142 25
001340143 27
001340144 16
001340145 35
001340146 12
001340147 11
001340148 30
001340149 22
001340150 17
001340151 39
001340152 10
001340153 32
001340154 21
001340155 20
001340156 9
001340157 17
001340158 19
001340159 9
001340160 29
001340161 25
001340162 18
001340163 26
001340164 16
001340165 31
001340166 33
001340167 42
001340169 36
001340170 12
001340173 11
001340174 9
001340175 25
001340176 31
001340177 39
001340178 12
001340179 12
001340180 10
001340181 24
001340182 27
001340183 13
001340184 14
001340185 26
001340186 14
001340187 25
001340188 13
001340189 26
001340190 6
001340191 17
001340192 53
001340193 25
001340194 13
001340195 29
001340196 19
001340198 21
001340199 10
001340200 10
001340201 16
001340202 19
001340203 15
001340204 7
001340205 42
001340206 20
001340207 21
001340210 19
001340211 25
001340213 27
001340214 29
001340215 23
001340216 11
001340218 30
001340219 21
001340220 26
001340221 12
001340222 23
001340223 17
001340224 30
001340225 23
001340226 24
001340227 16
001340228 36
001340229 24
001340230 22
001340231 7
001340232 19
001340233 42
001340234 9
001340235 23
001340236 20
001340237 39
001340238 17
001340239 27
001340240 6
001340241 10
001340242 34
001340243 14
001340244 24
001340245 28
001340246 11
001340247 20
001340248 25
001340249 32
001340250 5
001340251 11
001340252 16
001340253 8
001340254 14
001340255 15
001340256 14
001340257 24
001340258 10
001340260 16
001340261 10
001340262 26
001340263 18
001340264 22
001340265 17
001340266 25
001340267 23
001340268 11
001340269 30
001340270 26
001340271 41
001340272 36
001340273 20
001340274 24
001340275 15
001340276 25
001340277 17
001340278 15
001340279 26
001340280 5
001340281 14
001340282 29
001340283 23
001340284 21
001340285 31
001340286 17
001340287 18
001340288 23
001340289 13
001340290 18
001340291 35
001340292 12
001340293 18
001340294 9
001340295 17
001340296 19
001340297 9
001340298 10
001340299 14
001340300 12
001340301 9
001340302 15
001340303 6
001340304 23
001340305 11
001340306 12
001340307 20
001340308 33
001340309 37
001340310 39
001340311 8
001340312 13
001340313 14
001340314 24
001340315 23
001340316 28
001340317 28
001340318 25
001340319 12
001340321 37
001340322 18
001340323 20
001340324 48
001340325 24
001340326 12
001340327 26
001340328 25
001340329 19
001340330 34
001340331 10
001340332 12
001340333 16
001340334 19
001340335 10
001340336 14
001340337 21
001340338 27
001340339 16
001340340 15
001340341 9
001340342 8
001340343 9
001340344 12
001340345 28
001340346 21
001340347 10
001340348 11
001340349 21
001340350 18
001340351 11
001340352 16
001340353 17
001340354 11
001340355 19
001340357 12
001340358 29
001340359 12
001340360 22
001340361 15
001340362 12
001340364 22
001340365 13
001340366 10
001340367 8
001340368 15
001340369 17
001340370 11
001340371 6
001340372 24
001340374 17
001340375 15
001340376 5
001340377 32
001340379 24
001340380 14
001340381 24
001340383 26
001340384 6
001340385 15
001340386 13
001340387 22
001340388 9
001340389 34
001340390 32
001340391 17
001340392 20
001340393 12
001340394 22
001340395 18
001340396 34
001340397 7
001340398 20
001340399 25
001340400 33
001341401 12
001341402 18
001341403 13
001341404 21
001341405 13
001341406 15
001341407 17
001341408 16
001341409 10
001341411 19
001341412 21
001341413 6
001341414 19
001341415 11
001341416 13
001341417 27
001341418 12
001341419 16
001341422 13
001341423 10
001341425 10
001341426 12
001341427 22
001341428 10
001341429 15
001341430 17
001341431 14
001341432 20
001341433 19
001341434 19
001341435 10
001341436 12
001341437 12
001341438 22
001341439 25
001341440 14
001341441 17
001341442 26
001341443 17
001341444 19
001341445 21
001341446 27
001341447 17
001341448 16
001341449 12
001341450 22
001341451 21
001341452 25
001341453 21
001341454 12
001341456 26
001341457 13
001341458 23
001341459 15
001341460 15
001341461 22
001341463 27
001341464 22
001341465 19
001341466 19
001341467 9
001341468 15
001341469 19
001341470 18
001341471 14
001341474 14
001341475 26
001341476 13
001341477 13
001341478 20
001341479 17
001341480 39
001341481 18
001341482 14
001341483 17
001341485 15
001341488 21
001341489 31
001341490 19
001341493 17
001341494 18
001341495 12
001341496 21
001341497 20
001341498 20
001341499 14
001341500 24
001341501 26
001341502 27
001341503 13
001341504 15
001341505 5
001341506 35
001341507 43
001341508 18
001341509 21
001341510 21
001341511 22
001341512 16
001341513 10
001341514 17
001341517 19
001341518 33
001341519 9
001341520 21
001341521 29
001341522 18
001341523 17
001341524 29
001341525 15
001341526 24
001341527 37
001341528 20
001341529 25
001341530 20
001341531 13
001341532 26
001341533 14
001341534 16
001341535 20
001341536 24
001341537 28
001341540 17
001341541 20
001341542 25
001341543 22
001341544 28
001341545 30
001341546 21
001341547 14
001341548 15
001341549 15
001341550 23
001341551 24
001341552 17
001341553 24
001341554 22
001341555 22
001341556 26
001341557 20
001341558 20
001341559 34
001341560 29
001341561 15
001341562 43
001341563 25
001341564 29
001341565 22
001341566 13
001341567 16
001341568 19
001341569 28
001341570 21
001341571 31
001341572 17
001341573 11
001341574 12
001341575 12
001341576 21
001341577 15
001341578 27
001341579 16
001341580 10
001341581 15
001341582 10
001341583 9
001341584 11
001341585 18
001341586 18
001341587 22
001341588 32
001341589 7
001341591 22
001341592 31
001341594 18
001341595 29
001341596 23
001341597 26
001341598 22
001341599 32
001341600 23
001341601 19
001341604 21
001341605 15
001341606 11
001341607 36
001341608 18
001341609 18
001341610 29
001341611 11
001341612 14
001341613 18
001341614 11
001341615 15
001341616 17
001341617 25
001341618 35
001341619 14
001341620 5
001341621 29
001341622 34
001341623 12
001341624 13
001341625 24
001341626 9
001341627 16
001341629 24
001341630 13
001341631 13
001341632 11
001341633 15
001341634 40
001341635 9
001341636 22
001341637 11
001341638 24
001341639 30
001341641 25
001341642 10
001341643 14
001341644 17
001341646 24
001341647 11
001341649 14
001341651 17
001341652 15
001341653 12
001341654 9
001341655 22
001341657 9
001341658 21
001341659 16
001341660 19
001341661 11
001341662 28
001341663 12
001341664 17
001341667 11
001341668 11
001341669 12
001341670 13
001341671 16
001341672 19
001341673 29
001341674 20
001341675 27
001341677 18
001341678 18
001341679 29
001341680 26
001341681 21
001341682 11
001341683 15
001341684 10
001341687 23
001341688 11
001341689 17
001341690 8
001341691 15
001341692 24
001341693 10
001341694 16
001341695 9
001341697 20
001341698 25
001341700 13
001341701 24
001341702 12
001341703 17
001341704 10
001341705 35
001341706 12
001341707 26
001341708 11
001341710 9
001341711 23
001341712 13
001341713 14
001341714 31
001341715 14
001341716 5
001341717 11
001341718 10
001341719 17
001341720 10
001341721 28
001341722 18
001341723 21
001341724 17
001341725 20
001341726 14
001341727 18
001341728 30
001341729 19
001341730 18
001341731 23
001341732 11
001341733 10
001341734 26
001341735 21
001341736 31
001341739 20
001341740 28
001341741 15
001341742 18
001341743 23
001341744 19
001341745 30
001341746 9
001341747 6
001341748 13
001341749 17
001341750 9
001341751 23
001341752 28
001341753 34
001341754 26
001341755 17
001341756 26
001341757 7
001341758 21
001341759 13
001341760 12
001341761 17
001341762 25
001341764 23
001341765 26
001341766 24
001341767 31
001341768 13
001341771 10
001341772 7
001341773 11
001341774 28
001341775 22
001341776 21
001341777 18
001341778 17
001341779 25
001341780 29
001341781 16
001341782 14
001341783 13
001341784 22
001341785 27
001341786 8
001341787 12
001341788 25
001341789 11
001341790 39
001341791 26
001341792 21
001341793 12
001341795 18
001341796 21
001341797 20
001341798 10
001341799 25
001341800 18
001350001 10
001350002 40
001350003 16
001350004 33
001350005 35
001350006 21
001350007 30
001350008 30
001350009 14
001350010 27
001350011 20
001350012 34
001350013 20
001350014 37
001350015 27
001350016 46
001350017 18
001350018 25
001350019 48
001350020 23
001350021 7
001350022 11
001350023 14
001350024 12
001350025 20
001350026 8
001350027 12
001350028 8
001350029 11
001350030 14
001350031 15
001350032 19
001350033 20
001350034 20
001350035 7
001350036 8
001350037 17
001350038 10
001350039 11
001350040 14
001350041 4
001350042 4
001350043 14
001350044 10
001350045 6
001350046 9
001350047 10
001350048 21
001350049 7
001350050 14
001350051 11
001350052 17
001350053 9
001350054 7
001350055 12
001350056 13
001350057 16
001350058 14
001350059 9
001350060 14
001350061 17
001350062 11
001350063 20
001350064 13
001350065 18
001350066 8
001350067 11
001350068 13
001350069 20
001350070 19
001350071 14
001350072 12
001350073 15
001350074 14
001350075 13
001350076 18
001350077 7
001350078 20
001350079 14
001350080 10
001350081 13
001350082 17
001350083 14
001350084 13
001350085 11
001350086 14
001350087 15
001350088 15
001350089 21
001350090 22
001350091 15
001350092 35
001350093 16
001350094 13
001350095 14
001350096 14
001350097 13
001350098 19
001350099 17
001350100 23
001350101 13
001350102 18
001350103 16
001350104 31
001350105 23
001350106 30
001350107 22
001350108 6
001350109 28
001350110 19
001350111 42
001350112 45
001350113 23
001350114 16
001350115 6
001350116 29
001350117 12
001350118 19
001350119 28
001350120 18
001350121 27
001350122 20
001350123 9
001350124 11
001350125 23
001350126 8
001350127 10
001350128 17
001350129 23
001350130 11
001350131 15
001350132 12
001350133 10
001350134 10
001350135 16
001350136 22
001350137 25
001350138 5
001350139 20
001350140 35
001350141 5
001350142 19
001350143 12
001350144 20
001350145 24
001350146 30
001350147 17
001350148 24
001350149 22
001350150 21
001350151 19
001350152 12
001350153 21
001350154 9
001350155 8
001350156 13
001350157 28
001350158 37
001350159 25
001350160 12
001350161 21
001350162 33
001350163 37
001350164 16
001350165 12
001350166 28
001350167 18
001350168 15
001350169 37
001350170 15
001350171 22
001350172 31
001350173 10
001350174 7
001350175 13
001350176 10
001350177 15
001350178 13
001350179 11
001350180 25
001350181 16
001350182 29
001350183 26
001350184 10
001350185 10
001350186 18
001350187 11
001350188 26
001350189 10
001350190 26
001350191 7
001350192 6
001350193 15
001350194 21
001350195 20
001350196 27
001350197 11
001350198 12
001350199 11
001350200 35
001350201 14
001350202 10
001350203 26
001350204 36
001350205 28
001350206 16
001350207 18
001350208 7
001350209 8
001350210 24
001350211 8
001350212 27
001350213 15
001350214 21
001350215 11
001350216 12
001350217 14
001350218 33
001350219 30
001350220 17
001350221 14
001350222 25
001350223 28
001350224 14
001350225 17
001350226 23
001350227 22
001350228 13
001350229 22
001350230 23
001350231 26
001350232 24
001350233 27
001350234 14
001350235 20
001350236 26
001350237 19
001350238 22
001350239 19
001350240 30
001350241 30
001350242 10
001350243 23
001350244 16
001350245 10
001350246 26
001350247 18
001350248 21
001350249 12
001350250 13
001350251 19
001350252 21
001350253 11
001350254 16
001350255 25
001350256 21
001350257 18
001350258 30
001350259 25
001350260 23
001350261 39
001350262 25
001350263 16
001350264 9
001350265 17
001350266 12
001350267 16
001350268 12
001350269 12
001350270 35
001350271 17
001350272 13
001350273 19
001350274 17
001350275 22
001350276 19
001350277 20
001350278 31
001350279 25
001350280 17
001350281 14
001350282 33
001350283 15
001350284 28
001350285 27
001350286 21
001350287 16
001350288 5
001350289 43
001350290 8
001350291 39
001350292 17
001350293 22
001350294 25
001350295 17
001350296 25
001350297 14
001350298 24
001350299 11
001350300 24
001350301 23
001350302 26
001350303 16
001350304 36
001350305 30
001350306 25
001350307 23
001350308 24
001350309 27
001350310 27
001350311 21
001350312 26
001350313 18
001350314 22
001350315 23
001350316 21
001350317 23
001350318 22
001350319 27
001350320 21
001350321 6
001350322 33
001350323 20
001350324 26
001350325 37
001350326 9
001350327 20
001350328 25
001350329 24
001350330 18
001350331 9
001350332 36
001350333 16
001350334 24
001350335 12
001350336 30
001350337 22
001350338 17
001350339 12
001350340 14
001350341 23
001350342 26
001350343 8
001350344 22
001350345 12
001350346 23
001350347 16
001350348 25
001350349 13
001350350 23
001350351 27
001350352 28
001350353 13
001350354 24
001350355 17
001350356 7
001350357 25
001350358 22
001350359 8
001350360 6
001350361 17
001350362 21
001350363 16
001350364 27
001350365 32
001350366 17
001350367 19
001350368 33
001350369 17
001350370 8
001350371 24
001350372 24
001350373 7
001350374 17
001350375 8
001350376 18
001350377 12
001350378 18
001350379 27
001350380 23
001350381 18
001350382 35
001350383 24
001350384 20
001350385 24
001350386 11
001350387 25
001350388 12
001350389 14
001350390 17
001350391 24
001350392 18
001350393 19
001350394 15
001350395 22
001350396 34
001350397 9
001350398 13
001350399 16
001350400 29
001360001 10
001360002 41
001360003 16
001360005 35
001360006 21
001360007 30
001360008 24
001360009 20
001360010 27
001360011 21
001360012 34
001360013 20
001360014 37
001360015 27
001360016 46
001360017 18
001360018 25
001360019 44
001360020 23
001360021 7
001360022 11
001360023 14
001360024 12
001360025 20
001360026 8
001360027 12
001360028 8
001360029 11
001360030 14
001360031 15
001360032 19
001360033 20
001360034 20
001360035 7
001360036 8
001360037 17
001360038 10
001360039 11
001360040 14
001360041 4
001360042 4
001360043 14
001360045 6
001360046 15
001360047 10
001360048 15
001360049 7
001360050 14
001360052 17
001360054 7
001360055 12
001360056 13
001360057 16
001360058 14
001360059 9
001360060 14
001360061 17
001360062 11
001360063 20
001360064 13
001360065 18
001360066 8
001360067 11
001360068 13
001360069 20
001360070 21
001360071 14
001360072 12
001360073 15
001360074 14
001360075 13
001360076 18
001360077 7
001360078 20
001360079 14
001360080 10
001360081 13
001360082 23
001360083 14
001360084 13
001360085 11
001360086 14
001360087 15
001360088 15
001360089 21
001360090 22
001360092 35
001360093 16
001360095 14
001360096 14
001360097 13
001360098 19
001360100 17
001360101 31
001360102 22
001360103 18
001360105 30
001360108 28
001360109 15
001360110 22
001360111 10
001360112 29
001360113 22
001360114 6
001360115 13
001360116 13
001360117 15
001360118 12
001360119 24
001360120 24
001360122 12
001360123 17
001360124 19
001360125 25
001360126 13
001360129 28
001360130 16
001360131 9
001360132 19
001360134 15
001360135 15
001360136 17
001360137 29
001360138 6
001360139 20
001360140 16
001360141 28
001360142 43
001360143 11
001360144 37
001360145 11
001360146 16
001360148 15
001360149 12
001360151 30
001360152 21
001360153 28
001360154 18
001360155 16
001360156 35
001360157 19
001360158 9
001360159 23
001360160 28
001360161 12
001360162 14
001360163 12
001360164 28
001360165 20
001360166 15
001360167 19
001360168 20
001360169 12
001360170 21
001360171 19
001360172 13
001360173 11
001360174 17
001360175 17
001360176 35
001360177 24
001360178 8
001360179 18
001360181 13
001360183 16
001360184 19
001360185 27
001360186 11
001360187 16
001360188 17
001360189 17
001360190 6
001360191 11
001360192 38
001360193 22
001360194 37
001360195 17
001360196 15
001360197 15
001360198 16
001360199 11
001360200 25
001360202 12
001360203 31
001360204 42
001360205 29
001360206 21
001360207 15
001360208 17
001360209 37
001360211 41
001360212 18
001360213 5
001360214 20
001360215 8
001360216 6
001360217 19
001360218 27
001360219 26
001360220 13
001360221 26
001360222 28
001360223 21
001360224 33
001360225 20
001360226 25
001360227 25
001360228 22
001360229 36
001360230 11
001360232 39
001360233 7
001360235 28
001360236 13
001360237 23
001360238 8
001360239 10
001360240 13
001360241 6
001360242 18
001360243 17
001360244 25
001360245 14
001360246 23
001360247 29
001360248 33
001360249 38
001360250 11
001360251 31
001360252 16
001360253 32
001360254 11
001360255 16
001360257 26
001360258 9
001360259 27
001360260 30
001360261 16
001360262 25
001360263 15
001360264 32
001360265 20
001360266 24
001360267 31
001360268 18
001360269 29
001360270 26
001360271 27
001360272 5
001360273 21
001360275 43
001360276 14
001360277 30
001360278 26
001360279 38
001360280 21
001360282 34
001360283 16
001360285 15
001360286 11
001360288 29
001360289 28
001360290 29
001360292 15
001360293 33
001360294 20
001360295 31
001360296 14
001360297 17
001360298 22
001360299 10
001360300 24
001360302 37
001360303 22
001360304 24
001360305 18
001360306 10
001360307 29
001360308 29
001360309 12
001360310 18
001360311 19
001360313 17
001360314 18
001360315 20
001360316 25
001360319 20
001360320 36
001360321 13
001360322 25
001360324 23
001360325 34
001360326 15
001360327 33
001360328 27
001360329 14
001360330 19
001360331 30
001360332 22
001360333 19
001360334 27
001360335 30
001360336 10
001360337 31
001360338 41
001360339 39
001360340 28
001360341 15
001360342 13
001360343 24
001360344 22
001360345 23
001360346 18
001360347 21
001360348 16
001360349 7
001360350 28
001360351 25
001360352 30
001360353 30
001360354 10
001360356 27
001360357 15
001360358 21
001360359 16
001360360 14
001360361 20
001360363 12
001360364 28
001360366 20
001360367 20
001360368 29
001360369 11
001360370 27
001360371 21
001360372 13
001360373 35
001360374 23
001360375 25
001360376 15
001360377 21
001360378 22
001360379 21
001360380 8
001360381 14
001360382 22
001360383 10
001360384 16
001360385 23
001360386 16
001360387 20
001360388 32
001360389 21
001360390 17
001360391 17
001360392 10
001360393 9
001360394 33
001360395 33
001360396 17
001360397 21
001360398 25
001360399 13
001360400 15
001361401 12
001361402 18
001361403 13
001361404 21
001361405 13
001361407 17
001361408 17
001361409 10
001361411 19
001361412 21
001361413 6
001361414 19
001361415 11
001361416 13
001361417 27
001361418 17
001361419 16
001361420 14
001361421 8
001361422 19
001361423 16
001361424 15
001361425 10
001361426 12
001361427 23
001361428 12
001361429 21
001361430 17
001361431 14
001361432 26
001361433 19
001361434 14
001361435 10
001361436 12
001361438 16
001361439 19
001361441 28
001361442 20
001361443 17
001361444 19
001361445 15
001361447 11
001361448 16
001361449 12
001361451 21
001361456 20
001361457 19
001361458 23
001361459 15
001361460 15
001361463 21
001361464 16
001361465 19
001361466 19
001361467 9
001361470 24
001361471 14
001361473 12
001361474 14
001361475 20
001361476 13
001361477 13
001361478 14
001361480 39
001361481 12
001361482 20
001361483 17
001361487 18
001361488 15
001361489 25
001361490 13
001361491 15
001361494 13
001361495 12
001361496 27
001361497 15
001361498 15
001361499 15
001361501 29
001361502 30
001361503 11
001361504 26
001361506 35
001361507 23
001361509 34
001361510 35
001361511 20
001361513 16
001361514 28
001361515 31
001361516 30
001361517 46
001361518 26
001361519 23
001361520 28
001361521 13
001361522 7
001361523 30
001361524 34
001361525 24
001361526 28
001361527 16
001361528 17
001361529 20
001361530 19
001361531 14
001361533 16
001361534 27
001361537 20
001361538 15
001361539 22
001361540 17
001361541 23
001361542 13
001361543 16
001361544 43
001361545 12
001361547 21
001361548 16
001361551 19
001361553 13
001361554 21
001361555 12
001361556 24
001361557 15
001361558 22
001361559 27
001361561 21
001361562 12
001361563 33
001361564 13
001361565 27
001361567 12
001361569 19
001361570 20
001361571 18
001361572 25
001361573 16
001361574 38
001361578 19
001361579 46
001361580 11
001361581 32
001361585 28
001361586 20
001361588 18
001361591 14
001361592 25
001361593 16
001361594 33
001361595 23
001361596 36
001361597 10
001361598 15
001361599 29
001361600 5
001361601 20
001361602 28
001361603 30
001361604 29
001361606 21
001361607 17
001361608 31
001361609 28
001361610 42
001361611 22
001361612 19
001361613 12
001361615 21
001361617 19
001361618 22
001361619 8
001361620 9
001361621 15
001361622 9
001361623 18
001361624 25
001361628 21
001361629 21
001361630 7
001361631 22
001361632 28
001361633 23
001361634 11
001361636 29
001361637 26
001361638 23
001361639 23
001361640 19
001361641 19
001361642 20
001361644 18
001361645 21
001361646 29
001361647 14
001361648 27
001361651 14
001361652 12
001361653 18
001361654 33
001361655 35
001361656 14
001361657 19
001361658 18
001361660 28
001361661 31
001361662 20
001361663 25
001361665 23
001361666 5
001361667 18
001361668 13
001361669 30
001361670 13
001361671 11
001361672 14
001361673 13
001361674 27
001361675 21
001361676 14
001361677 18
001361679 29
001361680 19
001361681 27
001361682 19
001361683 12
001361684 10
001361685 12
001361686 24
001361687 12
001361688 27
001361689 40
001361690 31
001361691 29
001361692 29
001361693 25
001361694 12
001361695 21
001361696 34
001361697 23
001361698 18
001361699 23
001361701 15
001361702 31
001361703 25
001361704 25
001361705 20
001361706 18
001361707 33
001361708 12
001361709 20
001361711 31
001361713 44
001361714 10
001361715 11
001361716 10
001361717 7
001361718 27
001361720 14
001361723 9
001361724 14
001361725 16
001361726 20
001361727 31
001361728 11
001361729 27
001361730 11
001361731 21
001361732 21
001361733 19
001361734 26
001361736 16
001361737 21
001361738 36
001361739 27
001361740 10
001361741 19
001361742 22
001361743 35
001361744 12
001361745 40
001361747 39
001361748 16
001361749 15
001361750 24
001361752 17
001361753 21
001361754 25
001361755 13
001361756 9
001361757 5
001361758 22
001361759 8
001361760 14
001361761 7
001361762 16
001361763 21
001361764 23
001361765 21
001361766 34
001361767 25
001361768 24
001361769 19
001361771 18
001361773 22
001361774 13
001361775 17
001361776 25
001361777 21
001361778 19
001361779 17
001361780 34
001361781 47
001361782 32
001361783 18
001361784 29
001361785 20
001361786 13
001361788 26
001361789 14
001361790 11
001361791 24
001361792 13
001361793 14
001361794 7
001361795 15
001361796 25
001361797 13
001361798 38
001361799 20
001370001 10
001370002 46
001370003 21
001370004 33
001370005 35
001370006 21
001370007 30
001370008 24
001370009 20
001370010 27
001370012 34
001370013 20
001370014 37
001370015 27
001370016 46
001370017 18
001370018 25
001370019 42
001370020 23
001370021 7
001370022 11
001370023 14
001370024 12
001370025 20
001370026 8
001370027 12
001370029 11
001370030 14
001370031 15
001370032 19
001370033 20
001370034 20
001370036 8
001370037 17
001370038 10
001370039 11
001370040 14
001370041 4
001370042 4
001370043 14
001370044 10
001370045 6
001370046 9
001370047 10
001370048 15
001370049 7
001370050 14
001370052 17
001370053 8
001370054 7
001370055 12
001370056 13
001370057 16
001370058 14
001370059 9
001370060 14
001370061 17
001370062 11
001370063 20
001370064 13
001370065 18
001370066 8
001370067 11
001370068 13
001370069 20
001370070 19
001370071 14
001370072 12
001370073 15
001370074 14
001370075 13
001370076 18
001370077 7
001370078 20
001370079 14
001370081 13
001370082 17
001370083 14
001370084 13
001370085 11
001370087 15
001370088 15
001370089 21
001370090 22
001370091 15
001370092 35
001370093 16
001370094 13
001370095 14
001370096 14
001370097 13
001370098 19
001370099 17
001370100 17
001370101 17
001370102 13
001370103 20
001370104 22
001370105 7
001370106 12
001370107 23
001370108 21
001370109 23
001370110 30
001370111 12
001370112 33
001370113 13
001370114 19
001370116 26
001370117 15
001370119 12
001370120 14
001370121 16
001370122 23
001370123 25
001370124 9
001370125 32
001370126 11
001370127 30
001370128 18
001370129 19
001370131 13
001370132 11
001370133 22
001370134 33
001370135 17
001370136 11
001370137 8
001370138 20
001370139 19
001370140 8
001370141 22
001370142 23
001370143 22
001370145 5
001370146 26
001370147 27
001370148 16
001370149 31
001370150 13
001370151 31
001370152 20
001370153 12
001370154 13
001370156 30
001370157 18
001370158 7
001370159 34
001370160 25
001370161 28
001370162 17
001370163 42
001370164 12
001370165 17
001370166 33
001370167 29
001370168 17
001370169 21
001370170 38
001370171 5
001370172 24
001370173 8
001370174 32
001370175 18
001370176 14
001370177 17
001370178 12
001370179 27
001370180 17
001370182 31
001370183 20
001370184 31
001370185 23
001370186 37
001370187 17
001370188 10
001370189 16
001370190 13
001370191 15
001370192 32
001370193 35
001370194 18
001370195 19
001370196 23
001370197 25
001370198 36
001370199 21
001370200 27
001370201 34
001370202 9
001370203 7
001370204 25
001370205 36
001370206 19
001370207 29
001370208 48
001370209 14
001370210 13
001370211 16
001370213 24
001370214 25
001370215 11
001370216 11
001370217 28
001370218 13
001370219 25
001370220 28
001370221 24
001370222 23
001370223 17
001370225 15
001370226 21
001370228 25
001370229 25
001370230 28
001370231 13
001370232 21
001370233 13
001370234 26
001370235 27
001370236 31
001370237 32
001370238 34
001370239 18
001370240 33
001370241 17
001370242 16
001370243 14
001370244 28
001370245 26
001370246 23
001370247 19
001370248 15
001370249 10
001370250 22
001370251 21
001370252 23
001370253 21
001370254 40
001370255 32
001370256 16
001370257 19
001370258 6
001370259 7
001370260 18
001370261 29
001370262 28
001370263 19
001370265 20
001370266 13
001370267 9
001370268 14
001370269 15
001370270 31
001370271 20
001370272 11
001370273 19
001370274 24
001370275 19
001370276 11
001370277 6
001370278 30
001370279 7
001370280 25
001370281 16
001370282 12
001370283 33
001370284 21
001370285 30
001370286 8
001370287 12
001370288 35
001370289 12
001370290 13
001370291 32
001370292 33
001370293 12
001370294 20
001370295 18
001370296 11
001370297 32
001370298 28
001370299 14
001370300 10
001370301 20
001370302 15
001370303 20
001370304 20
001370305 18
001370306 10
001370307 32
001370308 25
001370309 11
001370310 20
001370311 18
001370312 19
001370313 10
001370314 14
001370317 27
001370318 19
001370319 25
001370320 8
001370321 30
001370322 21
001370323 26
001370324 29
001370325 27
001370326 16
001370327 19
001370328 23
001370329 8
001370330 40
001370331 16
001370332 17
001370333 25
001370334 10
001370335 22
001370336 28
001370337 32
001370338 11
001370339 11
001370340 23
001370341 17
001370342 37
001370343 17
001370344 27
001370345 17
001370346 15
001370347 15
001370348 22
001370349 38
001370350 23
001370352 7
001370353 16
001370354 29
001370355 24
001370356 25
001370357 22
001370358 34
001370359 10
001370361 21
001370362 18
001370363 20
001370364 33
001370365 15
001370366 23
001370367 21
001370368 22
001370369 17
001370370 19
001370371 16
001370372 14
001370373 31
001370374 9
001370375 26
001370376 15
001370377 14
001370378 18
001370379 8
001370380 27
001370381 50
001370382 16
001370383 18
001370385 14
001370386 9
001370387 26
001370388 28
001370389 14
001370390 15
001370391 26
001370392 38
001370393 16
001370394 6
001370395 24
001370397 27
001370398 15
001370399 12
001370400 14
001371401 12
001371402 18
001371403 13
001371404 21
001371405 13
001371406 20
001371407 17
001371408 16
001371409 10
001371410 19
001371411 19
001371412 21
001371413 5
001371414 19
001371415 11
001371416 13
001371418 12
001371419 16
001371421 8
001371422 13
001371423 10
001371424 15
001371425 10
001371426 12
001371427 22
001371428 10
001371429 15
001371430 17
001371431 14
001371432 26
001371433 19
001371434 14
001371435 10
001371436 12
001371438 16
001371439 19
001371440 8
001371441 17
001371442 20
001371443 17
001371444 19
001371445 15
001371446 21
001371447 10
001371448 16
001371449 12
001371450 16
001371451 21
001371452 25
001371453 15
001371454 6
001371456 20
001371457 13
001371458 23
001371459 15
001371460 15
001371461 16
001371463 21
001371464 16
001371465 13
001371466 19
001371467 9
001371470 18
001371471 14
001371472 20
001371473 12
001371474 8
001371475 20
001371476 13
001371477 13
001371478 14
001371479 17
001371480 33
001371481 12
001371482 14
001371483 17
001371484 15
001371485 10
001371487 18
001371488 15
001371489 25
001371490 13
001371491 15
001371492 16
001371493 11
001371494 13
001371495 12
001371496 21
001371498 15
001371499 14
001371500 18
001371501 11
001371502 17
001371503 15
001371504 16
001371505 31
001371506 10
001371508 11
001371509 14
001371510 30
001371511 19
001371512 14
001371513 11
001371514 21
001371515 19
001371517 5
001371518 11
001371519 24
001371520 33
001371521 7
001371522 21
001371523 25
001371524 28
001371525 19
001371526 15
001371527 23
001371528 16
001371529 26
001371530 26
001371531 33
001371532 23
001371533 11
001371534 9
001371535 7
001371536 21
001371537 27
001371538 21
001371539 19
001371540 12
001371541 26
001371542 26
001371543 14
001371544 16
001371545 29
001371546 17
001371547 14
001371548 15
001371549 33
001371550 18
001371551 23
001371552 14
001371553 12
001371554 11
001371555 22
001371556 6
001371557 28
001371558 16
001371559 25
001371560 23
001371561 10
001371562 18
001371563 33
001371564 20
001371565 11
001371566 19
001371567 23
001371568 31
001371569 26
001371570 18
001371571 27
001371572 16
001371573 6
001371574 8
001371575 40
001371576 13
001371577 12
001371578 33
001371579 12
001371580 23
001371582 22
001371585 23
001371586 17
001371587 16
001371588 9
001371589 26
001371590 5
001371591 10
001371592 18
001371593 19
001371594 20
001371595 17
001371596 20
001371597 21
001371598 17
001371599 8
001371600 23
001371601 5
001371602 30
001371603 15
001371604 20
001371605 8
001371607 21
001371608 20
001371609 14
001371610 18
001371611 25
001371612 18
001371613 23
001371614 17
001371615 30
001371616 10
001371617 30
001371619 22
001371620 38
001371621 19
001371622 22
001371623 9
001371624 29
001371625 22
001371626 17
001371627 8
001371628 9
001371629 12
001371630 22
001371631 23
001371632 22
001371633 30
001371634 25
001371635 7
001371636 17
001371638 19
001371639 20
001371640 11
001371641 30
001371642 6
001371643 9
001371644 33
001371645 18
001371646 17
001371647 17
001371648 21
001371649 13
001371650 42
001371651 17
001371652 38
001371653 12
001371654 13
001371655 35
001371656 15
001371657 24
001371658 21
001371659 12
001371660 21
001371661 35
001371662 13
001371663 18
001371664 43
001371665 13
001371666 9
001371667 14
001371668 31
001371669 16
001371670 39
001371671 24
001371672 19
001371673 8
001371674 23
001371676 23
001371677 7
001371679 28
001371680 12
001371682 27
001371683 19
001371684 24
001371685 10
001371687 21
001371688 17
001371689 6
001371690 19
001371691 16
001371692 8
001371693 10
001371694 9
001371695 8
001371696 31
001371697 12
001371698 14
001371699 25
001371700 30
001371701 26
001371702 8
001371703 26
001371704 11
001371705 24
001371706 21
001371707 27
001371708 31
001371709 19
001371710 13
001371713 34
001371714 14
001371715 27
001371716 17
001371717 31
001371718 5
001371719 14
001371720 34
001371721 17
001371722 18
001371723 14
001371724 36
001371726 16
001371727 17
001371728 22
001371730 26
001371731 16
001371732 25
001371733 35
001371734 20
001371736 9
001371737 30
001371738 33
001371739 11
001371740 13
001371741 8
001371742 27
001371743 31
001371744 26
001371745 24
001371746 13
001371747 7
001371748 18
001371749 21
001371750 8
001371751 14
001371752 28
001371753 5
001371754 35
001371755 19
001371756 22
001371757 22
001371758 29
001371759 26
001371760 33
001371761 39
001371762 30
001371763 17
001371764 12
001371765 17
001371766 29
001371767 30
001371768 37
001371769 20
001371770 8
001371771 9
001371772 20
001371774 33
001371775 13
001371776 36
001371777 23
001371778 17
001371779 21
001371780 9
001371781 18
001371782 38
001371783 32
001371784 25
001371785 18
001371786 11
001371787 19
001371788 34
001371789 21
001371790 23
001371791 19
001371792 27
001371793 8
001371794 17
001371795 23
001371796 12
001371797 24
001371799 20
001380001 10
001380002 41
001380003 16
001380004 33
001380005 35
001380006 21
001380007 30
001380008 24
001380009 20
001380010 27
001380011 20
001380012 34
001380013 20
001380014 37
001380015 27
001380016 46
001380017 18
001380018 25
001380019 42
001380020 23
001380021 7
001380022 11
001380023 14
001380024 12
001380025 20
001380026 8
001380027 12
001380028 8
001380029 11
001380030 14
001380031 15
001380032 19
001380033 20
001380034 20
001380035 7
001380036 8
001380037 17
001380038 10
001380039 11
001380040 14
001380041 4
001380042 4
001380043 14
001380044 10
001380045 6
001380046 9
001380047 10
001380048 15
001380049 7
001380050 14
001380052 17
001380053 8
001380054 7
001380055 12
001380056 13
001380057 16
001380058 14
001380059 9
001380060 14
001380061 17
001380062 11
001380063 20
001380064 13
001380065 18
001380066 8
001380067 11
001380068 13
001380069 20
001380070 19
001380071 14
001380072 12
001380073 15
001380074 14
001380075 13
001380076 18
001380077 7
001380078 20
001380079 14
001380080 10
001380081 13
001380082 17
001380083 14
001380084 13
001380085 11
001380086 14
001380087 15
001380088 15
001380089 21
001380090 22
001380091 15
001380092 35
001380093 16
001380094 13
001380095 14
001380096 14
001380097 13
001380098 19
001380099 17
001380100 17
001380101 11
001380102 12
001380103 14
001380104 10
001380105 16
001380106 14
001380107 25
001380108 7
001380109 15
001380110 18
001380111 19
001380112 16
001380113 7
001380114 22
001380115 29
001380116 28
001380117 14
001380118 21
001380119 29
001380120 15
001380121 8
001380122 15
001380123 19
001380124 20
001380125 22
001380126 6
001380127 32
001380128 9
001380129 16
001380130 22
001380131 6
001380132 31
001380133 12
001380134 18
001380135 8
001380136 22
001380137 16
001380138 30
001380139 31
001380140 27
001380141 7
001380142 16
001380143 24
001380144 16
001380145 24
001380146 10
001380147 21
001380148 20
001380149 12
001380150 27
001380151 24
001380152 18
001380153 14
001380154 25
001380155 29
001380156 16
001380157 8
001380158 15
001380159 23
001380160 26
001380161 18
001380162 27
001380163 16
001380164 30
001380165 24
001380166 27
001380167 9
001380168 27
001380169 20
001380170 19
001380171 16
001380172 22
001380173 17
001380174 40
001380175 28
001380176 15
001380177 31
001380178 15
001380179 21
001380180 21
001380182 14
001380183 9
001380184 11
001380185 26
001380186 32
001380187 19
001380188 11
001380189 12
001380190 10
001380191 16
001380192 20
001380193 8
001380194 8
001380195 9
001380196 23
001380197 15
001380198 14
001380199 23
001380200 33
001380201 14
001380202 14
001380203 13
001380204 19
001380205 21
001380206 20
001380207 13
001380208 15
001380209 21
001380210 31
001380211 8
001380212 18
001380213 35
001380214 17
001380215 25
001380216 18
001380217 7
001380218 21
001380220 18
001380221 13
001380222 8
001380223 19
001380224 36
001380225 28
001380226 20
001380227 22
001380228 19
001380229 8
001380230 26
001380231 33
001380232 18
001380233 6
001380234 20
001380235 20
001380236 13
001380237 11
001380238 25
001380239 8
001380240 9
001380241 12
001380242 35
001380243 11
001380244 21
001380245 27
001380246 27
001380247 13
001380248 11
001380249 37
001380250 14
001380251 21
001380252 11
001380253 7
001380254 17
001380255 6
001380256 21
001380257 18
001380258 7
001380259 9
001380260 23
001380261 27
001380262 27
001380263 36
001380264 29
001380265 7
001380266 6
001380267 24
001380268 20
001380269 37
001380270 31
001380271 10
001380272 17
001380273 5
001380274 22
001380275 7
001380276 15
001380277 30
001380278 29
001380279 28
001380280 5
001380281 18
001380282 20
001380283 23
001380284 20
001380285 29
001380286 12
001380287 33
001380288 9
001380289 14
001380290 15
001380291 14
001380292 19
001380294 39
001380295 30
001380296 12
001380297 7
001380298 19
001380299 22
001380300 10
001380301 22
001380302 15
001380303 17
001380304 16
001380305 6
001380306 26
001380307 6
001380308 12
001380309 11
001380310 5
001380311 20
001380312 21
001380313 16
001380314 31
001380315 26
001380316 16
001380317 20
001380318 13
001380319 28
001380320 24
001380321 19
001380322 10
001380323 25
001380324 38
001380325 9
001380326 14
001380327 15
001380328 21
001380329 15
001380330 23
001380331 26
001380332 15
001380334 21
001380335 7
001380336 22
001380337 26
001380338 15
001380339 21
001380340 12
001380341 28
001380342 14
001380343 6
001380344 11
001380345 29
001380346 23
001380347 28
001380348 33
001380349 16
001380350 7
001380351 10
001380352 9
001380353 34
001380354 10
001380355 7
001380356 43
001380357 25
001380358 33
001380359 10
001380360 20
001380361 21
001380362 14
001380363 10
001380364 30
001380365 24
001380366 31
001380367 36
001380368 23
001380369 12
001380370 6
001380371 21
001380372 12
001380373 24
001380374 26
001380375 18
001380376 14
001380377 25
001380378 15
001380379 19
001380380 6
001380381 24
001380382 15
001380383 14
001380384 14
001380385 21
001380386 18
001380387 10
001380388 17
001380389 7
001380390 24
001380391 32
001380392 11
001380393 13
001380394 21
001380395 33
001380396 34
001380397 37
001380398 16
001380399 34
001380400 16
001381401 12
001381402 18
001381403 13
001381404 21
001381405 13
001381406 15
001381407 17
001381408 16
001381409 10
001381410 19
001381411 19
001381412 21
001381413 6
001381414 19
001381415 11
001381416 13
001381417 27
001381418 12
001381419 16
001381420 14
001381421 8
001381422 13
001381423 10
001381424 15
001381425 10
001381426 12
001381427 22
001381428 10
001381429 15
001381430 17
001381431 14
001381432 20
001381433 19
001381434 14
001381435 10
001381436 12
001381437 12
001381438 16
001381439 19
001381440 8
001381441 17
001381442 20
001381443 17
001381444 19
001381445 15
001381446 21
001381447 11
001381448 16
001381449 12
001381450 16
001381451 21
001381452 25
001381453 15
001381454 6
001381455 20
001381456 20
001381457 13
001381458 23
001381459 15
001381460 15
001381461 16
001381463 21
001381464 16
001381465 13
001381466 19
001381467 9
001381468 15
001381470 18
001381471 14
001381472 20
001381473 12
001381474 8
001381475 20
001381476 13
001381477 13
001381478 14
001381479 17
001381480 33
001381481 12
001381482 14
001381483 17
001381484 15
001381485 10
001381487 18
001381488 15
001381489 25
001381490 13
001381491 15
001381492 16
001381493 11
001381494 13
001381495 12
001381496 21
001381497 15
001381498 15
001381499 14
001381500 18
001381501 33
001381502 18
001381503 18
001381504 17
001381505 28
001381506 22
001381507 23
001381508 20
001381509 16
001381510 29
001381511 12
001381512 24
001381513 28
001381514 12
001381515 22
001381516 34
001381517 14
001381518 11
001381519 32
001381520 12
001381521 18
001381522 19
001381523 15
001381524 15
001381525 20
001381526 6
001381527 5
001381528 21
001381529 16
001381530 43
001381531 18
001381532 7
001381533 15
001381534 10
001381536 23
001381537 17
001381538 13
001381539 15
001381540 19
001381541 24
001381542 32
001381544 22
001381545 13
001381546 8
