001381547 94240
001381548 107360
001381549 100160
001381550 93920
001381551 50720
001381552 58880
001381553 105280
001381554 57120
001381555 59040
001381556 108320
001381557 48320
001381558 83040
001381559 74400
001381560 93920
001381561 134880
001381562 74560
001381563 64959
001381564 78240
001381565 84640
001381566 52320
001381567 75680
001381568 53760
001381569 89600
001381571 99360
001381572 96160
001381573 124960
001381574 108640
001381575 88480
001381576 67040
001381577 80960
001381578 58240
001381579 75520
001381580 117120
001381581 104000
001381582 72320
001381583 111040
001381584 81920
001381585 43680
001381586 74720
001381587 143200
001381588 95200
001381589 79520
001381590 62400
001381591 118080
001381592 102560
001381593 74080
001381594 59520
001381595 50240
001381596 87680
001381597 72960
001381598 86560
001381600 90720
001381601 54080
001381602 59040
001381603 77440
001381604 115520
001381605 66240
001381606 68640
001381607 68480
001381608 132800
001381609 68320
001381610 129440
001381611 68480
001381612 131200
001381613 69600
001381614 63840
001381615 97120
001381616 51200
001381617 52320
001381618 48160
001381619 123840
001381620 70400
001381621 75520
001381622 115360
001381623 48000
001381624 90560
001381625 47040
001381626 46880
001381627 95520
001381628 56320
001381629 93920
001381630 122880
001381631 60480
001381632 76480
001381633 126560
001381634 112960
001381635 84160
001381636 85600
001381637 56640
001381638 111840
001381639 68160
001381640 80320
001381641 53120
001381642 119520
001381643 95360
001381644 76160
001381645 109440
001381646 51360
001381647 103040
001381648 70560
001381649 51808
001381650 67520
001381651 89920
001381652 93120
001381653 72480
001381654 43840
001381655 105280
001381656 152480
001381657 48160
001381658 123840
001381659 95680
001381661 109920
001381662 68000
001381663 56480
001381664 102400
001381665 116640
001381666 80800
001381667 76000
001381668 85920
001381669 49280
001381670 107200
001381671 56640
001381672 67200
001381673 128320
001381674 92960
001381675 58880
001381676 83360
001381677 53600
001381678 104960
001381679 93920
001381680 115728
001381681 80000
001381682 116000
001381683 73280
001381684 107680
001381685 74240
001381686 131039
001381687 45440
001381688 128160
001381689 74880
001381690 80800
001381691 38720
001381692 94720
001381693 91360
001381694 78880
001381695 81440
001381696 68112
001381697 119680
001381698 43840
001381699 121920
001381700 53120
001381701 131200
001381702 45120
001381703 70240
001381704 88960
001381705 103200
001381706 110560
001381707 114080
001381708 82560
001381710 67680
001381711 100800
001381712 73600
001381713 67520
001381714 50400
001381715 97600
001381716 147840
001381717 97280
001381718 66080
001381719 110880
001381720 115520
001381721 131680
001381722 66880
001381723 59840
001381724 82400
001381725 76800
001381726 77280
001381727 110880
001381728 87360
001381729 103200
001381730 48800
001381731 92320
001381732 70224
001381733 86720
001381734 98080
001381735 66240
001381736 97600
001381737 148160
001381738 65600
001381739 67840
001381740 88800
001381741 51840
001381742 81120
001381743 109280
001381744 78240
001381745 106560
001381746 108800
001381747 132480
001381748 105280
001381749 47040
001381750 57280
001381751 75200
001381752 101760
001381753 88320
001381754 78080
001381755 100960
001381756 98880
001381757 100320
001381758 83360
001381759 89440
001381760 73760
001381761 79200
001381763 83680
001381764 99200
001381765 72640
001381766 100160
001381767 42880
001381768 117280
001381769 74720
001381770 125600
001381771 54400
001381772 117440
001381773 68160
001381774 56480
001381775 153280
001381776 39200
001381777 48320
001381778 59360
001381779 100960
001381780 130560
001381781 105760
001381783 96160
001381784 54400
001381785 91680
001381786 78240
001381787 99200
001381788 115520
001381789 97120
001381790 58720
001381791 103200
001381792 86880
001381793 72320
001381794 117440
001381795 44000
001381796 42240
001381797 75200
001381798 121760
001381799 109280
001381800 73600
001390001 56640
001390002 133120
001390003 76320
001390004 98240
001390005 114720
001390006 75200
001390007 88480
001390008 81440
001390009 67040
001390010 84640
001390011 65600
001390012 116960
001390013 76160
001390014 124800
001390016 126240
001390017 66560
001390018 84800
001390019 120640
001390020 73120
001390021 44480
001390024 55680
001390025 79040
001390026 49440
001390027 51200
001390028 48160
001390029 54880
001390030 60000
001390031 67520
001390032 60800
001390033 72464
001390034 86240
001390036 54240
001390037 76640
001390038 49600
001390039 54240
001390040 63680
001390041 30240
001390042 36960
001390043 60320
001390044 43200
001390045 40160
001390046 43200
001390047 39840
001390048 78880
001390049 45440
001390050 53280
001390052 66240
001390053 40000
001390054 40160
001390055 54080
001390056 68000
001390057 65600
001390058 57920
001390059 52320
001390060 58880
001390061 53280
001390063 71040
001390064 56320
001390065 54400
001390066 53280
001390067 50240
001390068 71040
001390069 59200
001390070 54080
001390071 48960
001390072 59680
001390073 57440
001390074 64640
001390076 96320
001390077 50400
001390078 75883
001390079 64640
001390080 49280
001390081 59200
001390082 82720
001390083 58720
001390084 58560
001390085 64000
001390086 57280
001390087 61120
001390088 63040
001390089 90880
001390090 71040
001390091 70560
001390092 104800
001390093 69440
001390094 58880
001390095 67520
001390096 62400
001390097 54560
001390098 77920
001390099 62880
001390100 70240
001390101 51840
001390102 73920
001390103 62240
001390104 92000
001390105 69920
001390106 54080
001390107 57600
001390108 52960
001390109 82720
001390110 88160
001390111 63040
001390112 81920
001390113 81600
001390114 126880
001390115 48976
001390116 90480
001390118 40800
001390120 82720
001390121 105120
001390122 85760
001390123 76640
001390124 111360
001390125 98400
001390126 115520
001390128 40480
001390129 113920
001390130 67040
001390131 85760
001390132 124640
001390133 54080
001390134 50880
001390136 89920
001390137 76800
001390138 100800
001390139 94560
001390140 57760
001390141 66080
001390143 66080
001390145 88320
001390146 105280
001390147 45280
001390148 83360
001390150 93600
001390152 104640
001390153 51200
001390154 103360
001390156 87040
001390157 125920
001390158 67040
001390159 39568
001390161 103360
001390162 59680
001390163 57760
001390164 102080
001390165 79360
001390166 118384
001390167 163360
001390168 88640
001390169 84960
001390170 63040
001390171 73120
001390172 64640
001390173 100320
001390174 57712
001390175 126400
001390176 110080
001390177 59712
001390178 86400
001390180 81760
001390181 44160
001390182 74080
001390183 139840
001390184 137120
001390185 91360
001390186 114720
001390187 61120
001390188 91360
001390189 137600
001390190 34560
001390191 41920
001390192 76320
001390193 37440
001390194 118240
001390195 69120
001390196 78240
001390197 128639
001390198 77760
001390199 120800
001390200 88960
001390202 112160
001390203 110400
001390204 76160
001390205 77440
001390206 64319
001390208 73920
001390209 93280
001390210 130560
001390211 82720
001390212 129600
001390213 31360
001390214 63680
001390215 98400
001390216 99360
001390217 65280
001390218 63840
001390219 52160
001390221 85920
001390222 64959
001390223 96000
001390224 96160
001390225 79520
001390226 91520
001390227 41712
001390228 109280
001390229 105600
001390230 50992
001390231 41120
001390232 112480
001390233 133600
001390234 94240
001390235 104320
001390236 98720
001390237 65280
001390238 76640
001390239 78880
001390240 57440
001390241 101440
001390243 85600
001390244 108640
001390245 131520
001390246 81760
001390247 83200
001390248 70560
001390250 134720
001390251 75520
001390252 55840
001390253 93440
001390254 137440
001390255 102080
001390256 77760
001390257 95040
001390258 84000
001390259 124480
001390260 121760
001390261 141920
001390262 117760
001390264 112320
001390265 68000
001390266 80160
001390267 52800
001390268 144800
001390269 97440
001390270 115040
001390271 100960
001390272 129919
001390274 100000
001390275 92000
001390276 41760
001390277 67040
001390278 77760
001390279 100640
001390281 68320
001390282 166880
001390283 89600
001390284 60000
001390285 96160
001390286 53760
001390287 60800
001390288 42080
001390289 67680
001390291 106880
001390292 71360
001390293 136480
001390294 113120
001390295 106880
001390296 54880
001390297 69920
001390298 80480
001390299 118880
001390300 96480
001390301 134880
001390302 95200
001390303 65760
001390304 61120
001390305 67840
001390306 113760
001390307 84000
001390308 70560
001390309 70080
001390310 88160
001390311 76320
001390312 59680
001390313 92960
001390314 119680
001390316 116960
001390317 96000
001390318 79520
001390319 90080
001390320 102080
001390321 93760
001390322 46720
001390323 116320
001390324 156000
001390325 146240
001390326 49920
001390327 88480
001390328 79840
001390329 94080
001390330 59840
001390331 99680
001390332 102880
001390333 124800
001390334 126560
001390335 90080
001390336 111680
001390337 87680
001390338 74560
001390339 74880
001390342 61120
001390343 102560
001390344 97120
001390345 40320
001390346 76960
001390347 61920
001390348 83520
001390349 94560
001390350 88480
001390351 100640
001390352 89920
001390353 88960
001390354 77600
001390355 67680
001390357 91520
001390359 71520
001390360 76640
001390361 99200
001390363 55360
001390364 103200
001390365 83360
001390367 103840
001390368 86240
001390369 53760
001390370 127680
001390371 89440
001390372 76320
001390375 85920
001390376 88160
001390377 72000
001390378 77120
001390379 96800
001390380 82880
001390381 55360
001390382 121280
001390383 79520
001390384 73920
001390385 126400
001390386 120800
001390387 146720
001390388 79520
001390389 59920
001390390 90560
001390391 36480
001390392 117920
001390393 98240
001390394 43440
001390395 73440
001390396 128479
001390397 113600
001390398 52160
001390399 62560
001390400 127200
001391401 61120
001391402 79680
001391403 62080
001391404 79680
001391405 67040
001391406 58560
001391407 65600
001391408 71040
001391409 44432
001391411 79840
001391412 89280
001391413 39200
001391414 92960
001391415 61920
001391416 81600
001391417 95040
001391418 56800
001391419 60432
001391420 43840
001391421 39840
001391422 51840
001391423 49760
001391424 59520
001391425 55840
001391426 60960
001391427 70880
001391428 53280
001391429 44800
001391430 61760
001391431 44320
001391432 74880
001391433 81760
001391434 60960
001391435 58720
001391436 57920
001391437 50368
001391438 59680
001391440 43360
001391441 72480
001391442 78560
001391443 76480
001391444 90080
001391445 51552
001391447 55040
001391448 55040
001391449 56640
001391450 67840
001391451 76640
001391452 72000
001391453 69120
001391456 63888
001391457 70240
001391458 85120
001391459 45920
001391460 54880
001391461 64480
001391462 42720
001391463 67360
001391464 61760
001391465 54400
001391466 67200
001391467 53760
001391468 60000
001391470 59040
001391471 51200
001391472 68160
001391473 44320
001391474 47520
001391475 67680
001391476 56480
001391477 63040
001391478 55520
001391479 60800
001391480 80800
001391481 69120
001391482 58720
001391483 54240
001391484 57120
001391485 58240
001391487 68000
001391488 56960
001391489 83200
001391490 50720
001391491 50720
001391492 62560
001391494 57280
001391495 51200
001391496 63840
001391497 51200
001391498 55520
001391499 63040
001391500 58880
001391501 71200
001391503 104160
001391504 121600
001391505 92960
001391508 72480
001391511 100640
001391512 64160
001391513 92000
001391515 61440
001391516 79680
001391517 59824
001391518 48800
001391519 60160
001391520 94560
001391521 94400
001391522 59040
001391523 84160
001391524 70400
001391525 107200
001391526 52960
001391527 87520
001391528 69280
001391529 101760
001391530 75360
001391531 84160
001391533 83200
001391534 66880
001391535 103040
001391536 65760
001391537 77120
001391539 84640
001391540 112640
001391541 87360
001391542 96160
001391543 36048
001391544 96800
001391545 74080
001391547 57760
001391548 93920
001391550 104800
001391551 71360
001391552 104320
001391553 85280
001391554 112960
001391555 95360
001391556 112640
001391557 62880
001391558 62880
001391559 67360
001391560 108320
001391561 116480
001391563 98240
001391564 90880
001391565 98080
001391567 100800
001391568 58240
001391570 54560
001391571 119680
001391572 75040
001391573 68480
001391575 59680
001391576 50560
001391577 85760
001391578 79040
001391579 94720
001391580 81600
001391581 104960
001391582 67520
001391583 87360
001391584 137920
001391585 56320
001391586 71360
001391587 69120
001391588 106560
001391590 60000
001391591 52160
001391592 67040
001391593 87680
001391594 137120
001391595 41552
001391596 49600
001391599 100800
001391600 42080
001391601 86720
001391604 67040
001391606 45120
001391608 43680
001391609 41744
001391611 75200
001391612 127840
001391614 76480
001391615 52640
001391616 118080
001391618 46400
001391619 84800
001391621 98240
001391622 112480
001391623 59360
001391625 106880
001391626 63520
001391627 48960
001391628 81760
001391629 97600
001391630 43840
001391631 53600
001391632 100800
001391633 66720
001391634 73760
001391635 51840
001391636 68320
001391639 38880
001391640 45760
001391641 56640
001391642 68640
001391643 128160
001391644 54080
001391645 104000
001391646 82560
001391647 97760
001391649 104480
001391650 61760
001391651 108320
001391652 80480
001391653 70720
001391654 38720
001391655 74240
001391656 53920
001391657 46080
001391658 89920
001391659 80640
001391660 40160
001391662 96800
001391665 112480
001391666 76800
001391667 77600
001391668 66880
001391669 56160
001391670 78080
001391671 111840
001391672 66400
001391673 68800
001391674 97600
001391677 83360
001391678 94560
001391679 72480
001391680 104960
001391681 87680
001391682 78560
001391683 99040
001391684 52320
001391685 47520
001391686 93440
001391688 75680
001391689 56800
001391691 64480
001391693 62560
001391694 146720
001391695 88800
001391697 77120
001391698 47520
001391699 41280
001391700 65600
001391701 75680
001391703 60640
001391704 60640
001391707 52000
001391708 69760
001391709 106720
001391710 96800
001391711 70080
001391712 81280
001391713 69920
001391715 50720
001391716 104160
001391717 74720
001391718 79360
001391719 70400
001391721 83040
001391722 61920
001391723 98240
001391724 79360
001391725 44320
001391726 108320
001391727 78080
001391728 87840
001391730 49280
001391731 91840
001391732 54720
001391733 103680
001391734 88000
001391735 46720
001391736 88960
001391737 92320
001391738 117280
001391739 101760
001391740 60320
001391741 49600
001391743 106080
001391744 103680
001391745 104640
001391748 80480
001391749 106080
001391750 77600
001391751 125600
001391752 70720
001391753 115840
001391754 99520
001391756 102560
001391758 67840
001391759 76800
001391763 76640
001391764 117760
001391765 100640
001391767 90400
001391768 89760
001391769 85600
001391770 48640
001391772 40000
001391773 56960
001391774 122560
001391775 74880
001391776 135360
001391781 131360
001391782 130080
001391783 74240
001391784 102240
001391785 109120
001391786 84160
001391787 73920
001391788 94400
001391792 66080
001391793 114560
001391796 106240
001391797 79200
001391798 55680
001391799 65280
001391800 56800
001400001 82352
001400002 176304
001400003 97504
001400004 131024
001400005 173088
001400007 120960
001400008 95360
001400009 81472
001400010 112880
001400011 85136
001400012 153584
001400013 105920
001400014 155040
001400015 116992
001400016 186256
001400017 99040
001400018 118560
001400019 168480
001400021 52480
001400022 70880
001400023 78368
001400024 82272
001400025 96048
001400026 68608
001400027 60560
001400028 50768
001400029 65600
001400030 67360
001400031 76480
001400032 71040
001400033 95472
001400034 126592
001400035 46384
001400036 61744
001400037 99200
001400038 65360
001400039 69760
001400040 80992
001400041 39072
001400042 62272
001400043 82176
001400044 52672
001400045 51360
001400046 53376
001400047 52624
001400048 96432
001400049 59792
001400050 74544
001400051 45904
001400052 96240
001400053 43264
001400054 54720
001400055 61440
001400056 95568
001400057 84800
001400058 76832
001400059 61120
001400060 80240
001400061 72096
001400062 67424
001400063 97280
001400064 75536
001400065 76160
001400066 68304
001400067 67648
001400068 90800
001400069 73712
001400070 70400
001400071 64959
001400072 78496
001400073 71360
001400074 89856
001400075 64000
001400076 111584
001400077 56640
001400078 98848
001400079 77920
001400080 53120
001400081 57696
001400082 93440
001400083 65760
001400084 73120
001400085 71280
001400086 72544
001400087 80000
001400088 82736
001400089 116288
001400090 83520
001400091 89008
001400092 136000
001400093 85408
001400094 71808
001400095 72304
001400096 78592
001400097 70704
001400098 100128
001400099 72448
001400100 87616
001400101 102800
001400102 71040
001400103 59776
001400104 190080
001400105 62880
001400106 164576
001400107 69728
001400108 100640
001400109 61920
001400110 56336
001400111 79680
001400112 139520
001400113 74048
001400114 105424
001400115 71552
001400116 70592
001400117 90672
001400118 61968
001400119 53584
001400120 81280
001400121 82096
001400122 90688
001400123 138544
001400124 127392
001400125 107648
001400126 107520
001400127 77600
001400128 165280
001400129 103296
001400131 141040
001400132 108928
001400133 52016
001400134 95632
001400135 52544
001400136 128352
001400137 87696
001400138 164640
001400139 133056
001400140 122064
001400141 67872
001400142 54368
001400143 71984
001400144 57760
001400145 114400
001400146 86112
001400147 106048
001400148 74288
001400149 65248
001400150 53888
001400151 61840
001400152 77296
001400153 108336
001400154 80432
001400155 124320
001400156 99184
001400157 140656
001400158 101472
001400159 122032
001400160 65968
001400161 79680
001400162 103312
001400163 77376
001400164 139200
001400165 57968
001400166 53088
001400167 117536
001400168 155968
001400169 121072
001400170 104032
001400172 171024
001400173 138256
001400174 99056
001400175 48288
001400176 120160
001400177 122064
001400178 86048
001400179 107520
001400180 116528
001400181 169440
001400182 87552
001400183 137088
001400184 84640
001400185 80000
001400186 65296
001400187 164576
001400188 117760
001400189 92208
001400190 108944
001400191 116112
001400192 63984
001400193 71408
001400194 148704
001400195 83376
001400196 67904
001400197 76992
001400198 154736
001400199 97792
001400200 61168
001400201 87856
001400202 140320
001400203 105728
001400204 49280
001400205 98496
001400206 83072
001400207 130720
001400208 107680
001400209 91232
001400210 89712
001400211 90816
001400212 60832
001400213 123168
001400214 147664
001400215 114336
001400216 111504
001400217 170048
001400218 52704
001400219 97264
001400221 80608
001400222 155408
001400223 129328
001400224 126208
001400225 95680
001400226 53600
001400227 108352
001400228 98080
001400229 123008
001400230 139984
001400231 78080
001400232 98560
001400233 140672
001400234 108160
001400235 133600
001400236 81344
001400237 104848
001400238 82955
001400239 142336
001400240 192688
001400241 50400
001400242 95856
001400243 138416
001400244 153664
001400246 120320
001400247 105344
001400248 69632
001400249 118400
001400250 114912
001400251 92528
001400252 63360
001400253 107840
001400254 138896
001400255 72288
001400257 166528
001400258 75712
001400259 87760
001400260 91200
001400261 88176
001400262 72960
001400263 133888
001400264 114080
001400265 77280
001400266 53280
001400267 81072
001400268 75840
001400269 132048
001400270 102400
001400271 55328
001400272 115520
001400273 109120
001400274 112480
001400275 111984
001400276 111536
001400277 67200
001400278 61520
001400279 106736
001400280 118080
001400281 89648
001400282 154656
001400283 92800
001400284 123840
001400285 62560
001400286 80000
001400287 129600
001400288 103488
001400289 88160
001400291 99520
001400292 80320
001400293 51760
001400294 75744
001400295 49552
001400296 42176
001400297 96960
001400298 85088
001400299 149344
001400300 97712
001400301 131360
001400302 115520
001400303 67856
001400304 51680
001400305 106192
001400306 83312
001400307 90736
001400308 44944
001400309 70928
001400310 71360
001400311 85200
001400312 119040
001400313 118560
001400314 147840
001400315 54416
001400316 74576
001400317 88000
001400318 137904
001400319 91792
001400320 119200
001400321 138720
001400322 85968
001400323 134608
001400324 152208
001400325 80400
001400326 91168
001400327 175984
001400328 136064
001400329 102896
001400330 99680
001400331 155200
001400332 138960
001400333 200176
001400334 89056
001400335 124320
001400336 50752
001400337 120064
001400338 101776
001400339 47840
001400340 98560
001400341 52688
001400342 200320
001400343 146592
001400344 76160
001400345 128639
001400346 100160
001400347 86912
001400348 107680
001400349 43632
001400350 92160
001400351 194224
001400352 97408
001400353 61776
001400354 132000
001400355 122880
001400356 72320
001400357 109600
001400358 62880
001400359 64000
001400360 117920
001400362 165984
001400363 52928
001400364 118400
001400365 46240
001400366 133440
001400367 101120
001400368 55264
001400369 165744
001400370 84160
001400371 147936
001400372 95072
001400373 69440
001400374 61120
001400375 144480
001400376 90112
001400377 45056
001400378 117920
001400379 101440
001400380 181920
001400381 46032
001400382 155456
001400383 65120
001400384 96816
001400385 67360
001400386 168000
001400387 82080
001400388 135040
001400389 69872
001400390 97152
001400391 114400
001400392 109600
001400393 137440
001400394 74400
001400395 124000
001400396 132480
001400397 105296
001400398 126048
001400399 104384
001400400 104800
001401401 64400
001401402 78560
001401403 69216
001401404 91680
001401405 91520
001401406 52352
001401407 63728
001401408 70064
001401409 40912
001401410 66640
001401411 99472
001401412 112512
001401413 39184
001401414 76960
001401415 50720
001401416 60437
001401417 83664
001401418 60656
001401419 45280
001401420 39104
001401421 36256
001401422 47840
001401423 51520
001401424 53504
001401425 46880
001401426 44240
001401427 72864
001401428 38896
001401429 38096
001401430 54058
001401431 36160
001401432 63440
001401433 63179
001401434 62272
001401435 45184
001401436 47370
001401437 41808
001401438 51109
001401439 80656
001401440 35328
001401441 59680
001401442 58368
001401443 57600
001401444 79200
001401445 56864
001401446 66816
001401447 56576
001401448 56800
001401449 57088
001401450 54778
001401451 77680
001401452 66080
001401453 68592
001401454 33104
001401455 73920
001401456 64336
001401457 59200
001401458 68512
001401459 44576
001401460 50880
001401461 57088
001401462 39856
001401463 64160
001401464 51626
001401465 46256
001401466 55248
001401467 54400
001401468 56880
001401469 49200
001401470 57440
001401471 47200
001401472 58080
001401473 38560
001401474 51200
001401475 51232
001401476 55328
001401477 51360
001401478 44160
001401479 67200
001401480 71632
001401481 58240
001401482 57280
001401483 54240
001401484 46944
001401485 56432
001401486 45392
001401487 61120
001401488 46960
001401489 73520
001401490 42816
001401491 52256
001401492 56640
001401493 47424
001401494 53264
001401495 49440
001401496 67840
001401497 60640
001401498 56880
001401499 52320
001401500 72576
001401501 92000
001401502 157280
001401503 42752
001401504 65904
001401505 45120
001401506 68960
001401507 87872
001401508 58992
001401509 53280
001401510 66112
001401511 116042
001401512 65391
001401513 75083
001401514 122880
001401515 60480
001401516 54464
001401517 76640
001401518 91840
001401519 88320
001401520 57920
001401521 67808
001401522 69200
001401523 79200
001401524 75360
001401525 109600
001401526 71520
001401527 79376
001401528 66400
001401530 119760
001401531 89696
001401532 59680
001401533 108976
001401534 37600
001401535 122416
001401536 50176
001401537 92464
001401538 92816
001401539 84928
001401540 68282
001401541 54080
001401542 74752
001401543 86485
001401544 141600
001401545 116112
001401546 66464
001401547 56048
001401548 81568
001401549 73712
001401550 74928
001401551 117760
001401552 90560
001401553 41376
001401554 85760
001401555 126331
001401556 106720
001401557 100960
001401558 82080
001401559 62288
001401560 112640
001401561 71824
001401562 33344
001401564 90080
001401565 72352
001401566 69184
001401567 67780
001401568 35040
001401569 75605
001401570 55812
001401571 75242
001401572 59520
001401573 66128
001401574 100272
001401575 59568
001401576 52480
001401577 47728
001401578 92432
001401579 69658
001401580 84240
001401581 81376
001401582 58880
001401583 59600
001401584 139392
001401585 116480
001401586 103520
001401587 90720
001401588 72480
001401589 51840
001401590 121664
001401591 49456
001401592 103424
001401593 37136
001401594 89600
001401595 53744
001401596 60592
001401597 128304
001401598 86656
001401599 79968
001401600 61296
001401601 50720
001401602 101184
001401603 102656
001401604 63221
001401605 46224
001401606 98352
001401607 47408
001401608 50634
001401609 48672
001401610 58768
001401611 85424
001401612 51360
001401613 43888
001401614 88928
001401615 47680
001401616 57024
001401617 57760
001401618 67968
001401619 85472
001401620 94384
001401621 92752
001401622 61600
001401625 74602
001401626 74859
001401627 46672
001401628 51360
001401629 60528
001401630 65024
001401631 80160
001401632 95200
001401633 114277
001401634 36768
001401635 59232
001401636 74304
001401637 101904
001401638 36410
001401639 72880
001401640 61248
001401641 61680
001401642 43936
001401643 70714
001401644 75664
001401646 87872
001401647 104160
001401648 104816
001401649 97035
001401650 58288
001401651 46992
001401652 76960
001401653 87424
001401654 124384
001401655 56480
001401656 68160
001401657 39520
001401658 71680
001401659 66080
001401660 51360
001401661 50880
001401662 51520
001401663 109440
001401664 71696
001401665 83536
001401666 36352
001401667 64319
001401669 133600
001401670 90720
001401671 71840
001401672 47280
001401673 69632
001401674 68800
001401675 91536
001401676 73600
001401677 53632
001401678 69168
001401679 71360
001401680 51504
001401681 66997
001401682 65856
001401683 126240
001401684 41136
001401685 43104
001401686 87440
001401687 86608
001401688 87552
001401689 68064
001401690 74720
001401691 37600
001401692 62272
001401693 54864
001401694 79040
001401695 105872
001401696 68640
001401697 55520
001401698 94080
001401699 55744
001401700 106720
001401701 107104
001401702 69056
001401703 56480
001401704 52704
001401705 107200
001401706 51472
001401707 42512
001401708 41920
001401709 103856
001401710 52512
001401711 64208
001401712 90080
001401713 89440
001401714 55488
001401715 53760
001401716 92784
001401717 80928
001401718 122640
001401719 108416
001401720 83840
001401721 96320
001401722 144464
001401723 45616
001401724 50016
001401725 121600
001401726 36480
001401727 80800
001401728 41152
001401729 50560
001401730 61120
001401731 46048
001401732 84640
001401733 89312
001401734 72400
001401735 66992
001401736 52960
001401737 70480
001401738 87200
001401739 92912
001401740 79792
001401741 106400
001401742 65488
001401743 80496
001401744 136016
001401745 77536
001401747 58496
001401748 99312
001401749 51696
001401750 47040
001401751 116640
001401752 77856
001401753 75200
001401754 85952
001401755 85792
001401757 39680
001401758 40416
001401759 118080
001401760 89600
001401761 116912
001401762 112480
001401763 43504
001401764 65007
001401765 79136
001401766 79968
001401767 50880
001401768 88480
001401769 77392
001401770 63200
001401771 81536
001401772 75200
001401773 47840
001401774 58080
001401775 60096
001401776 75840
001401777 41792
001401778 90144
001401779 79984
001401782 85264
001401783 73280
001401784 60000
001401785 59360
001401786 38000
001401787 52672
001401788 74240
001401789 71392
001401790 59200
001401791 64495
001401792 38224
001401793 66992
001401794 72640
001401795 61296
001401796 90240
001401797 62864
001401798 66688
001401799 89264
001401800 48688
001410001 61632
001410002 160960
001410003 86464
001410004 120160
001410005 147360
001410006 94240
001410007 100160
001410008 89184
001410009 80960
001410010 106880
001410011 67200
001410012 124960
001410013 89280
001410014 140000
001410015 105280
001410016 143360
001410017 73728
001410018 86400
001410019 124128
001410020 82080
001410021 43744
001410022 63712
001410023 62688
001410024 60656
001410025 76160
001410026 47808
001410027 48160
001410028 48176
001410029 55840
001410030 64111
001410031 60800
001410032 61600
001410033 72160
001410034 83520
001410035 38064
001410036 54080
001410037 70720
001410038 51840
001410039 53280
001410040 57472
001410042 32640
001410043 53680
001410044 38288
001410045 37440
001410046 40576
001410047 42720
001410048 68480
001410049 42560
001410050 51040
001410051 40480
001410052 66080
001410053 35680
001410054 34720
001410055 47264
001410056 58560
001410057 63200
001410058 53280
001410059 48960
001410060 57760
001410061 49440
001410062 48560
001410063 65280
001410064 56640
001410065 51520
001410066 46560
001410067 49120
001410068 66080
001410069 58720
001410070 55520
001410071 44720
001410072 57920
001410073 57280
001410074 60000
001410075 50400
001410076 78544
001410077 41744
001410078 69152
001410079 57920
001410080 43248
001410081 49760
001410082 70080
001410083 50880
001410084 58720
001410085 53952
001410086 51696
001410087 57120
001410088 55984
001410089 98240
001410090 69024
001410091 66512
001410092 92816
001410093 66400
001410094 54720
001410095 60640
001410096 57440
001410097 52240
001410098 77600
001410099 58560
001410100 89824
001410101 99360
001410102 70880
001410103 64160
001410104 41920
001410105 52960
001410106 64640
001410107 57600
001410108 77760
001410110 41920
001410111 96160
001410112 102880
001410113 47520
001410114 67840
001410115 63808
001410116 55840
001410117 73280
001410118 64000
001410119 59680
001410120 56960
001410121 57280
001410122 50240
001410123 68320
001410124 39504
001410125 82560
001410126 69600
001410127 46560
001410128 92256
001410129 67360
001410130 58240
001410131 86624
001410132 63680
001410133 73600
001410134 46720
001410135 81600
001410136 123680
001410137 86560
001410139 49600
001410140 53760
001410141 53120
001410142 78720
001410143 94080
001410144 83200
001410145 68320
001410146 48640
001410147 121136
001410148 50080
001410149 71952
001410150 67520
001410151 104160
001410152 53280
001410153 66400
001410154 79040
001410155 96800
001410156 47600
001410157 44960
001410158 48320
001410159 92864
001410160 82608
001410161 53568
001410162 59024
001410163 68800
001410164 68320
001410165 64944
001410166 77920
001410167 113440
001410168 70880
001410169 67360
001410170 62112
001410171 93440
001410172 80688
001410173 69440
001410174 86560
001410175 48320
001410176 58896
001410177 86912
001410178 91104
001410179 52800
001410180 75520
001410181 85760
001410182 83168
001410183 64800
001410184 98176
001410185 60640
001410186 75680
001410187 45648
001410188 44080
001410189 90560
001410190 76384
001410191 56672
001410192 60576
001410193 43760
001410194 73568
001410195 81760
001410196 38240
001410197 63360
001410198 78880
001410199 58544
001410200 73600
001410201 52592
001410202 66240
001410203 110560
001410204 51040
001410205 80000
001410206 66080
001410207 49760
001410208 46720
001410209 57440
001410210 83680
001410211 32800
001410212 54560
001410213 41280
001410214 91664
001410215 49440
001410216 94240
001410217 57120
001410218 102880
001410219 94240
001410220 84960
001410221 33760
001410222 145600
001410223 68320
001410224 98080
001410225 67680
001410226 60960
001410227 54080
001410228 43680
001410229 79840
001410230 84000
001410231 60800
001410232 105920
001410233 32336
001410234 44960
001410235 76640
001410236 74720
001410237 55824
001410238 91040
001410239 60528
001410240 45584
001410241 75840
001410242 90560
001410243 45600
001410244 71312
001410245 55520
001410246 83040
001410247 91520
001410248 91184
001410249 89440
001410250 74240
001410251 71920
001410252 72320
001410253 52320
001410254 49232
001410255 74384
001410256 50240
001410257 41056
001410258 56176
001410259 84624
001410260 96480
001410261 54400
001410262 52000
001410263 48000
001410264 70720
001410265 82720
001410266 48192
001410267 79200
001410268 45760
001410269 74400
001410270 53920
001410271 62928
001410272 73120
001410273 87520
001410274 69904
001410275 43008
001410276 44160
001410277 72864
001410278 64160
001410279 38080
001410280 48480
001410281 113440
001410282 79040
001410283 107280
001410284 79680
001410285 55040
001410286 76960
001410287 93600
001410288 50688
001410289 95520
001410290 116320
001410291 103360
001410292 68736
001410293 78624
001410294 79840
001410295 107520
001410296 70880
001410297 34272
001410298 97600
001410299 54240
001410300 88592
001410301 80640
001410302 77920
001410303 62672
001410304 82400
001410305 101824
001410306 73184
001410307 72000
001410308 64656
001410309 69920
001410310 39360
001410311 58400
001410312 88800
001410313 60800
001410314 84800
001410315 83680
001410316 88800
001410317 66080
001410318 80000
001410319 83040
001410320 47200
001410321 66416
001410322 71456
001410323 45120
001410324 47072
001410325 96160
001410326 52320
001410327 56160
001410328 61120
001410329 105888
001410330 45136
001410331 52928
001410332 85520
001410333 102560
001410334 102560
001410335 66880
001410336 56800
001410337 81920
001410338 64319
001410339 92640
001410340 60048
001410341 88736
001410342 56000
001410343 50240
001410344 73440
001410345 81152
001410346 103200
001410347 53120
001410348 43040
001410349 48704
001410350 77120
001410351 42976
001410352 53760
001410353 64272
001410354 74480
001410355 63904
001410356 57456
001410357 105920
001410358 124640
001410359 99040
001410360 92640
001410361 55840
001410362 54000
001410363 93440
001410364 58560
001410365 70384
001410366 104768
001410367 94880
001410368 46032
001410369 57136
001410370 98400
001410371 80144
001410372 72240
001410373 63200
001410374 51520
001410375 47248
001410376 94720
001410377 76000
001410379 80976
001410382 92640
001410383 68480
001410384 76000
001410385 94080
001410386 98720
001410387 86560
001410388 62736
001410389 100640
001410390 85296
001410391 98880
001410392 79680
001410393 86080
001410395 90080
001410397 80160
001410398 122976
001410399 87696
001410400 78560
001411401 54064
001411402 66000
001411403 61120
001411404 75520
001411405 58064
001411406 48672
001411407 54560
001411408 60640
001411409 41312
001411410 52336
001411411 64640
001411412 63520
001411414 69936
001411415 44480
001411416 60160
001411417 82784
001411418 53712
001411419 50272
001411420 41520
001411422 50080
001411423 44544
001411424 50080
001411425 50080
001411426 53200
001411427 64592
001411428 43840
001411429 40336
001411430 57536
001411431 36640
001411432 76960
001411433 63488
001411434 52064
001411435 47840
001411436 53120
001411437 45248
001411438 52960
001411439 67888
001411440 35392
001411441 54400
001411442 60000
001411443 59520
001411444 72000
001411445 45440
001411446 59712
001411447 52768
001411448 50080
001411449 50880
001411450 57088
001411451 64160
001411452 64480
001411453 59376
001411454 34912
001411455 63840
001411456 68624
001411457 59648
001411458 69120
001411459 42480
001411460 51840
001411461 57328
001411462 45856
001411463 56160
001411464 52800
001411465 49280
001411466 57744
001411467 47040
001411468 57120
001411469 60816
001411470 55840
001411471 48640
001411472 53920
001411473 38720
001411474 45120
001411475 59520
001411477 60960
001411478 48320
001411479 53440
001411480 80800
001411481 58080
001411482 53920
001411483 48352
001411484 48160
001411487 62560
001411488 47840
001411489 69920
001411490 45280
001411491 44800
001411492 55328
001411493 47904
001411494 52800
001411495 48800
001411496 56320
001411497 54720
001411499 56608
001411500 54080
001411501 149920
001411503 40096
001411504 40288
001411505 46880
001411506 126608
001411507 74112
001411508 77600
001411509 87680
001411510 111840
001411511 59104
001411513 73632
001411514 91568
001411515 76784
001411516 52640
001411517 52736
001411518 92800
001411519 51520
001411520 72320
001411521 75680
001411522 41360
001411523 68496
001411524 88320
001411525 55088
001411526 77776
001411527 49120
001411528 70560
001411529 42944
001411530 41728
001411531 86400
001411532 46880
001411533 80000
001411534 81280
001411535 49920
001411536 44624
001411537 54400
001411538 55456
001411539 44480
001411540 65760
001411541 87520
001411542 80960
001411543 52800
001411544 85600
001411545 96960
001411546 65440
001411547 100112
001411548 63616
001411549 81920
001411550 45600
001411551 63040
001411552 88960
001411553 98240
001411554 67680
001411555 36576
001411556 109920
001411557 79680
001411558 59520
001411559 119040
001411560 86080
001411561 51040
001411562 63856
001411563 86080
001411564 78240
001411565 82880
001411566 111040
001411567 83488
001411569 44160
001411570 46672
001411571 47200
001411572 50192
001411573 78400
001411574 79040
001411575 92960
001411576 78720
001411577 84640
001411578 72800
001411579 40160
001411580 45216
001411581 60960
001411582 113280
001411583 80320
001411584 95360
001411585 82720
001411586 71040
001411587 60960
001411588 82080
001411589 62080
001411590 99040
001411591 79120
001411592 78880
001411593 55920
001411594 55360
001411595 46880
001411596 83744
001411597 51360
001411598 45392
001411599 60320
001411600 70864
001411601 68320
001411602 67520
001411603 48960
001411604 70880
001411605 42400
001411606 65168
001411607 51936
001411608 103520
001411609 61280
001411610 67840
001411611 57600
001411612 59680
001411613 59520
001411614 99200
001411615 48000
001411616 50944
001411617 77552
001411618 97920
001411619 56288
001411620 92480
001411621 82560
001411622 97920
001411623 71840
001411624 91200
001411625 74560
001411626 70080
001411627 77424
001411628 115040
001411629 95680
001411630 82240
001411631 108320
001411632 86880
001411633 94240
001411634 71200
001411635 45040
001411636 56368
001411637 74928
001411638 69760
001411639 46272
001411640 74880
001411641 66080
001411642 70720
001411643 66560
001411644 60320
001411645 63904
001411646 71040
001411647 99024
001411648 70512
001411649 100640
001411650 59520
001411651 48880
001411652 95328
001411653 84000
001411654 92208
001411655 80480
001411656 33264
001411657 63520
001411658 96960
001411659 84960
001411660 72320
001411661 55520
001411662 112000
001411663 50560
001411664 39200
001411665 40000
001411666 159040
001411667 47248
001411668 42240
001411669 86896
001411670 93600
001411671 80480
001411672 116000
001411673 77920
001411674 51840
001411675 46720
001411676 92800
001411677 90080
001411678 81120
001411679 82128
001411680 76768
001411681 78880
001411682 62512
001411683 50080
001411684 87040
001411685 108480
001411686 81440
001411687 43200
001411688 88160
001411689 108480
001411690 82720
001411691 51840
001411692 65168
001411693 48720
001411694 44640
001411695 95680
001411696 86080
001411697 80960
001411698 76480
001411699 68480
001411700 66080
001411701 53440
001411702 67200
001411703 93600
001411704 79520
001411705 95040
001411706 52480
001411707 70080
001411708 45600
001411709 83552
001411710 78560
001411711 80960
001411712 37600
001411713 65440
001411714 118304
001411715 71840
001411716 65920
001411717 88160
001411718 53600
001411719 72800
001411720 50560
001411721 41168
001411722 105104
001411723 52784
001411724 47360
001411725 90960
001411726 54080
001411727 56320
001411728 75360
001411729 44800
001411730 72800
001411731 96160
001411732 85120
001411733 46720
001411734 71680
001411735 60656
001411736 54496
001411737 96960
001411738 76320
001411739 76000
001411740 85920
001411741 61760
001411742 86400
001411743 85280
001411744 39520
001411745 71728
001411746 108960
001411747 85600
001411748 92640
001411749 83840
001411750 91312
001411751 89600
001411752 116160
001411753 102992
001411754 48352
001411755 43296
001411756 89760
001411757 66560
001411758 50560
001411759 77120
001411760 65920
001411761 88000
001411762 72320
001411763 35968
001411764 49488
001411765 59360
001411766 66080
001411767 79040
001411768 71200
001411769 57440
001411770 40416
001411771 56320
001411772 74720
001411773 79360
001411774 77600
001411775 59680
001411776 60960
001411777 77552
001411778 69440
001411779 40480
001411780 105280
001411781 55680
001411782 56800
001411783 54560
001411784 66400
001411786 69600
001411787 71840
001411788 45440
001411789 102720
001411790 37120
001411791 69760
001411792 68640
001411793 55040
001411794 84960
001411795 43104
001411796 35168
001411797 47680
001411798 62912
001411799 77120
001411800 81632
001420004 120640
001420013 99040
001420015 129503
001420016 172480
001420019 155232
001420024 72576
001420028 53632
001420030 79168
001420033 98880
001420036 65552
001420037 90400
001420038 60480
001420039 67216
001420041 36928
001420042 43520
001420043 73664
001420045 47040
001420046 45376
001420048 92000
001420049 56480
001420053 46336
001420055 68000
001420056 83520
001420058 76960
001420060 71360
001420061 63680
001420062 63680
001420063 88480
001420065 67520
001420067 68816
001420071 55584
001420075 67072
001420076 118320
001420078 91520
001420079 64160
001420080 54288
001420085 77760
001420086 82880
001420091 93120
001420093 84640
001420094 68560
001420096 75840
001420097 76960
001420098 112480
001420099 79552
001420100 84000
001420101 103840
001420110 56480
001420112 74368
001420114 64959
001420115 75200
001420116 56480
001420118 104160
001420121 219840
001420122 73216
001420123 87680
001420127 143360
001420128 66080
001420137 118560
001420145 122128
001420147 70400
001420148 101888
001420149 66720
001420152 103184
001420153 59184
001420154 125600
001420157 121920
001420158 80960
001420159 119200
001420161 116800
001420162 110880
001420163 83680
001420165 86176
001420166 96320
001420167 103200
001420169 70496
001420170 82080
001420171 71744
001420172 70560
001420178 55840
001420179 81920
001420182 63360
001420186 104448
001420188 132096
001420190 176640
001420192 60640
001420193 64319
001420194 81120
001420196 88000
001420198 47088
001420200 74720
001420203 65600
001420204 138720
001420205 109440
001420206 83008
001420207 114240
001420208 108160
001420210 105440
001420212 112384
001420213 67360
001420214 118240
001420215 88832
001420216 84320
001420217 72480
001420222 63360
001420224 46400
001420225 59040
001420227 51024
001420228 86400
001420230 58832
001420231 119488
001420233 70976
001420234 94688
001420235 103680
001420236 150064
001420238 42720
001420240 120688
001420241 74880
001420242 65600
001420243 127520
001420244 129104
001420245 80160
001420246 69664
001420247 170880
001420251 59936
001420253 67840
001420254 83872
001420256 163360
001420257 78400
001420259 142400
001420261 134544
001420263 119840
001420264 119680
001420265 66992
001420269 56960
001420270 81440
001420271 66848
001420272 102560
001420273 78560
001420274 48160
001420275 59360
001420276 99200
001420277 74560
001420279 96000
001420280 94720
001420282 134400
001420283 134560
001420285 104960
001420287 88320
001420288 142720
001420289 102688
001420290 102240
001420291 78400
001420292 91200
001420293 72960
001420294 77376
001420295 105440
001420296 120480
001420297 59840
001420300 130720
001420301 70080
001420302 101600
001420305 62080
001420306 100960
001420307 134720
001420309 71040
001420310 71520
001420311 80000
001420312 79888
001420313 74400
001420316 90560
001420318 65760
001420319 85280
001420320 113440
001420321 70720
001420323 65920
001420324 95680
001420325 181760
001420327 100960
001420328 71264
001420329 64160
001420330 98560
001420332 132160
001420333 74560
001420334 151840
001420335 44800
001420337 115360
001420338 111200
001420339 108000
001420340 114240
001420341 93440
001420342 69392
001420343 64800
001420344 131039
001420345 109760
001420348 61280
001420349 113440
001420351 73760
001420352 55200
001420353 84912
001420355 135040
001420358 92640
001420361 142720
001420362 115520
001420363 128000
001420364 83680
001420365 110240
001420366 104320
001420367 73440
001420368 60160
001420369 113600
001420370 93952
001420371 59520
001420372 80000
001420373 134560
001420374 64352
001420376 173280
001420378 106080
001420379 144640
001420380 124688
001420381 123360
001420382 88800
001420383 117920
001420384 111040
001420386 127840
001420387 93920
001420389 140960
001420390 99040
001420391 166560
001420392 63664
001420393 92704
001420394 96160
001420395 85520
001420396 101120
001420397 79360
001420398 55344
001420399 106240
001421402 83104
001421403 72512
001421404 93376
001421405 78240
001421406 63200
001421407 80000
001421411 90240
001421412 84160
001421413 43680
001421414 94240
001421415 60320
001421416 73600
001421417 105440
001421420 56816
001421421 56352
001421422 61168
001421423 57264
001421424 72592
001421425 65280
001421428 61120
001421429 52320
001421430 75840
001421431 52000
001421432 81280
001421434 71200
001421435 65120
001421437 67520
001421438 72960
001421439 98560
001421441 80160
001421442 77280
001421443 88160
001421444 98880
001421445 61200
001421447 65792
001421448 63520
001421449 61440
001421450 77440
001421451 94240
001421452 95360
001421453 91360
001421454 54080
001421455 90400
001421456 79360
001421457 89728
001421459 60320
001421463 80320
001421464 85440
001421465 71040
001421466 77408
001421467 60960
001421468 80480
001421470 75520
001421471 62880
001421473 56480
001421474 59840
001421475 90880
001421476 75360
001421477 83200
001421479 78880
001421480 105760
001421481 79840
001421482 70560
001421484 68960
001421485 74400
001421486 68160
001421487 83040
001421488 66240
001421489 96800
001421491 55376
001421492 79520
001421494 67520
001421495 58240
001421497 55840
001421498 69920
001421499 79840
001421500 81920
001421501 47200
001421502 76800
001421503 75200
001421504 74080
001421505 123680
001421507 137280
001421508 72800
001421509 126560
001421510 104000
001421511 92480
001421515 141600
001421516 84160
001421517 78240
001421518 91360
001421519 94240
001421520 77760
001421521 68640
001421522 103680
001421523 111520
001421524 173440
001421525 81920
001421526 127360
001421527 115840
001421528 43712
001421529 98560
001421530 91200
001421531 100640
001421532 95520
001421533 155696
001421534 119024
001421535 150560
001421536 109600
001421538 109600
001421539 150720
001421540 62080
001421541 56480
001421542 103360
001421543 109120
001421544 68800
001421545 83040
001421546 115680
001421548 92896
001421549 82240
001421550 49600
001421551 112640
001421552 156160
001421553 72000
001421554 128160
001421555 80480
001421556 137920
001421557 118880
001421558 101280
001421559 134080
001421560 125120
001421561 108960
001421562 55360
001421563 77280
001421564 132000
001421565 153600
001421566 127360
001421567 102080
001421568 63360
001421569 75424
001421570 66704
001421571 64800
001421572 96960
001421573 107840
001421574 61280
001421575 62720
001421576 66560
001421577 148000
001421578 87712
001421579 70240
001421580 140160
001421581 119200
001421582 90560
001421583 71200
001421584 135200
001421585 73760
001421586 120320
001421587 98400
001421588 59840
001421589 80240
001421590 115040
001421591 138240
001421593 78080
001421594 85120
001421595 120480
001421596 119200
001421597 115520
001421598 133152
001421599 98240
001421600 95040
001421601 67840
001421602 129120
001421604 118880
001421605 105120
001421606 88640
001421608 68320
001421609 61440
001421610 120960
001421611 133920
001421612 44960
001421613 156640
001421614 50400
001421615 129759
001421616 99680
001421617 62720
001421618 120800
001421619 104480
001421620 82560
001421621 140608
001421622 63200
001421623 84320
001421624 144800
001421625 100480
001421626 137712
001421627 151680
001421628 70560
001421629 61920
001421630 125696
001421631 64800
001421632 89920
001421633 47040
001421634 119680
001421635 104640
001421636 104976
001421638 121440
001421639 76000
001421640 63040
001421641 94400
001421642 71360
001421643 84320
001421645 70080
001421647 89760
001421648 99840
001421649 126560
001421650 72000
001421651 89760
001421652 63200
001421654 107520
001421655 82880
001421656 113600
001421657 79360
001421658 62864
001421659 95520
001421660 66880
001421661 52160
001421662 101280
001421663 143840
001421664 86400
001421665 91200
001421666 84000
001421667 120160
001421668 150992
001421669 110880
001421670 90080
001421671 117280
001421672 104800
001421673 103680
001421674 100320
001421675 141280
001421676 110720
001421677 99200
001421678 104000
001421679 120480
001421681 101120
001421682 87840
001421683 82720
001421684 103360
001421685 53760
001421686 119680
001421687 89120
001421688 56800
001421689 60480
001421690 114720
001421691 93296
001421692 78400
001421693 85280
001421694 82560
001421695 86400
001421696 189600
001421697 124000
001421698 65920
001421699 74400
001421701 139680
001421702 106944
001421703 122144
001421704 48160
001421705 124640
001421706 59680
001421707 140160
001421708 138080
001421709 91040
001421710 79680
001421711 56464
001421712 57824
001421713 70864
001421714 67680
001421715 130064
001421716 162880
001421717 51104
001421718 148480
001421719 168640
001421720 142400
001421721 91520
001421722 124960
001421724 93600
001421725 102400
001421726 94720
001421727 100960
001421729 74240
001421730 88320
001421731 105280
001421732 96320
001421733 118240
001421734 95200
001421735 150880
001421737 117120
001421738 120320
001421739 110320
001421740 119680
001421741 100640
001421742 135680
001421745 132960
001421746 83840
001421747 62880
001421748 58400
001421749 78400
001421750 117760
001421751 125280
001421752 52960
001421753 128639
001421754 96704
001421755 122880
001421756 75200
001421757 143200
001421758 111360
001421759 85248
001421760 117600
001421761 58528
001421762 124160
001421763 135056
001421764 132800
001421765 147040
001421766 116912
001421767 55760
001421769 63072
001421771 140480
001421772 105280
001421773 136800
001421774 155360
001421775 63360
001421776 68160
001421778 98560
001421779 76224
001421780 94400
001421781 95200
001421782 147040
001421784 88640
001421785 95040
001421786 65280
001421787 102400
001421789 105280
001421790 55520
001421791 129440
001421793 135200
001421794 96640
001421795 151360
001421796 75520
001421797 120160
001421798 128800
001421799 120752
001430004 110864
001430005 143040
001430006 76128
001430007 96016
001430008 85600
001430010 89120
001430012 120144
001430013 88000
001430014 129280
001430017 86080
001430019 136320
001430021 46144
001430022 60320
001430023 64800
001430024 61120
001430025 76320
001430027 50240
001430028 45280
001430029 54560
001430030 65360
001430031 63200
001430032 60640
001430033 70720
001430034 84320
001430035 42960
001430038 52896
001430040 60688
001430041 32880
001430043 57760
001430045 42720
001430046 41920
001430048 80960
001430050 50080
001430052 68800
001430055 53312
001430056 60480
001430057 67040
001430060 60032
001430061 54400
001430062 53440
001430063 72160
001430064 60480
001430066 56800
001430067 56800
001430068 67520
001430070 56320
001430072 63040
001430073 60320
001430074 62560
001430076 82464
001430078 81920
001430080 50080
001430082 87200
001430083 59840
001430085 63040
001430087 61280
001430088 67200
001430089 95200
001430090 78512
001430091 76160
001430092 107040
001430094 60480
001430095 62560
001430096 63200
001430097 58560
001430099 66240
001430100 79040
001430102 101280
001430104 123520
001430105 109760
001430106 59840
001430107 74880
001430108 90720
001430109 132640
001430110 108320
001430111 101280
001430112 98880
001430113 123504
001430114 130880
001430115 78880
001430116 76160
001430117 109600
001430118 81920
001430119 118720
001430120 138880
001430122 113760
001430123 66560
001430124 152160
001430126 84896
001430129 71344
001430130 107648
001430132 59840
001430133 57856
001430134 91200
001430135 85440
001430138 66880
001430139 65600
001430140 57760
001430141 94720
001430142 89440
001430143 48800
001430144 109600
001430146 96960
001430147 101600
001430148 155040
001430149 99668
001430150 73920
001430151 71520
001430152 74560
001430153 101824
001430155 150560
001430156 72960
001430157 79712
001430158 55040
001430159 93920
001430160 63136
001430161 69280
001430163 98400
001430165 76320
001430166 88640
001430167 67840
001430170 73600
001430172 75840
001430173 107200
001430174 91840
001430175 123040
001430176 78832
001430177 79184
001430182 95840
001430183 124016
001430185 73344
001430187 117280
001430188 113216
001430189 117760
001430190 69648
001430192 88320
001430193 62880
001430194 68944
001430195 39872
001430196 62720
001430197 147520
001430198 50880
001430199 83200
001430201 66192
001430202 115200
001430203 48784
001430204 43360
001430205 100800
001430206 145920
001430207 109760
001430208 89440
001430209 65760
001430211 70880
001430212 59840
001430213 107520
001430214 102080
001430215 90400
001430216 102240
001430217 75680
001430219 49280
001430220 69440
001430221 107840
001430222 146080
001430224 68000
001430225 82240
001430226 93760
001430229 52480
001430230 84992
001430232 116960
001430233 69440
001430234 95040
001430235 68800
001430236 54400
001430237 90240
001430238 70400
001430239 94080
001430241 119040
001430243 112960
001430244 85760
001430245 88000
001430246 76336
001430248 112160
001430249 107392
001430250 108640
001430251 101440
001430252 73088
001430253 130720
001430254 91840
001430256 106080
001430258 55520
001430259 80800
001430260 140640
001430261 113120
001430262 88320
001430263 71680
001430264 115840
001430265 105280
001430266 125600
001430267 94720
001430268 126080
001430269 83360
001430270 97120
001430271 70560
001430274 144320
001430275 127200
001430276 73920
001430277 39360
001430278 117280
001430281 137920
001430282 98880
001430283 102400
001430284 77760
001430285 95520
001430286 113600
001430287 92320
001430288 129600
001430289 108160
001430291 94080
001430292 139307
001430293 59200
001430296 68896
001430299 37440
001430300 89440
001430301 57792
001430302 46928
001430303 102516
001430304 114004
001430305 55520
001430307 127040
001430308 128160
001430310 66400
001430311 101760
001430312 100960
001430315 127056
001430316 94720
001430317 66368
001430319 51104
001430320 73280
001430321 77920
001430322 119520
001430323 98560
001430324 70560
001430326 109600
001430327 99040
001430328 62400
001430330 80800
001430331 67360
001430334 54240
001430335 53600
001430337 56480
001430342 85920
001430345 60160
001430346 79840
001430347 60160
001430348 69520
001430350 80640
001430351 62240
001430354 69600
001430357 81920
001430358 48640
001430359 79040
001430360 87520
001430362 85920
001430364 101776
001430365 91360
001430366 56160
001430367 88640
001430368 60000
001430369 81920
001430370 67040
001430373 61440
001430374 96160
001430376 130752
001430377 71520
001430379 84160
001430382 87840
001430383 57120
001430384 79200
001430388 118560
001430389 92320
001430396 88960
001430397 71200
001430399 58240
001430400 46880
001431401 62560
001431402 73760
001431405 61600
001431417 86448
001431455 80128
001431456 78080
001431458 87616
001431461 62325
001431469 58368
001431472 68138
001431475 67925
001431477 71520
001431487 68544
001431488 57044
001431489 82576
001431496 67200
001431503 105280
001431513 92436
001431514 107221
001431517 112800
001431523 105280
001431524 83520
001431525 71040
001431526 88480
001431527 46240
001431528 58560
001431529 105120
001431530 114240
001431531 112480
001431532 109280
001431533 54400
001431534 96320
001431535 114976
001431537 79040
001431538 114560
001431542 102400
001431544 95040
001431546 151200
001431550 88480
001431565 107984
001431566 79360
001431568 86976
001431572 76064
001431573 119200
001431574 63360
001431575 111680
001431577 62880
001431578 115520
001431579 42400
001431580 85920
001431581 68320
001431583 85808
001431585 98576
001431586 48144
001431587 65360
001431590 88747
001431591 101920
001431592 96240
001431593 54720
001431594 99424
001431595 57680
001431596 54496
001431597 104693
001431603 71360
001431605 66368
001431608 70736
001431611 107744
001431612 52960
001431615 128991
001431616 132000
001431618 71568
001431619 48672
001431620 80800
001431621 84160
001431623 56480
001431625 57280
001431627 66080
001431629 86240
001431630 75680
001431633 54736
001431637 65952
001431640 79840
001431644 77280
001431645 72682
001431648 79520
001431649 93760
001431650 82240
001431651 83040
001431652 74560
001431653 72864
001431656 76416
001431657 82848
001431658 41568
001431662 68160
001431663 73632
001431669 98784
001431671 41120
001431677 52800
001431680 114944
001431681 80427
001431687 110192
001431688 100800
001431689 105680
001431690 101760
001431691 95520
001431692 42240
001431694 48640
001431695 96480
001431698 107296
001431699 122848
001431700 82752
001431702 82720
001431704 101920
001431705 96160
001431708 56000
001431709 81920
001431712 100800
001431714 62256
001431719 61920
001431720 127520
001431721 45248
001431722 46720
001431723 47360
001431724 136480
001431729 63680
001431731 126944
001431733 91200
001431734 102400
001431736 107200
001431739 111360
001431743 78400
001431747 111648
001431748 50240
001431750 57600
001431751 137440
001431752 72800
001431753 64480
001431754 72960
001431755 127380
001431757 98112
001431761 74768
001431762 39520
001431763 89440
001431766 103040
001431767 103360
001431768 92480
001431769 78448
001431770 43824
001431773 96160
001431774 66480
001431775 121749
001431777 65920
001431778 56800
001431779 67840
001431780 90560
001431783 104640
001431787 91040
001431788 56800
001431789 57440
001431790 108149
001431794 61280
001431796 129600
001431797 105760
001431798 72256
001431799 50128
001431800 124800
001440002 170576
001440003 84640
001440004 119200
001440005 144576
001440006 84160
001440008 93600
001440009 76320
001440010 101360
001440011 72960
001440012 140640
001440013 96048
001440014 160960
001440016 154656
001440018 95520
001440019 164000
001440020 94544
001440022 72800
001440028 48896
001440029 67840
001440031 78240
001440032 75680
001440033 88320
001440034 113280
001440037 88576
001440039 68000
001440044 58352
001440045 44976
001440048 87840
001440049 53280
001440050 59680
001440051 49440
001440052 89600
001440053 41280
001440054 43040
001440055 63040
001440056 77920
001440057 84320
001440059 59360
001440060 70560
001440061 60752
001440062 66112
001440063 93120
001440064 70880
001440065 76352
001440066 63040
001440067 57440
001440068 87168
001440070 71040
001440071 56320
001440072 72480
001440073 75200
001440074 81920
001440075 61104
001440076 114656
001440077 65872
001440078 99680
001440079 67680
001440080 56000
001440081 59200
001440082 86240
001440083 69728
001440084 75328
001440085 72048
001440086 67520
001440088 76640
001440089 110720
001440090 84176
001440091 97440
001440092 117120
001440093 92640
001440094 69920
001440095 70240
001440096 73280
001440098 97920
001440099 78240
001440100 80800
001440101 164800
001440103 101600
001440104 120160
001440105 115040
001440107 121600
001440108 60480
001440109 127632
001440110 62544
001440111 91312
001440112 103520
001440113 61760
001440114 94080
001440115 44608
001440116 80800
001440117 118560
001440118 69920
001440119 88800
001440120 146080
001440121 116000
001440122 139840
001440123 130720
001440124 45920
001440125 79680
001440126 62608
001440127 117600
001440128 80160
001440130 60480
001440131 132960
001440132 65760
001440133 110400
001440134 77760
001440135 72000
001440136 100960
001440137 128160
001440138 107040
001440139 90080
001440140 93440
001440141 165920
001440142 91520
001440143 82240
001440144 179984
001440145 68960
001440146 129759
001440147 73920
001440148 54656
001440149 146656
001440151 72960
001440152 85120
001440153 99360
001440154 87840
001440155 98240
001440156 43360
001440157 85760
001440158 49440
001440159 109920
001440160 92640
001440161 110240
001440162 167680
001440163 120160
001440164 74560
001440165 111040
001440166 138464
001440167 146720
001440168 102400
001440169 124160
001440170 50400
001440171 122240
001440172 57760
001440173 100480
001440174 77280
001440175 91360
001440176 161120
001440177 141760
001440178 123680
001440179 77440
001440180 78080
001440181 53440
001440182 70880
001440183 86880
001440184 154448
001440185 71040
001440186 141440
001440187 45456
001440188 88688
001440189 131360
001440190 104480
001440191 57120
001440192 138576
001440193 86880
001440194 65040
001440196 120960
001440197 63648
001440198 115520
001440199 102320
001440200 150560
001440201 132800
001440202 130720
001440203 124640
001440204 149600
001440206 104320
001440208 58720
001440209 109760
001440210 106880
001440211 133440
001440212 110880
001440213 103200
001440214 107840
001440215 54560
001440216 116800
001440217 65120
001440218 94880
001440219 90080
001440220 96160
001440221 55840
001440222 90464
001440223 188160
001440224 118240
001440225 119200
001440226 58720
001440227 99840
001440229 130880
001440230 113600
001440231 54080
001440232 131360
001440233 73440
001440234 75776
001440235 99040
001440237 101280
001440240 134896
001440243 143744
001440244 52800
001440245 60016
001440246 120160
001440247 140000
001440248 77728
001440249 68240
001440250 132400
001440251 120000
001440252 76640
001440253 74560
001440254 93024
001440255 95680
001440256 115040
001440258 135520
001440259 121440
001440260 73120
001440262 94720
001440263 118272
001440264 99232
001440266 132320
001440270 84320
001440271 79296
001440272 84480
001440273 89280
001440274 106400
001440275 85600
001440276 138720
001440277 68320
001440278 82720
001440279 97920
001440280 120160
001440281 78400
001440282 52800
001440283 92896
001440285 150112
001440286 118240
001440287 85120
001440288 118400
001440289 107520
001440290 75520
001440291 105760
001440292 119520
001440293 113440
001440295 65600
001440296 45776
001440297 100480
001440298 87200
001440299 115840
001440300 94240
001440301 117280
001440302 121760
001440303 132640
001440305 61760
001440306 87040
001440307 51360
001440308 120160
001440309 74880
001440310 84640
001440311 131200
001440312 105072
001440313 92480
001440314 124160
001440315 61280
001440316 82880
001440317 82560
001440318 110560
001440319 62720
001440320 58240
001440321 137760
001440322 116160
001440323 87360
001440324 129600
001440325 87040
001440326 122240
001440327 107840
001440328 72948
001440329 57120
001440330 60320
001440332 152160
001440333 149760
001440335 115680
001440336 81440
001440337 103840
001440338 129120
001440339 85920
001440340 91040
001440342 160000
001440343 135680
001440344 92000
001440345 126704
001440346 75040
001440348 57120
001440349 55520
001440350 100272
001440351 84128
001440352 146880
001440355 88939
001440358 58880
001440359 101600
001440361 125120
001440362 117104
001440363 85440
001440364 129600
001440365 125600
001440367 111536
001440368 126400
001440369 75696
001440370 75200
001440372 142560
001440373 123040
001440374 175520
001440375 122240
001440378 60000
001440382 133824
001440384 126880
001440385 89904
001440386 101760
001440387 64640
001440388 64000
001440389 112160
001440390 92160
001440391 76800
001440392 102080
001440393 71008
001440394 60944
001440395 136640
001440397 117760
001440398 118816
001440399 130720
001440400 112320
001441403 75360
001441404 92656
001441405 67152
001441406 59680
001441410 68320
001441411 81952
001441412 80960
001441415 60160
001441416 69440
001441419 61760
001441420 53440
001441422 56800
001441423 52512
001441424 60640
001441426 72160
001441428 53760
001441429 52320
001441430 75680
001441432 77600
001441433 88800
001441434 64480
001441435 64000
001441436 81920
001441440 45920
001441444 100000
001441448 60640
001441449 57920
001441450 77280
001441451 89472
001441452 87520
001441453 83200
001441456 77120
001441458 91040
001441459 51200
001441462 53440
001441463 79616
001441464 75808
001441465 63424
001441467 57600
001441468 69600
001441469 69760
001441470 70400
001441472 79360
001441473 61440
001441474 51040
001441476 65920
001441477 78720
001441478 59744
001441479 68640
001441480 93120
001441481 68000
001441483 58240
001441485 74720
001441487 80800
001441488 61776
001441489 96144
001441491 59344
001441492 64480
001441493 52480
001441494 56816
001441495 56160
001441496 71824
001441497 51040
001441498 66160
001441502 94080
001441503 59360
001441504 39520
001441505 116800
001441508 93600
001441509 60000
001441510 74560
001441511 58560
001441514 109920
001441515 80800
001441517 78384
001441518 128160
001441519 73120
001441520 64160
001441521 101440
001441522 82880
001441523 143360
001441524 132320
001441525 79840
001441526 57120
001441527 99200
001441528 91200
001441529 107792
001441530 73280
001441532 109568
001441533 144000
001441534 61264
001441535 69440
001441536 84000
001441537 137904
001441538 95360
001441539 139200
001441540 84960
001441541 95840
001441542 103200
001441543 73584
001441545 114560
001441546 82240
001441547 113440
001441549 115840
001441550 97440
001441551 78544
001441553 115680
001441554 78832
001441555 105600
001441556 58720
001441557 82240
001441558 87520
001441559 73920
001441560 152000
001441561 79840
001441562 102560
001441565 85760
001441567 123840
001441568 45168
001441569 107424
001441570 128943
001441571 41872
001441572 117760
001441574 67680
001441575 74400
001441576 148320
001441577 158240
001441578 47248
001441580 90560
001441581 159520
001441582 102400
001441583 115520
001441585 104800
001441586 119520
001441587 44368
001441588 101440
001441589 101760
001441590 108160
001441591 114240
001441593 114880
001441594 145120
001441595 77760
001441597 70080
001441598 101760
001441599 92480
001441600 139520
001441601 63360
001441603 110240
001441605 100640
001441606 135200
001441608 53920
001441609 84000
001441610 109440
001441611 67680
001441612 100160
001441613 87360
001441614 86880
001441615 61440
001441616 77440
001441617 48960
001441618 100800
001441619 78560
001441620 116320
001441621 91392
001441622 80320
001441623 113440
001441624 104000
001441625 103200
001441626 180064
001441627 45920
001441628 53920
001441629 50400
001441630 105280
001441631 77440
001441632 81280
001441633 46160
001441634 74768
001441635 96320
001441636 50720
001441637 117280
001441638 112320
001441639 79440
001441640 101120
001441641 59680
001441642 80320
001441643 103680
001441644 150400
001441645 56480
001441646 50560
001441647 68320
001441648 76000
001441649 57280
001441650 74560
001441651 134560
001441653 94560
001441654 65120
001441655 116160
001441656 70400
001441657 135680
001441658 116960
001441659 43040
001441660 74720
001441661 47840
001441662 77120
001441663 96960
001441664 100160
001441665 63360
001441666 106720
001441667 78240
001441670 91680
001441671 135840
001441672 105280
001441673 50080
001441674 95520
001441675 59200
001441676 92480
001441677 131344
001441678 144800
001441679 51360
001441680 61280
001441681 63360
001441682 126560
001441684 90080
001441685 145920
001441686 50400
001441687 47200
001441688 95840
001441689 72480
001441690 51040
001441691 129616
001441692 155040
001441694 97600
001441695 110560
001441696 78720
001441697 56000
001441698 134720
001441699 71200
001441700 101920
001441701 106880
001441702 106880
001441703 82880
001441704 84480
001441705 109920
001441707 89952
001441708 83040
001441709 106080
001441710 112160
001441711 97600
001441712 120800
001441713 71360
001441714 125120
001441715 49280
001441716 59040
001441717 78080
001441718 73280
001441719 156320
001441720 92800
001441721 80640
001441722 118400
001441723 63056
001441725 111232
001441728 59840
001441730 70720
001441731 89280
001441732 65920
001441733 94080
001441734 119680
001441735 108480
001441737 123840
001441738 67216
001441741 135840
001441742 91680
001441744 74400
001441745 52640
001441746 98560
001441747 130080
001441748 118240
001441749 85936
001441750 60160
001441751 113600
001441752 103680
001441753 112624
001441754 108320
001441755 62720
001441756 135840
001441757 103840
001441758 147840
001441759 81280
001441761 124000
001441762 134560
001441763 81440
001441765 56496
001441766 100960
001441768 115680
001441769 67520
001441770 100480
001441771 76000
001441772 72800
001441773 107360
001441774 84640
001441775 198080
001441776 128020
001441777 151040
001441778 127680
001441780 69760
001441781 108000
001441783 103008
001441784 59360
001441785 116480
001441786 82656
001441789 97280
001441790 82880
001441791 83200
001441792 185280
001441793 45760
001441794 118400
001441795 42000
001441796 53120
001441797 84160
001441799 120800
001450001 56640
001450002 137440
001450003 73120
001450004 100336
001450005 115536
001450006 72480
001450007 93600
001450008 80960
001450009 68336
001450010 93520
001450011 71712
001450012 108448
001450013 81008
001450014 105040
001450015 85418
001450016 125664
001450017 68752
001450018 76800
001450019 119744
001450020 79152
001450021 43520
001450022 55136
001450023 66080
001450024 66256
001450025 82512
001450026 51600
001450027 52096
001450028 52016
001450029 58000
001450030 69568
001450031 67376
001450032 62112
001450033 74720
001450034 93728
001450035 41008
001450036 53520
001450037 70080
001450038 52560
001450039 51840
001450040 62560
001450041 32384
001450042 38560
001450043 48800
001450044 43744
001450045 41536
001450046 41808
001450047 41520
001450048 73328
001450049 46960
001450050 47200
001450051 38000
001450052 70880
001450053 37168
001450054 47040
001450055 53808
001450056 67776
001450057 67088
001450058 59120
001450059 50208
001450060 55760
001450061 58224
001450062 56272
001450063 69520
001450064 57760
001450065 57440
001450066 50400
001450067 53552
001450068 66080
001450069 61664
001450070 54352
001450071 47200
001450072 60000
001450073 61760
001450074 67040
001450075 52816
001450076 80640
001450077 46560
001450078 70560
001450079 58976
001450080 46528
001450081 49552
001450082 68176
001450083 54240
001450084 65632
001450085 62720
001450086 74704
001450087 60800
001450088 59648
001450089 96960
001450090 82880
001450091 64800
001450092 101600
001450093 65440
001450094 57008
001450095 69808
001450096 58400
001450097 57600
001450098 76800
001450099 65632
001450100 75680
001450101 68496
001450102 79200
001450103 75840
001450104 85600
001450105 62880
001450106 95680
001450107 55456
001450108 54384
001450109 76640
001450110 114848
001450111 117600
001450112 69760
001450113 44640
001450114 64160
001450115 93488
001450116 63360
001450117 84320
001450118 66720
001450119 67200
001450120 56160
001450121 44160
001450122 129759
001450123 95840
001450124 69600
001450125 56272
001450126 66816
001450127 94720
001450128 51648
001450129 44912
001450130 93600
001450131 109680
001450132 77056
001450133 113696
001450134 88288
001450135 45552
001450136 93920
001450137 95360
001450138 43504
001450139 93968
001450140 98400
001450141 93904
001450142 72496
001450143 109280
001450144 63456
001450145 76288
001450146 71872
001450147 55840
001450148 98064
001450149 93600
001450150 90880
001450151 92480
001450152 76688
001450153 73600
001450154 89760
001450155 77760
001450156 84960
001450157 69760
001450158 126048
001450159 45552
001450160 108000
001450161 110080
001450162 79008
001450163 39952
001450165 77120
001450166 59408
001450167 63600
001450168 53440
001450169 113664
001450170 87824
001450171 52640
001450172 69056
001450173 90592
001450174 75200
001450175 80272
001450176 60640
001450177 69600
001450178 73328
001450179 83648
001450180 99680
001450181 91552
001450182 85280
001450183 59440
001450184 69136
001450185 95488
001450186 118256
001450187 57920
001450188 60352
001450189 37280
001450190 49728
001450191 46400
001450192 102400
001450193 60160
001450194 81552
001450195 48832
001450196 72112
001450197 134804
001450198 59184
001450199 103568
001450200 120960
001450201 57120
001450202 39696
001450203 76128
001450204 56064
001450205 45712
001450206 40720
001450207 80416
001450208 93648
001450209 86768
001450210 67904
001450211 87376
001450212 43024
001450213 52640
001450214 78560
001450215 72480
001450216 96272
001450217 87824
001450218 69984
001450219 100928
001450220 70064
001450221 54000
001450222 53600
001450223 41920
001450224 53344
001450225 76496
001450226 86400
001450227 49536
001450228 62640
001450229 56272
001450230 113040
001450231 113856
001450232 73328
001450233 54480
001450234 46464
001450235 86496
001450236 37120
001450237 69664
001450238 50352
001450239 45856
001450240 84512
001450241 97920
001450242 50720
001450243 64144
001450244 35360
001450245 113776
001450246 83968
001450247 42576
001450248 61760
001450249 48800
001450250 74592
001450251 122896
001450252 96368
001450253 132816
001450254 70400
001450255 54560
001450256 80800
001450257 87504
001450258 91840
001450259 91216
001450260 67296
001450261 82128
001450262 90672
001450263 97904
001450264 73424
001450265 101584
001450266 41696
001450267 108320
001450268 103664
001450269 78480
001450270 39440
001450271 47264
001450272 44368
001450273 69104
001450274 80720
001450275 51808
001450276 108080
001450277 111840
001450278 84048
001450279 49376
001450280 101248
001450281 51904
001450282 76624
001450283 55200
001450284 82320
001450285 54080
001450286 53184
001450287 78416
001450288 78592
001450289 45776
001450290 88160
001450291 53792
001450293 73120
001450294 43392
001450295 42720
001450296 67792
001450297 102560
001450298 101920
001450299 56800
001450300 98624
001450301 44320
001450302 40992
001450303 118448
001450304 103040
001450305 84480
001450306 100848
001450307 71712
001450308 37792
001450309 60000
001450310 124960
001450311 145520
001450312 50720
001450313 119040
001450314 86512
001450315 50480
001450316 62160
001450317 66944
001450318 60672
001450319 54256
001450320 99824
001450321 115040
001450322 54928
001450323 71728
001450324 98400
001450325 46432
001450326 70560
001450327 64959
001450328 39072
001450329 144480
001450330 56464
001450331 105504
001450332 77328
001450335 106048
001450336 121920
001450337 69616
001450338 110672
001450339 78464
001450340 40880
001450341 78208
001450342 51072
001450343 64432
001450344 83344
001450345 49168
001450346 112320
001450347 57712
001450348 37024
001450349 59120
001450350 50560
001450351 52320
001450352 73600
001450353 50880
001450354 51360
001450355 65519
001450356 94400
001450357 70560
001450358 64480
001450359 57696
001450361 141024
001450363 83040
001450364 72160
001450365 59840
001450366 76000
001450367 72000
001450368 105616
001450369 56816
001450370 53920
001450371 41728
001450372 73552
001450373 107152
001450374 56144
001450375 79360
001450376 89488
001450377 115840
001450378 52160
001450379 77888
001450380 34112
001450381 64784
001450382 44688
001450383 81776
001450384 74272
001450385 76128
001450386 57568
001450387 95456
001450388 66832
001450389 78512
001450390 109440
001450391 104000
001450392 50352
001450393 66720
001450394 63936
001450395 34384
001450396 68592
001450397 96992
001450398 68960
001450399 86720
001450400 85824
001451401 58000
001451403 66720
001451404 68704
001451405 60800
001451406 54880
001451407 56624
001451408 60752
001451409 41824
001451411 69568
001451412 71808
001451413 36352
001451414 72656
001451415 51296
001451416 60672
001451417 70608
001451418 55248
001451419 49008
001451420 42720
001451421 40832
001451422 48016
001451423 42048
001451424 52800
001451425 54576
001451426 68320
001451427 66368
001451428 51504
001451429 39744
001451430 61536
001451431 38544
001451432 66608
001451433 72064
001451434 63008
001451435 49840
001451436 55392
001451437 44080
001451438 50912
001451439 70480
001451440 35200
001451441 52304
001451442 66720
001451443 59584
001451444 69040
001451445 48960
001451446 64623
001451447 49344
001451448 47392
001451449 58032
001451450 53104
001451451 67920
001451452 76064
001451453 69280
001451454 40576
001451455 62880
001451456 66048
001451457 62400
001451458 91040
001451459 51552
001451460 53952
001451461 58080
001451462 48000
001451463 61488
001451464 55552
001451465 48320
001451466 65471
001451467 48496
001451468 54672
001451469 66656
001451470 57344
001451471 50080
001451472 58464
001451473 42512
001451474 44816
001451475 59088
001451476 64640
001451477 64000
001451478 51904
001451479 61072
001451480 81440
001451481 61488
001451482 54048
001451483 50832
001451484 49280
001451485 51360
001451486 48576
001451487 66320
001451488 49040
001451489 68640
001451490 45760
001451491 46192
001451492 52928
001451493 44208
001451494 55328
001451495 47248
001451496 64800
001451497 51360
001451498 55024
001451499 51744
001451500 51728
001451501 86400
001451502 92752
001451503 46176
001451504 66896
001451505 45152
001451506 63104
001451507 41536
001451508 115056
001451509 56800
001451510 106336
001451511 52864
001451512 94992
001451513 103920
001451514 40960
001451515 85984
001451516 89760
001451517 92416
001451518 67840
001451519 88368
001451520 52576
001451521 89712
001451522 71520
001451523 102240
001451524 53520
001451525 100352
001451526 39680
001451527 83728
001451528 107632
001451529 114672
001451530 63984
001451531 63488
001451532 68608
001451533 61232
001451534 46656
001451535 60400
001451536 72800
001451537 71536
001451538 102720
001451539 77936
001451540 64416
001451541 119840
001451542 48688
001451543 69680
001451544 105936
001451545 51472
001451546 36880
001451547 88800
001451548 46784
001451549 63520
001451550 108320
001451551 109440
001451552 61920
001451553 66192
001451554 72160
001451555 61040
001451556 37760
001451557 57120
001451558 97760
001451559 70800
001451560 87520
001451561 66640
001451562 87200
001451563 36480
001451564 80112
001451565 44896
001451566 78720
001451567 45408
001451568 68160
001451569 92128
001451570 100480
001451571 102064
001451572 57792
001451573 91536
001451574 73280
001451575 59520
001451576 106656
001451577 78592
001451578 103152
001451579 58048
001451580 86528
001451581 75888
001451582 63520
001451583 84944
001451584 88480
001451585 48512
001451586 55440
001451587 71680
001451588 83136
001451589 103136
001451590 80288
001451591 85952
001451592 67136
001451593 85632
001451594 52080
001451595 66560
001451596 107568
001451597 71200
001451598 66480
001451599 84896
001451600 81952
001451601 49328
001451602 60480
001451603 118704
001451604 66704
001451605 100080
001451606 78704
001451607 80320
001451608 81312
001451609 88224
001451610 83648
001451611 75152
001451612 96320
001451613 95056
001451614 68960
001451615 53280
001451616 58848
001451617 43520
001451618 63488
001451619 64367
001451620 73440
001451621 74992
001451622 63248
001451623 108160
001451624 88480
001451625 48576
001451626 46400
001451627 88480
001451628 71840
001451629 92000
001451630 110560
001451631 60480
001451632 42496
001451633 123680
001451634 60320
001451635 93429
001451636 42832
001451637 57616
001451638 77536
001451639 82560
001451640 92320
001451641 44544
001451642 50848
001451643 88000
001451644 53120
001451645 60160
001451646 84800
001451647 55008
001451648 76544
001451649 64160
001451650 111360
001451651 69200
001451652 65744
001451653 72656
001451654 89328
001451655 111840
001451656 57600
001451657 85408
001451658 68800
001451659 92928
001451660 60160
001451661 102560
001451662 53792
001451663 80432
001451664 122720
001451665 66240
001451666 54400
001451667 71504
001451668 80160
001451669 90880
001451670 52960
001451671 88160
001451672 93600
001451673 44832
001451674 32784
001451675 70288
001451676 64640
001451678 72176
001451679 100016
001451680 80800
001451681 80960
001451682 43200
001451683 71872
001451684 85600
001451685 66560
001451686 62000
001451687 80544
001451688 85696
001451689 79680
001451690 53568
001451691 61552
001451692 67552
001451693 76992
001451694 79296
001451695 106400
001451696 63200
001451697 79824
001451698 47792
001451699 36992
001451700 37440
001451701 32384
001451702 60640
001451703 69024
001451704 90560
001451705 84208
001451706 60480
001451707 53120
001451708 78224
001451709 40224
001451710 33712
001451711 73520
001451712 55552
001451713 82992
001451714 106000
001451715 97408
001451716 47744
001451717 77008
001451718 122560
001451719 74208
001451720 88928
001451721 64447
001451722 100320
001451723 129120
001451724 92144
001451725 96592
001451726 82240
001451727 84640
001451728 87520
001451729 59200
001451730 110400
001451731 83520
001451732 60480
001451733 66912
001451734 53856
001451735 76960
001451736 42080
001451737 47008
001451738 85120
001451739 108800
001451740 84560
001451741 45600
001451742 143232
001451743 83664
001451744 88320
001451745 98880
001451746 70016
001451747 56592
001451748 106112
001451749 78192
001451750 53920
001451751 108480
001451752 85120
001451753 51424
001451754 36816
001451755 104000
001451756 58304
001451757 78560
001451758 33280
001451759 50160
001451760 79664
001451761 77600
001451762 78096
001451763 49008
001451764 92320
001451765 104640
001451766 111040
001451767 53136
001451768 76832
001451769 74880
001451770 56480
001451771 50896
001451772 110560
001451773 95136
001451774 44656
001451775 35840
001451776 56800
001451777 46592
001451778 91424
001451779 81280
001451780 77536
001451781 51680
001451782 41600
001451783 52000
001451784 70640
001451785 90400
001451786 35840
001451787 78160
001451788 79360
001451789 99680
001451790 119200
001451791 58992
001451792 54000
001451793 40960
001451794 47056
001451795 42448
001451796 95952
001451797 40448
001451798 73632
001451799 102400
001451800 64544
001460001 56416
001460002 143360
001460003 90688
001460004 112000
001460005 149600
001460006 88000
001460007 100960
001460008 109920
001460009 68160
001460010 113920
001460011 63728
001460012 122720
001460013 82336
001460014 135200
001460015 97504
001460016 142400
001460017 70400
001460018 81600
001460019 136000
001460020 91840
001460021 43936
001460022 56160
001460023 56320
001460024 60640
001460025 81600
001460026 49600
001460027 53936
001460028 48512
001460029 60800
001460030 62880
001460031 66624
001460032 60000
001460033 90912
001460034 93920
001460035 39200
001460036 54544
001460037 76000
001460038 52832
001460039 52960
001460040 65440
001460041 28912
001460042 33264
001460043 51872
001460044 44832
001460045 35840
001460046 40944
001460047 39600
001460048 68800
001460049 46832
001460050 52800
001460051 40608
001460052 70240
001460053 38032
001460054 36160
001460055 48000
001460056 61440
001460057 66384
001460058 55360
001460059 49440
001460060 60240
001460061 50720
001460062 54400
001460063 71040
001460064 63280
001460065 52960
001460066 49344
001460067 55536
001460068 75456
001460069 67808
001460070 55200
001460071 44160
001460072 63392
001460073 54368
001460074 63360
001460075 59568
001460076 100800
001460077 48800
001460078 89120
001460079 57152
001460080 46240
001460081 52672
001460082 95680
001460083 59200
001460084 61920
001460085 61328
001460086 61280
001460087 61760
001460088 68496
001460089 96000
001460090 71376
001460091 72000
001460092 104480
001460093 74560
001460094 60960
001460095 60480
001460096 63520
001460097 59520
001460098 85600
001460099 56960
001460100 71680
001460101 57088
001460102 71360
001460103 37760
001460104 119040
001460105 116320
001460106 112160
001460107 87040
001460108 74560
001460109 97280
001460110 80000
001460111 96000
001460112 122240
001460113 47040
001460114 102240
001460115 79376
001460116 63360
001460117 105600
001460118 66464
001460119 101120
001460120 116640
001460121 93520
001460122 74880
001460123 97120
001460124 101440
001460125 88960
001460126 77440
001460127 91776
001460128 94400
001460129 81584
001460130 103200
001460131 100160
001460132 46400
001460133 76320
001460134 67472
001460135 86240
001460136 116480
001460137 101600
001460138 108400
001460139 148320
001460140 91680
001460141 142240
001460142 129440
001460143 36960
001460144 104320
001460145 117920
001460146 46528
001460147 109440
001460148 62752
001460149 128800
001460150 83696
001460151 43040
001460152 73600
001460153 41424
001460154 58448
001460155 68000
001460156 76128
001460157 88800
001460158 83456
001460159 70512
001460160 78464
001460161 64016
001460162 80000
001460163 85280
001460164 44800
001460165 94416
001460166 107376
001460167 75200
001460168 60000
001460169 89120
001460170 38192
001460171 48640
001460172 43136
001460173 54240
001460174 88880
001460175 93280
001460176 96320
001460177 112960
001460178 49664
001460179 63040
001460180 56160
001460181 96640
001460182 61760
001460183 65600
001460184 72960
001460185 52944
001460186 100960
001460187 90000
001460188 73920
001460189 46560
001460190 90400
001460191 87520
001460192 106560
001460193 98560
001460194 49888
001460195 106400
001460196 74720
001460197 108160
001460198 93120
001460199 66720
001460200 79520
001460201 44960
001460202 42080
001460203 100000
001460204 39840
001460205 44160
001460206 56320
001460207 81600
001460208 98080
001460209 90400
001460210 53280
001460211 54400
001460212 82720
001460213 117600
001460214 68640
001460215 147840
001460216 99360
001460217 89120
001460218 56960
001460219 76000
001460220 106080
001460221 62720
001460222 118240
001460223 118400
001460224 61120
001460225 58400
001460226 92000
001460227 129632
001460228 62400
001460229 49760
001460230 87680
001460231 80960
001460232 88752
001460233 50080
001460234 102080
001460235 83520
001460236 66368
001460237 104320
001460238 62432
001460239 100320
001460240 50400
001460241 112160
001460242 41216
001460243 62720
001460244 63968
001460245 72800
001460246 117600
001460247 111472
001460248 97248
001460249 116384
001460250 109760
001460251 97600
001460252 61760
001460253 62560
001460254 96160
001460255 74400
001460256 85120
001460257 49280
001460258 44800
001460259 89760
001460260 48480
001460261 52960
001460262 114240
001460263 97440
001460264 70720
001460265 47360
001460266 152800
001460267 122080
001460268 62352
001460269 69280
001460270 108080
001460271 129424
001460272 59680
001460273 104960
001460274 62080
001460275 94560
001460276 67568
001460277 88640
001460278 83360
001460279 67520
001460280 61408
001460281 96880
001460282 55280
001460283 82720
001460284 65920
001460285 63680
001460286 64176
001460287 73776
001460288 99040
001460289 120480
001460290 97920
001460291 55376
001460292 86720
001460295 107200
001460296 92000
001460297 83120
001460298 65120
001460299 87520
001460300 119680
001460301 93760
001460302 42720
001460303 65440
001460304 63520
001460305 111520
001460306 87840
001460307 85744
001460308 103712
001460309 57680
001460310 39504
001460311 50240
001460312 121600
001460313 41568
001460314 61760
001460315 110240
001460316 126656
001460317 76480
001460318 79360
001460319 52160
001460320 86400
001460321 101760
001460322 112800
001460323 45440
001460324 62560
001460325 86080
001460326 80480
001460327 41920
001460328 65120
001460329 128160
001460330 90400
001460331 43744
001460332 69280
001460333 41600
001460334 106560
001460335 73456
001460336 60320
001460337 97488
001460338 133488
001460339 71056
001460340 53136
001460341 34384
001460342 104320
001460343 77632
001460344 52400
001460345 109120
001460346 85200
001460347 78560
001460348 90240
001460349 101440
001460350 57120
001460351 130720
001460352 59360
001460353 41632
001460354 112960
001460355 79680
001460356 81296
001460357 108416
001460358 78080
001460359 69136
001460360 56336
001460361 61168
001460362 77920
001460363 87680
001460364 78240
001460365 52800
001460366 64191
001460367 55280
001460368 80160
001460369 64272
001460370 71232
001460371 75072
001460372 58544
001460373 113040
001460374 67360
001460375 71392
001460376 100800
001460377 48480
001460378 101440
001460379 67040
001460380 80320
001460381 78400
001460382 87200
001460383 42480
001460384 105920
001460385 40160
001460386 90880
001460387 81920
001460388 67104
001460389 43680
001460390 72480
001460391 105600
001460392 82208
001460393 49328
001460394 103040
001460395 38336
001460396 42640
001460397 122080
001460398 55328
001460399 77120
001460400 84640
001461402 65920
001461403 59840
001461404 74656
001461405 59680
001461406 50560
001461407 55360
001461408 69920
001461409 46880
001461410 72640
001461411 70720
001461412 71520
001461413 33248
001461414 66720
001461415 46240
001461416 63680
001461417 100000
001461418 50880
001461419 46880
001461420 42400
001461421 35984
001461422 45648
001461423 38880
001461424 51056
001461425 48960
001461426 49600
001461427 70400
001461428 46080
001461429 44000
001461430 57840
001461431 38080
001461432 76800
001461433 70240
001461434 52960
001461435 58960
001461436 63136
001461437 50528
001461438 61440
001461439 71648
001461440 36944
001461441 56000
001461442 64640
001461443 71040
001461444 66400
001461445 55360
001461446 77600
001461447 56160
001461448 54240
001461449 57360
001461450 60960
001461451 72000
001461452 73760
001461453 67680
001461454 39456
001461455 70880
001461456 71520
001461457 61600
001461458 69600
001461459 46016
001461460 67520
001461461 58080
001461462 40080
001461463 82880
001461464 66240
001461465 55200
001461466 54560
001461467 49600
001461468 57120
001461469 55248
001461470 54720
001461471 45280
001461472 56432
001461473 43184
001461474 46512
001461475 57456
001461476 57760
001461477 62176
001461478 47168
001461479 60160
001461480 86880
001461481 65760
001461482 49440
001461483 48160
001461484 46720
001461485 46688
001461486 48176
001461487 60000
001461488 44352
001461489 76000
001461490 44480
001461491 53280
001461492 66880
001461493 44800
001461494 45408
001461495 50560
001461496 63360
001461497 49120
001461498 62192
001461499 58736
001461500 62720
001461501 67680
001461502 35680
001461503 50560
001461504 55040
001461505 58240
001461506 56640
001461507 56592
001461508 115056
001461509 82224
001461510 134208
001461511 38480
001461512 80320
001461513 87040
001461514 101600
001461515 68800
001461516 84960
001461517 110560
001461518 66560
001461519 77920
001461520 47520
001461521 73280
001461522 73552
001461523 39232
001461524 95840
001461525 53408
001461526 75200
001461527 66016
001461528 76480
001461529 55040
001461530 88800
001461531 67360
001461532 91840
001461533 72848
001461534 89760
001461535 114240
001461536 122992
001461537 49440
001461538 57264
001461539 69760
001461540 76864
001461541 72192
001461542 88016
001461543 82720
001461544 85664
001461545 74800
001461546 50240
001461547 56800
001461548 60096
001461549 78560
001461550 53232
001461551 64944
001461552 74560
001461553 56000
001461554 50880
001461555 87680
001461556 56960
001461559 70704
001461560 136320
001461561 61280
001461562 136640
001461563 60320
001461564 43424
001461565 78720
001461566 36640
001461567 76960
001461568 50560
001461569 81888
001461570 70416
001461571 100640
001461572 83520
001461573 109600
001461574 110240
001461575 97760
001461576 85120
001461577 39344
001461578 105440
001461579 68160
001461580 38080
001461581 54400
001461582 95040
001461583 116000
001461584 42528
001461585 72480
001461586 71552
001461587 77760
001461588 79840
001461589 102880
001461590 60016
001461591 92480
001461592 89856
001461593 58128
001461594 60416
001461595 115680
001461596 53840
001461597 86720
001461598 44448
001461599 102240
001461600 71584
001461601 65760
001461602 107200
001461603 72560
001461604 78416
001461605 91424
001461606 58880
001461607 81280
001461608 84800
001461609 102400
001461610 96160
001461611 51344
001461612 73152
001461613 79632
001461614 88320
001461615 38560
001461616 118880
001461617 111360
001461618 72960
001461619 39648
001461620 55104
001461621 100176
001461622 41440
001461623 78720
001461624 75360
001461625 63200
001461626 95040
001461627 114640
001461628 100400
001461629 136480
001461630 133280
001461631 87104
001461632 62240
001461633 83360
001461634 111360
001461635 72160
001461636 56160
001461637 105280
001461638 74128
001461639 40096
001461640 154240
001461641 68160
001461642 104000
001461643 156640
001461644 63392
001461645 49760
001461646 56720
001461647 96160
001461648 68000
001461649 44320
001461650 74880
001461651 69968
001461652 49280
001461653 43584
001461654 76352
001461655 44160
001461656 77280
001461657 109120
001461658 76032
001461659 110608
001461660 73440
001461661 68432
001461662 91200
001461663 42400
001461664 84320
001461665 92640
001461666 89184
001461667 80000
001461668 116304
001461669 44352
001461670 74288
001461671 63040
001461672 85120
001461673 74192
001461674 94240
001461675 68000
001461676 73760
001461677 82224
001461678 44736
001461679 80480
001461680 92464
001461681 87360
001461682 84736
001461683 42256
001461684 102880
001461685 61280
001461686 42848
001461687 38256
001461688 84400
001461689 75200
001461690 83680
001461691 82912
001461692 44880
001461693 92160
001461694 70560
001461695 62880
001461696 47104
001461697 91040
001461698 81856
001461699 84496
001461701 64800
001461703 96160
001461704 51712
001461705 39168
001461706 47712
001461707 116640
001461708 110880
001461709 46800
001461710 45760
001461711 41600
001461712 87680
001461713 117760
001461714 66608
001461715 104000
001461716 43920
001461717 61008
001461718 110240
001461719 72640
001461720 72592
001461721 46480
001461722 57760
001461723 82720
001461724 88816
001461725 39680
001461726 43520
001461727 57600
001461728 57440
001461729 49600
001461730 106400
001461731 116576
001461732 87872
001461733 51680
001461734 43840
001461735 97920
001461736 79040
001461737 76960
001461738 58512
001461739 47296
001461740 84800
001461741 91200
001461742 78496
001461743 63040
001461744 40448
001461745 103040
001461746 69120
001461747 91200
001461748 85280
001461749 158080
001461750 88000
001461751 113600
001461752 102048
001461753 63040
001461754 83040
001461755 109120
001461756 94976
001461757 86464
001461758 66384
001461759 104960
001461760 97472
001461761 69056
001461762 88480
001461763 48768
001461764 67104
001461765 74272
001461766 92176
001461767 75680
001461768 105760
001461769 53280
001461770 194720
001461771 46928
001461772 97120
001461773 53440
001461774 71200
001461775 126896
001461776 71072
001461777 59632
001461778 93600
001461779 39024
001461780 80000
001461781 112464
001461782 72080
001461783 129919
001461784 56208
001461785 105920
001461786 138080
001461787 95120
001461788 76224
001461789 116160
001461790 85920
001461791 106080
001461792 85120
001461793 101088
001461794 65184
001461795 120960
001461796 79520
001461797 82960
001461798 68368
001461799 94032
001461800 110384
001470001 53120
001470002 133440
001470003 87200
001470004 109600
001470005 130400
001470006 85760
001470007 95520
001470008 82432
001470009 69440
001470010 90080
001470011 77120
001470012 120800
001470013 75760
001470014 125760
001470016 143360
001470017 77760
001470018 83920
001470019 121872
001470020 71680
001470021 46880
001470022 58304
001470024 63280
001470025 79680
001470026 53280
001470027 54240
001470028 47200
001470029 58400
001470030 67760
001470031 75680
001470032 62400
001470033 78240
001470034 89696
001470035 38736
001470036 54560
001470037 78560
001470038 51984
001470039 57120
001470040 65600
001470041 29440
001470042 35520
001470043 57600
001470044 42384
001470045 42496
001470046 42336
001470047 41760
001470048 75520
001470049 49920
001470050 55040
001470051 40576
001470052 66080
001470053 39440
001470054 35344
001470055 51088
001470056 78144
001470057 66720
001470058 62144
001470059 55360
001470060 59040
001470061 56480
001470062 53408
001470063 75360
001470064 60960
001470065 57280
001470066 50304
001470067 49616
001470068 68720
001470069 61440
001470070 59088
001470071 51360
001470072 62400
001470073 67680
001470074 65280
001470075 55840
001470076 105120
001470077 52960
001470078 79040
001470079 68160
001470080 45200
001470081 50720
001470082 87520
001470083 64800
001470084 64480
001470085 67584
001470086 68480
001470087 68640
001470088 66768
001470089 93760
001470090 80800
001470091 78512
001470092 105760
001470093 72320
001470094 59360
001470095 65120
001470096 63360
001470097 61280
001470098 76160
001470099 65648
001470100 76032
001470101 107840
001470102 65471
001470103 73872
001470104 79408
001470105 119680
001470106 96640
001470107 60960
001470108 66720
001470109 63136
001470110 97600
001470111 56160
001470112 73920
001470113 157248
001470114 58416
001470115 81456
001470116 51712
001470117 55040
001470118 44384
001470119 110720
001470120 61440
001470121 44336
001470122 42640
001470123 130080
001470124 109696
001470125 45664
001470126 93920
001470127 68288
001470128 71520
001470129 115680
001470130 92480
001470131 116416
001470132 50400
001470133 78144
001470134 64495
001470135 86080
001470136 85280
001470137 96672
001470138 61744
001470139 42480
001470140 56464
001470141 55168
001470142 110400
001470143 62080
001470144 121280
001470145 114336
001470146 57312
001470147 91840
001470148 77168
001470149 94640
001470150 67152
001470151 48448
001470152 80320
001470153 95680
001470154 130240
001470155 95520
001470156 128639
001470157 110048
001470158 115200
001470159 95264
001470160 79504
001470161 106080
001470162 79520
001470163 104640
001470164 102720
001470165 56640
001470166 53280
001470167 94512
001470168 67680
001470169 64959
001470170 88992
001470171 46768
001470172 110704
001470173 123200
001470174 123520
001470175 81440
001470176 73920
001470177 78080
001470178 67456
001470179 75312
001470180 81760
001470181 112160
001470182 90528
001470183 65760
001470184 116656
001470185 67344
001470186 52640
001470187 38784
001470188 109152
001470189 118240
001470190 79200
001470191 52000
001470192 128960
001470193 65360
001470194 87248
001470195 81280
001470196 70080
001470197 77200
001470198 70000
001470199 95840
001470200 63520
001470201 108960
001470202 104240
001470203 49584
001470204 76640
001470205 43680
001470206 45936
001470207 123040
001470208 83248
001470209 77360
001470210 93760
001470211 43968
001470212 63040
001470213 118272
001470214 127840
001470215 48320
001470216 66048
001470217 113120
001470218 88960
001470219 101760
001470220 109120
001470221 72480
001470222 105760
001470223 96400
001470224 115040
001470225 61600
001470226 54560
001470227 105600
001470228 99360
001470229 104000
001470230 125856
001470231 78080
001470232 125920
001470233 87200
001470234 96928
001470235 94720
001470236 43520
001470238 53104
001470239 99584
001470240 64928
001470241 109600
001470242 109760
001470243 64319
001470244 60864
001470245 86880
001470246 104640
001470247 76960
001470248 90080
001470249 82240
001470251 97600
001470252 59936
001470253 64800
001470254 64800
001470255 90992
001470256 92976
001470257 116160
001470258 113600
001470259 98672
001470260 110720
001470261 42080
001470262 70240
001470263 75040
001470264 38592
001470265 38224
001470266 106864
001470267 53600
001470268 67200
001470269 73920
001470270 105776
001470271 56688
001470272 125120
001470273 61440
001470274 106080
001470275 59600
001470276 61120
001470277 75040
001470278 114560
001470279 76112
001470280 88000
001470281 122880
001470282 81120
001470283 136640
001470284 135104
001470285 122320
001470286 69760
001470287 58496
001470288 107360
001470289 78128
001470290 68576
001470291 73600
001470292 89920
001470293 85440
001470294 84960
001470295 87680
001470296 37104
001470297 99808
001470298 108800
001470299 88000
001470300 90880
001470301 115360
001470302 74720
001470303 95200
001470304 79200
001470305 93488
001470306 117648
001470307 99584
001470308 122720
001470309 96800
001470310 57552
001470311 63680
001470312 89440
001470313 54624
001470314 74720
001470315 75296
001470316 74096
001470317 124320
001470318 73520
001470319 65263
001470320 69392
001470321 60176
001470322 62720
001470323 95152
001470324 105280
001470325 102048
001470326 93920
001470327 70976
001470328 135984
001470329 61472
001470330 83760
001470331 85120
001470332 59168
001470333 129759
001470334 52880
001470335 69568
001470336 86384
001470337 43104
001470338 101904
001470339 113504
001470340 86192
001470341 58240
001470342 86880
001470343 151520
001470344 92160
001470345 152544
001470346 137760
001470347 87920
