001381547 18
001381548 30
001381549 33
001381550 18
001381551 14
001381552 18
001381553 32
001381554 9
001381555 13
001381556 28
001381557 8
001381558 24
001381559 24
001381560 27
001381561 29
001381562 17
001381563 16
001381564 15
001381565 18
001381566 13
001381567 18
001381568 10
001381569 20
001381571 19
001381572 23
001381573 30
001381574 16
001381575 15
001381576 10
001381577 17
001381578 10
001381579 22
001381580 31
001381581 26
001381582 20
001381583 30
001381584 25
001381585 7
001381586 18
001381587 39
001381588 23
001381589 14
001381590 11
001381591 34
001381592 22
001381593 12
001381594 8
001381595 7
001381596 23
001381597 15
001381598 25
001381600 24
001381601 9
001381602 10
001381603 15
001381604 22
001381605 15
001381606 15
001381607 12
001381608 29
001381609 18
001381610 39
001381611 15
001381612 28
001381613 13
001381614 13
001381615 21
001381616 8
001381617 6
001381618 10
001381619 27
001381620 15
001381621 14
001381622 33
001381623 7
001381624 27
001381625 5
001381626 8
001381627 26
001381628 13
001381629 21
001381630 36
001381631 14
001381632 11
001381633 38
001381634 35
001381635 25
001381636 18
001381637 12
001381638 25
001381639 20
001381640 13
001381641 13
001381642 29
001381643 19
001381644 16
001381645 26
001381646 13
001381647 29
001381648 20
001381649 6
001381650 13
001381651 17
001381652 25
001381653 17
001381654 7
001381655 30
001381656 33
001381657 6
001381658 28
001381659 26
001381661 29
001381662 16
001381663 7
001381664 17
001381665 32
001381666 17
001381667 16
001381668 22
001381669 9
001381670 27
001381671 8
001381672 13
001381673 27
001381674 24
001381675 11
001381676 14
001381677 8
001381678 28
001381679 22
001381680 25
001381681 16
001381682 27
001381683 11
001381684 26
001381685 18
001381686 29
001381687 11
001381688 39
001381689 15
001381690 17
001381691 6
001381692 20
001381693 21
001381694 21
001381695 16
001381696 15
001381697 26
001381698 11
001381699 32
001381700 7
001381701 30
001381702 7
001381703 12
001381704 23
001381705 26
001381706 24
001381707 27
001381708 20
001381710 16
001381711 20
001381712 20
001381713 14
001381714 10
001381715 30
001381716 29
001381717 24
001381718 15
001381719 29
001381720 27
001381721 31
001381722 15
001381723 8
001381724 19
001381725 11
001381726 15
001381727 23
001381728 20
001381729 27
001381730 7
001381731 26
001381732 15
001381733 18
001381734 32
001381735 16
001381736 22
001381737 41
001381738 11
001381739 13
001381740 19
001381741 7
001381742 17
001381743 26
001381744 19
001381745 21
001381746 21
001381747 32
001381748 28
001381749 10
001381750 10
001381751 24
001381752 15
001381753 15
001381754 19
001381755 23
001381756 20
001381757 22
001381758 15
001381759 28
001381760 17
001381761 20
001381763 20
001381764 31
001381765 19
001381766 25
001381767 5
001381768 23
001381769 18
001381770 32
001381771 10
001381772 25
001381773 9
001381774 12
001381775 40
001381776 6
001381777 6
001381778 10
001381779 28
001381780 38
001381781 24
001381783 18
001381784 14
001381785 19
001381786 21
001381787 32
001381788 21
001381789 20
001381790 13
001381791 23
001381792 25
001381793 12
001381794 29
001381795 6
001381796 5
001381797 20
001381798 35
001381799 31
001381800 17
001390001 10
001390002 41
001390003 16
001390004 33
001390005 35
001390006 21
001390007 30
001390008 24
001390009 14
001390010 27
001390011 26
001390012 34
001390013 20
001390014 43
001390016 46
001390017 17
001390018 25
001390019 42
001390020 23
001390021 7
001390024 12
001390025 20
001390026 8
001390027 12
001390028 8
001390029 11
001390030 14
001390031 15
001390032 19
001390033 20
001390034 20
001390036 8
001390037 17
001390038 10
001390039 11
001390040 15
001390041 4
001390042 4
001390043 14
001390044 10
001390045 6
001390046 9
001390047 10
001390048 15
001390049 7
001390050 14
001390052 17
001390053 8
001390054 7
001390055 12
001390056 13
001390057 16
001390058 14
001390059 9
001390060 14
001390061 17
001390063 20
001390064 13
001390065 18
001390066 8
001390067 11
001390068 13
001390069 20
001390070 19
001390071 14
001390072 12
001390073 15
001390074 14
001390076 18
001390077 7
001390078 20
001390079 14
001390080 10
001390081 13
001390082 17
001390083 20
001390084 13
001390085 11
001390086 15
001390087 15
001390088 15
001390089 21
001390090 22
001390091 15
001390092 35
001390093 16
001390094 13
001390095 14
001390096 14
001390097 13
001390098 19
001390099 17
001390100 17
001390101 10
001390102 13
001390103 16
001390104 23
001390105 9
001390106 10
001390107 13
001390108 9
001390109 26
001390110 19
001390111 10
001390112 29
001390113 21
001390114 31
001390115 8
001390116 22
001390118 7
001390120 15
001390121 25
001390122 20
001390123 20
001390124 27
001390125 32
001390126 33
001390128 6
001390129 23
001390130 13
001390131 20
001390132 33
001390133 15
001390134 13
001390136 23
001390137 13
001390138 23
001390139 17
001390140 12
001390141 16
001390143 16
001390145 19
001390146 28
001390147 7
001390148 21
001390150 14
001390152 32
001390153 8
001390154 25
001390156 22
001390157 30
001390158 12
001390159 6
001390161 27
001390162 13
001390163 15
001390164 21
001390165 17
001390166 24
001390167 30
001390168 16
001390169 22
001390170 13
001390171 14
001390172 16
001390173 20
001390174 10
001390175 35
001390176 21
001390177 19
001390178 19
001390180 18
001390181 6
001390182 15
001390183 38
001390184 39
001390185 16
001390186 26
001390187 9
001390188 20
001390189 33
001390190 7
001390191 6
001390192 12
001390193 5
001390194 27
001390195 11
001390196 17
001390197 33
001390198 14
001390199 34
001390200 21
001390202 25
001390203 34
001390204 15
001390205 24
001390206 15
001390208 14
001390209 25
001390210 23
001390211 19
001390212 33
001390213 5
001390214 14
001390215 23
001390216 25
001390217 16
001390218 10
001390219 9
001390221 21
001390222 13
001390223 18
001390224 15
001390225 20
001390226 16
001390227 5
001390228 27
001390229 23
001390230 10
001390231 6
001390232 28
001390233 29
001390234 24
001390235 24
001390236 25
001390237 15
001390238 19
001390239 16
001390240 16
001390241 24
001390243 23
001390244 24
001390245 28
001390246 15
001390247 14
001390248 16
001390250 21
001390251 21
001390252 16
001390253 19
001390254 34
001390255 18
001390256 17
001390257 21
001390258 17
001390259 27
001390260 41
001390261 32
001390262 26
001390264 25
001390265 18
001390266 18
001390267 7
001390268 31
001390269 17
001390270 29
001390271 26
001390272 24
001390274 19
001390275 24
001390276 8
001390277 12
001390278 21
001390279 23
001390281 17
001390282 36
001390283 17
001390284 9
001390285 30
001390286 11
001390287 10
001390288 6
001390289 11
001390291 27
001390292 19
001390293 25
001390294 34
001390295 25
001390296 13
001390297 16
001390298 19
001390299 29
001390300 21
001390301 24
001390302 22
001390303 8
001390304 15
001390305 15
001390306 38
001390307 23
001390308 13
001390309 13
001390310 20
001390311 14
001390312 12
001390313 19
001390314 29
001390316 26
001390317 34
001390318 21
001390319 20
001390320 27
001390321 19
001390322 14
001390323 30
001390324 26
001390325 36
001390326 6
001390327 20
001390328 17
001390329 17
001390330 7
001390331 19
001390332 27
001390333 38
001390334 29
001390335 19
001390336 24
001390337 21
001390338 16
001390339 22
001390342 12
001390343 22
001390344 31
001390345 7
001390346 19
001390347 12
001390348 13
001390349 27
001390350 19
001390351 23
001390352 18
001390353 24
001390354 18
001390355 10
001390357 17
001390359 23
001390360 12
001390361 23
001390363 10
001390364 22
001390365 13
001390367 24
001390368 18
001390369 13
001390370 35
001390371 21
001390372 16
001390375 13
001390376 15
001390377 9
001390378 16
001390379 27
001390380 12
001390381 9
001390382 19
001390383 18
001390384 10
001390385 30
001390386 28
001390387 37
001390388 15
001390389 8
001390390 18
001390391 7
001390392 34
001390393 17
001390394 5
001390395 21
001390396 32
001390397 28
001390398 6
001390399 14
001390400 30
001391401 12
001391402 18
001391403 18
001391404 21
001391405 13
001391406 15
001391407 17
001391408 16
001391409 10
001391411 19
001391412 26
001391413 11
001391414 19
001391415 11
001391416 13
001391417 27
001391418 12
001391419 16
001391420 14
001391421 8
001391422 13
001391423 10
001391424 15
001391425 10
001391426 12
001391427 28
001391428 10
001391429 15
001391430 17
001391431 14
001391432 20
001391433 19
001391434 14
001391435 10
001391436 12
001391437 12
001391438 16
001391440 8
001391441 17
001391442 20
001391443 17
001391444 19
001391445 15
001391447 11
001391448 16
001391449 12
001391450 16
001391451 21
001391452 25
001391453 15
001391456 20
001391457 13
001391458 23
001391459 15
001391460 15
001391461 16
001391462 14
001391463 21
001391464 16
001391465 13
001391466 19
001391467 9
001391468 15
001391470 18
001391471 14
001391472 21
001391473 12
001391474 8
001391475 20
001391476 13
001391477 13
001391478 14
001391479 17
001391480 33
001391481 12
001391482 14
001391483 17
001391484 15
001391485 10
001391487 18
001391488 15
001391489 25
001391490 13
001391491 15
001391492 16
001391494 13
001391495 12
001391496 21
001391497 15
001391498 15
001391499 14
001391500 18
001391501 15
001391503 29
001391504 33
001391505 17
001391508 12
001391511 23
001391512 13
001391513 19
001391515 9
001391516 17
001391517 17
001391518 8
001391519 16
001391520 20
001391521 21
001391522 13
001391523 27
001391524 18
001391525 18
001391526 11
001391527 22
001391528 18
001391529 25
001391530 19
001391531 27
001391533 14
001391534 21
001391535 19
001391536 13
001391537 23
001391539 14
001391540 23
001391541 19
001391542 22
001391543 5
001391544 31
001391545 14
001391547 9
001391548 22
001391550 29
001391551 15
001391552 21
001391553 18
001391554 36
001391555 19
001391556 22
001391557 11
001391558 14
001391559 13
001391560 26
001391561 36
001391563 21
001391564 17
001391565 29
001391567 34
001391568 14
001391570 11
001391571 27
001391572 17
001391573 14
001391575 12
001391576 8
001391577 19
001391578 20
001391579 17
001391580 19
001391581 26
001391582 17
001391583 24
001391584 45
001391585 17
001391586 17
001391587 14
001391588 25
001391590 15
001391591 8
001391592 16
001391593 27
001391594 37
001391595 8
001391596 12
001391599 23
001391600 9
001391601 19
001391604 11
001391606 11
001391608 6
001391609 10
001391611 18
001391612 36
001391614 20
001391615 10
001391616 32
001391618 10
001391619 25
001391621 26
001391622 30
001391623 11
001391625 29
001391626 10
001391627 10
001391628 24
001391629 28
001391630 9
001391631 8
001391632 15
001391633 19
001391634 19
001391635 8
001391636 13
001391639 8
001391640 8
001391641 13
001391642 17
001391643 28
001391644 9
001391645 28
001391646 19
001391647 26
001391649 30
001391650 13
001391651 19
001391652 18
001391653 13
001391654 9
001391655 20
001391656 10
001391657 9
001391658 18
001391659 24
001391660 7
001391662 27
001391665 28
001391666 24
001391667 16
001391668 23
001391669 12
001391670 19
001391671 24
001391672 20
001391673 17
001391674 23
001391677 18
001391678 21
001391679 19
001391680 23
001391681 21
001391682 16
001391683 24
001391684 7
001391685 8
001391686 21
001391688 13
001391689 9
001391691 17
001391693 12
001391694 31
001391695 27
001391697 20
001391698 9
001391699 6
001391700 13
001391701 13
001391703 15
001391704 16
001391707 12
001391708 24
001391709 22
001391710 17
001391711 14
001391712 23
001391713 19
001391715 8
001391716 24
001391717 21
001391718 19
001391719 13
001391721 15
001391722 15
001391723 30
001391724 15
001391725 8
001391726 30
001391727 30
001391728 27
001391730 14
001391731 23
001391732 13
001391733 20
001391734 25
001391735 12
001391736 32
001391737 18
001391738 27
001391739 20
001391740 13
001391741 12
001391743 33
001391744 22
001391745 21
001391748 22
001391749 21
001391750 22
001391751 25
001391752 14
001391753 31
001391754 28
001391756 27
001391758 16
001391759 22
001391763 16
001391764 26
001391765 26
001391767 27
001391768 15
001391769 17
001391770 13
001391772 6
001391773 8
001391774 39
001391775 19
001391776 31
001391781 38
001391782 31
001391783 20
001391784 22
001391785 34
001391786 22
001391787 21
001391788 18
001391792 17
001391793 29
001391796 21
001391797 17
001391798 13
001391799 12
001391800 12
001400001 10
001400002 41
001400003 16
001400004 33
001400005 35
001400007 30
001400008 24
001400009 14
001400010 27
001400011 20
001400012 34
001400013 20
001400014 37
001400015 27
001400016 46
001400017 18
001400018 25
001400019 42
001400021 7
001400022 11
001400023 14
001400024 12
001400025 20
001400026 8
001400027 12
001400028 8
001400029 11
001400030 14
001400031 15
001400032 19
001400033 20
001400034 20
001400035 7
001400036 8
001400037 17
001400038 10
001400039 11
001400040 14
001400041 4
001400042 4
001400043 14
001400044 10
001400045 6
001400046 9
001400047 10
001400048 15
001400049 7
001400050 14
001400051 11
001400052 17
001400053 8
001400054 7
001400055 12
001400056 13
001400057 16
001400058 14
001400059 8
001400060 14
001400061 17
001400062 11
001400063 20
001400064 13
001400065 18
001400066 8
001400067 11
001400068 13
001400069 20
001400070 19
001400071 14
001400072 12
001400073 15
001400074 14
001400075 13
001400076 18
001400077 7
001400078 20
001400079 14
001400080 10
001400081 13
001400082 17
001400083 14
001400084 13
001400085 11
001400086 14
001400087 15
001400088 15
001400089 21
001400090 22
001400091 15
001400092 35
001400093 16
001400094 13
001400095 14
001400096 14
001400097 13
001400098 19
001400099 17
001400100 17
001400101 30
001400102 8
001400103 9
001400104 38
001400105 11
001400106 21
001400107 10
001400108 17
001400109 7
001400110 6
001400111 10
001400112 22
001400113 11
001400114 17
001400115 14
001400116 14
001400117 13
001400118 12
001400119 12
001400120 13
001400121 17
001400122 17
001400123 24
001400124 20
001400125 18
001400126 21
001400127 14
001400128 26
001400129 16
001400131 26
001400132 22
001400133 5
001400134 20
001400135 9
001400136 21
001400137 12
001400138 33
001400139 28
001400140 26
001400141 10
001400142 10
001400143 16
001400144 15
001400145 23
001400146 15
001400147 25
001400148 13
001400149 12
001400150 9
001400151 11
001400152 14
001400153 20
001400154 15
001400155 23
001400156 16
001400157 34
001400158 20
001400159 16
001400160 7
001400161 12
001400162 18
001400163 19
001400164 29
001400165 6
001400166 6
001400167 19
001400168 31
001400169 17
001400170 18
001400172 29
001400173 20
001400174 15
001400175 6
001400176 24
001400177 22
001400178 12
001400179 17
001400180 27
001400181 32
001400182 16
001400183 23
001400184 12
001400185 10
001400186 11
001400187 22
001400188 18
001400189 15
001400190 23
001400191 21
001400192 20
001400193 12
001400194 26
001400195 11
001400196 10
001400197 23
001400198 34
001400199 14
001400200 9
001400201 14
001400202 31
001400203 16
001400204 7
001400205 28
001400206 17
001400207 24
001400208 30
001400209 20
001400210 15
001400211 17
001400212 8
001400213 30
001400214 25
001400215 31
001400216 19
001400217 44
001400218 10
001400219 25
001400221 17
001400222 55
001400223 29
001400224 23
001400225 16
001400226 6
001400227 21
001400228 15
001400229 18
001400230 29
001400231 14
001400232 15
001400233 37
001400234 20
001400235 24
001400236 14
001400237 19
001400238 21
001400239 34
001400240 29
001400241 10
001400242 21
001400243 35
001400244 24
001400246 16
001400247 22
001400248 17
001400249 29
001400250 24
001400251 24
001400252 10
001400253 23
001400254 28
001400255 10
001400257 37
001400258 16
001400259 16
001400260 13
001400261 19
001400262 14
001400263 25
001400264 23
001400265 16
001400266 9
001400267 14
001400268 12
001400269 39
001400270 20
001400271 9
001400272 24
001400273 22
001400274 23
001400275 24
001400276 21
001400277 14
001400278 14
001400279 21
001400280 25
001400281 15
001400282 29
001400283 20
001400284 27
001400285 14
001400286 17
001400287 28
001400288 22
001400289 22
001400291 21
001400292 18
001400293 11
001400294 20
001400295 6
001400296 10
001400297 24
001400298 19
001400299 30
001400300 25
001400301 21
001400302 24
001400303 15
001400304 9
001400305 20
001400306 16
001400307 15
001400308 15
001400309 15
001400310 9
001400311 16
001400312 29
001400313 20
001400314 45
001400315 8
001400316 21
001400317 12
001400318 25
001400319 17
001400320 17
001400321 29
001400322 21
001400323 22
001400324 34
001400325 17
001400326 23
001400327 39
001400328 22
001400329 22
001400330 23
001400331 35
001400332 24
001400333 39
001400334 15
001400335 30
001400336 10
001400337 26
001400338 23
001400339 8
001400340 26
001400341 10
001400342 40
001400343 30
001400344 15
001400345 19
001400346 23
001400347 16
001400348 16
001400349 6
001400350 18
001400351 39
001400352 13
001400353 11
001400354 25
001400355 30
001400356 18
001400357 23
001400358 7
001400359 12
001400360 30
001400362 25
001400363 6
001400364 24
001400365 6
001400366 39
001400367 31
001400368 7
001400369 34
001400370 18
001400371 34
001400372 17
001400373 12
001400374 9
001400375 28
001400376 13
001400377 5
001400378 25
001400379 19
001400380 32
001400381 7
001400382 31
001400383 13
001400384 19
001400385 12
001400386 46
001400387 12
001400388 27
001400389 9
001400390 11
001400391 19
001400392 19
001400393 22
001400394 14
001400395 21
001400396 23
001400397 24
001400398 27
001400399 18
001400400 11
001401401 12
001401402 18
001401403 13
001401404 20
001401405 13
001401406 15
001401407 17
001401408 16
001401409 10
001401410 19
001401411 25
001401412 21
001401413 6
001401414 19
001401415 11
001401416 19
001401417 27
001401418 12
001401419 22
001401420 13
001401421 8
001401422 13
001401423 10
001401424 15
001401425 10
001401426 12
001401427 20
001401428 9
001401429 21
001401430 23
001401431 20
001401432 26
001401433 19
001401434 19
001401435 16
001401436 12
001401437 12
001401438 15
001401439 18
001401440 8
001401441 17
001401442 26
001401443 17
001401444 19
001401445 15
001401446 21
001401447 11
001401448 16
001401449 9
001401450 22
001401451 25
001401452 25
001401453 21
001401454 6
001401455 22
001401456 26
001401457 13
001401458 23
001401459 15
001401460 15
001401461 14
001401462 20
001401463 21
001401464 18
001401465 19
001401466 25
001401467 9
001401468 14
001401469 19
001401470 24
001401471 20
001401472 20
001401473 12
001401474 8
001401475 20
001401476 13
001401477 18
001401478 20
001401479 17
001401480 39
001401481 18
001401482 14
001401483 23
001401484 21
001401485 10
001401486 8
001401487 24
001401488 13
001401489 23
001401490 19
001401491 15
001401492 16
001401493 11
001401494 13
001401495 12
001401496 21
001401497 20
001401498 21
001401499 14
001401500 24
001401501 15
001401502 31
001401503 15
001401504 13
001401505 13
001401506 22
001401507 25
001401508 26
001401509 10
001401510 20
001401511 41
001401512 20
001401513 18
001401514 36
001401515 13
001401516 16
001401517 7
001401518 22
001401519 29
001401520 10
001401521 15
001401522 14
001401523 18
001401524 19
001401525 23
001401526 18
001401527 22
001401528 18
001401530 35
001401531 27
001401532 10
001401533 31
001401534 9
001401535 32
001401536 14
001401537 20
001401538 29
001401539 26
001401540 22
001401541 15
001401542 20
001401543 18
001401544 37
001401545 36
001401546 16
001401547 17
001401548 13
001401549 17
001401550 29
001401551 45
001401552 16
001401553 6
001401554 15
001401555 32
001401556 39
001401557 20
001401558 25
001401559 23
001401560 32
001401561 18
001401562 7
001401564 19
001401565 17
001401566 22
001401567 24
001401568 8
001401569 35
001401570 16
001401571 12
001401572 12
001401573 25
001401574 16
001401575 17
001401576 18
001401577 8
001401578 31
001401579 21
001401580 29
001401581 14
001401582 15
001401583 17
001401584 30
001401585 38
001401586 14
001401587 26
001401588 9
001401589 13
001401590 31
001401591 9
001401592 29
001401593 6
001401594 18
001401595 17
001401596 15
001401597 36
001401598 22
001401599 15
001401600 21
001401601 11
001401602 38
001401603 33
001401604 20
001401605 9
001401606 37
001401607 15
001401608 16
001401609 10
001401610 18
001401611 26
001401612 10
001401613 10
001401614 30
001401615 13
001401616 21
001401617 15
001401618 13
001401619 14
001401620 20
001401621 24
001401622 18
001401625 18
001401626 30
001401627 13
001401628 15
001401629 14
001401630 10
001401631 27
001401632 20
001401633 21
001401634 6
001401635 13
001401636 16
001401637 36
001401638 10
001401639 13
001401640 12
001401641 14
001401642 8
001401643 12
001401644 28
001401646 21
001401647 27
001401648 26
001401649 26
001401650 17
001401651 7
001401652 18
001401653 18
001401654 36
001401655 17
001401656 13
001401657 7
001401658 21
001401659 18
001401660 10
001401661 11
001401662 11
001401663 24
001401664 26
001401665 19
001401666 6
001401667 18
001401669 44
001401670 22
001401671 23
001401672 10
001401673 18
001401674 18
001401675 19
001401676 10
001401677 12
001401678 15
001401679 24
001401680 16
001401681 15
001401682 15
001401683 26
001401684 9
001401685 13
001401686 19
001401687 24
001401688 22
001401689 17
001401690 22
001401691 7
001401692 17
001401693 14
001401694 22
001401695 27
001401696 20
001401697 19
001401698 32
001401699 10
001401700 37
001401701 24
001401702 24
001401703 13
001401704 16
001401705 24
001401706 7
001401707 13
001401708 6
001401709 24
001401710 7
001401711 10
001401712 16
001401713 20
001401714 12
001401715 8
001401716 20
001401717 20
001401718 34
001401719 28
001401720 20
001401721 28
001401722 29
001401723 14
001401724 8
001401725 18
001401726 7
001401727 29
001401728 10
001401729 9
001401730 13
001401731 12
001401732 21
001401733 16
001401734 19
001401735 16
001401736 10
001401737 12
001401738 32
001401739 17
001401740 20
001401741 34
001401742 14
001401743 25
001401744 32
001401745 23
001401747 17
001401748 28
001401749 11
001401750 9
001401751 27
001401752 30
001401753 23
001401754 27
001401755 31
001401757 7
001401758 7
001401759 26
001401760 35
001401761 40
001401762 30
001401763 8
001401764 20
001401765 27
001401766 18
001401767 8
001401768 17
001401769 18
001401770 15
001401771 23
001401772 22
001401773 10
001401774 15
001401775 11
001401776 19
001401777 11
001401778 30
001401779 21
001401782 24
001401783 28
001401784 18
001401785 14
001401786 9
001401787 13
001401788 18
001401789 24
001401790 17
001401791 20
001401792 9
001401793 13
001401794 20
001401795 19
001401796 28
001401797 16
001401798 17
001401799 31
001401800 14
001410001 10
001410002 41
001410003 16
001410004 33
001410005 35
001410006 21
001410007 30
001410008 24
001410009 14
001410010 27
001410011 20
001410012 34
001410013 20
001410014 37
001410015 27
001410016 46
001410017 17
001410018 25
001410019 42
001410020 23
001410021 7
001410022 11
001410023 20
001410024 12
001410025 20
001410026 8
001410027 12
001410028 8
001410029 11
001410030 14
001410031 15
001410032 19
001410033 20
001410034 22
001410035 7
001410036 8
001410037 17
001410038 10
001410039 11
001410040 14
001410042 4
001410043 14
001410044 10
001410045 6
001410046 9
001410047 10
001410048 15
001410049 7
001410050 14
001410051 11
001410052 17
001410053 8
001410054 7
001410055 12
001410056 13
001410057 16
001410058 14
001410059 9
001410060 13
001410061 16
001410062 11
001410063 20
001410064 13
001410065 18
001410066 8
001410067 11
001410068 13
001410069 20
001410070 19
001410071 14
001410072 12
001410073 15
001410074 14
001410075 13
001410076 18
001410077 7
001410078 20
001410079 14
001410080 10
001410081 13
001410082 17
001410083 14
001410084 12
001410085 10
001410086 14
001410087 15
001410088 15
001410089 21
001410090 22
001410091 15
001410092 35
001410093 16
001410094 13
001410095 14
001410096 14
001410097 13
001410098 19
001410099 17
001410100 17
001410101 18
001410102 15
001410103 16
001410104 7
001410105 16
001410106 15
001410107 18
001410108 25
001410110 7
001410111 24
001410112 31
001410113 13
001410114 16
001410115 17
001410116 11
001410117 17
001410118 17
001410119 13
001410120 16
001410121 16
001410122 11
001410123 19
001410124 6
001410125 20
001410126 14
001410127 8
001410128 24
001410129 15
001410130 12
001410131 25
001410132 15
001410133 18
001410134 9
001410135 23
001410136 35
001410137 22
001410139 11
001410140 11
001410141 9
001410142 19
001410143 28
001410144 21
001410145 22
001410146 11
001410147 23
001410148 10
001410149 22
001410150 21
001410151 38
001410152 14
001410153 17
001410154 23
001410155 30
001410156 11
001410157 8
001410158 12
001410159 24
001410160 22
001410161 11
001410162 12
001410163 19
001410164 16
001410165 15
001410166 31
001410167 36
001410168 19
001410169 21
001410170 14
001410171 24
001410172 19
001410173 16
001410174 19
001410175 13
001410176 20
001410177 27
001410178 23
001410179 9
001410180 19
001410181 19
001410182 24
001410183 17
001410184 22
001410185 16
001410186 20
001410187 9
001410188 9
001410189 28
001410190 21
001410191 16
001410192 19
001410193 8
001410194 21
001410195 22
001410196 6
001410197 16
001410198 25
001410199 21
001410200 20
001410201 13
001410202 17
001410203 42
001410204 9
001410205 25
001410206 16
001410207 8
001410208 8
001410209 14
001410210 22
001410211 6
001410212 11
001410213 8
001410214 32
001410215 9
001410216 29
001410217 15
001410218 25
001410219 23
001410220 31
001410221 4
001410222 50
001410223 22
001410224 30
001410225 25
001410226 15
001410227 11
001410228 8
001410229 25
001410230 23
001410231 17
001410232 32
001410233 6
001410234 7
001410235 23
001410236 16
001410237 20
001410238 23
001410239 20
001410240 12
001410241 30
001410242 33
001410243 9
001410244 16
001410245 14
001410246 19
001410247 22
001410248 21
001410249 27
001410250 15
001410251 18
001410252 19
001410253 9
001410254 11
001410255 20
001410256 11
001410257 7
001410258 19
001410259 26
001410260 24
001410261 10
001410262 12
001410263 12
001410264 27
001410265 28
001410266 14
001410267 21
001410268 7
001410269 17
001410270 18
001410271 22
001410272 21
001410273 26
001410274 19
001410275 13
001410276 8
001410277 20
001410278 16
001410279 8
001410280 11
001410281 39
001410282 23
001410283 26
001410284 18
001410285 11
001410286 26
001410287 21
001410288 11
001410289 29
001410290 22
001410291 24
001410292 18
001410293 19
001410294 31
001410295 30
001410296 18
001410297 7
001410298 24
001410299 11
001410300 23
001410301 20
001410302 22
001410303 18
001410304 31
001410305 32
001410306 22
001410307 16
001410308 16
001410309 18
001410310 8
001410311 12
001410312 24
001410313 21
001410314 24
001410315 23
001410316 27
001410317 14
001410318 21
001410319 19
001410320 9
001410321 19
001410322 14
001410323 10
001410324 8
001410325 27
001410326 9
001410327 13
001410328 18
001410329 30
001410330 8
001410331 12
001410332 22
001410333 27
001410334 34
001410335 18
001410336 12
001410337 24
001410338 21
001410339 23
001410340 11
001410341 29
001410342 11
001410343 14
001410344 22
001410345 22
001410346 32
001410347 11
001410348 8
001410349 17
001410350 18
001410351 9
001410352 13
001410353 11
001410354 23
001410355 13
001410356 13
001410357 34
001410358 28
001410359 24
001410360 18
001410361 18
001410362 15
001410363 25
001410364 19
001410365 20
001410366 32
001410367 28
001410368 9
001410369 15
001410370 22
001410371 22
001410372 17
001410373 22
001410374 14
001410375 12
001410376 21
001410377 28
001410379 28
001410382 24
001410383 20
001410384 24
001410385 24
001410386 29
001410387 26
001410388 18
001410389 22
001410390 25
001410391 33
001410392 17
001410393 29
001410395 24
001410397 20
001410398 37
001410399 28
001410400 19
001411401 12
001411402 18
001411403 13
001411404 21
001411405 13
001411406 15
001411407 17
001411408 16
001411409 10
001411410 19
001411411 19
001411412 21
001411414 19
001411415 11
001411416 13
001411417 27
001411418 12
001411419 16
001411420 14
001411422 13
001411423 10
001411424 15
001411425 10
001411426 12
001411427 22
001411428 10
001411429 15
001411430 17
001411431 14
001411432 21
001411433 19
001411434 14
001411435 10
001411436 12
001411437 12
001411438 16
001411439 19
001411440 8
001411441 17
001411442 20
001411443 18
001411444 19
001411445 15
001411446 21
001411447 11
001411448 16
001411449 12
001411450 16
001411451 21
001411452 25
001411453 15
001411454 6
001411455 20
001411456 20
001411457 13
001411458 23
001411459 15
001411460 15
001411461 16
001411462 14
001411463 20
001411464 16
001411465 13
001411466 19
001411467 9
001411468 15
001411469 19
001411470 18
001411471 14
001411472 20
001411473 12
001411474 8
001411475 20
001411477 13
001411478 14
001411479 17
001411480 33
001411481 12
001411482 14
001411483 17
001411484 15
001411487 18
001411488 15
001411489 25
001411490 13
001411491 15
001411492 16
001411493 11
001411494 13
001411495 12
001411496 21
001411497 15
001411499 14
001411500 18
001411501 32
001411503 6
001411504 10
001411505 9
001411506 40
001411507 21
001411508 26
001411509 23
001411510 36
001411511 12
001411513 19
001411514 21
001411515 20
001411516 13
001411517 9
001411518 23
001411519 9
001411520 14
001411521 23
001411522 8
001411523 20
001411524 23
001411525 11
001411526 19
001411527 8
001411528 15
001411529 12
001411530 6
001411531 21
001411532 11
001411533 18
001411534 17
001411535 13
001411536 11
001411537 17
001411538 15
001411539 8
001411540 17
001411541 19
001411542 19
001411543 9
001411544 17
001411545 26
001411546 13
001411547 34
001411548 21
001411549 22
001411550 9
001411551 16
001411552 27
001411553 21
001411554 14
001411555 8
001411556 25
001411557 16
001411558 12
001411559 27
001411560 23
001411561 14
001411562 16
001411563 24
001411564 18
001411565 22
001411566 21
001411567 23
001411569 7
001411570 6
001411571 11
001411572 13
001411573 25
001411574 25
001411575 17
001411576 23
001411577 20
001411578 20
001411579 7
001411580 9
001411581 15
001411582 26
001411583 18
001411584 18
001411585 22
001411586 24
001411587 12
001411588 20
001411589 13
001411590 29
001411591 20
001411592 20
001411593 13
001411594 11
001411595 9
001411596 29
001411597 12
001411598 12
001411599 19
001411600 15
001411601 12
001411602 19
001411603 9
001411604 14
001411605 5
001411606 21
001411607 12
001411608 28
001411609 14
001411610 29
001411611 11
001411612 17
001411613 15
001411614 23
001411615 9
001411616 12
001411617 21
001411618 26
001411619 16
001411620 22
001411621 17
001411622 26
001411623 22
001411624 26
001411625 27
001411626 19
001411627 25
001411628 34
001411629 26
001411630 25
001411631 26
001411632 21
001411633 22
001411634 23
001411635 9
001411636 8
001411637 22
001411638 15
001411639 7
001411640 23
001411641 22
001411642 20
001411643 15
001411644 6
001411645 17
001411646 17
001411647 37
001411648 20
001411649 20
001411650 10
001411651 11
001411652 26
001411653 28
001411654 25
001411655 24
001411656 5
001411657 16
001411658 23
001411659 19
001411660 16
001411661 11
001411662 34
001411663 10
001411664 7
001411665 7
001411666 42
001411667 7
001411668 9
001411669 19
001411670 26
001411671 22
001411672 34
001411673 22
001411674 8
001411675 12
001411676 21
001411677 23
001411678 15
001411679 20
001411680 21
001411681 17
001411682 15
001411683 9
001411684 25
001411685 35
001411686 24
001411687 12
001411688 24
001411689 43
001411690 25
001411691 7
001411692 18
001411693 9
001411694 15
001411695 25
001411696 24
001411697 26
001411698 19
001411699 20
001411700 16
001411701 14
001411702 21
001411703 31
001411704 30
001411705 26
001411706 10
001411707 22
001411708 9
001411709 24
001411710 20
001411711 27
001411712 7
001411713 18
001411714 39
001411715 15
001411716 23
001411717 29
001411718 12
001411719 21
001411720 11
001411721 10
001411722 28
001411723 12
001411724 15
001411725 31
001411726 12
001411727 14
001411728 16
001411729 7
001411730 22
001411731 29
001411732 22
001411733 12
001411734 19
001411735 14
001411736 13
001411737 27
001411738 31
001411739 21
001411740 19
001411741 19
001411742 27
001411743 19
001411744 6
001411745 16
001411746 35
001411747 22
001411748 27
001411749 18
001411750 27
001411751 21
001411752 33
001411753 33
001411754 12
001411755 10
001411756 26
001411757 18
001411758 13
001411759 17
001411760 18
001411761 24
001411762 15
001411763 7
001411764 18
001411765 14
001411766 17
001411767 27
001411768 15
001411769 13
001411770 8
001411771 21
001411772 19
001411773 24
001411774 24
001411775 17
001411776 12
001411777 25
001411778 18
001411779 11
001411780 34
001411781 13
001411782 19
001411783 13
001411784 19
001411786 23
001411787 21
001411788 9
001411789 27
001411790 10
001411791 19
001411792 12
001411793 17
001411794 26
001411795 6
001411796 6
001411797 9
001411798 16
001411799 21
001411800 20
001420004 33
001420013 20
001420015 27
001420016 46
001420019 42
001420024 12
001420028 8
001420030 14
001420033 20
001420036 8
001420037 17
001420038 10
001420039 11
001420041 4
001420042 4
001420043 14
001420045 6
001420046 9
001420048 15
001420049 7
001420053 8
001420055 12
001420056 13
001420058 14
001420060 14
001420061 17
001420062 11
001420063 20
001420065 18
001420067 11
001420071 14
001420075 13
001420076 18
001420078 20
001420079 14
001420080 10
001420085 11
001420086 14
001420091 15
001420093 16
001420094 13
001420096 14
001420097 13
001420098 19
001420099 17
001420100 17
001420101 19
001420110 8
001420112 12
001420114 9
001420115 13
001420116 8
001420118 20
001420121 49
001420122 11
001420123 14
001420127 32
001420128 12
001420137 22
001420145 22
001420147 10
001420148 15
001420149 16
001420152 22
001420153 9
001420154 23
001420157 24
001420158 10
001420159 23
001420161 28
001420162 20
001420163 13
001420165 16
001420166 25
001420167 22
001420169 12
001420170 15
001420171 11
001420172 10
001420178 7
001420179 14
001420182 9
001420186 19
001420188 24
001420190 40
001420192 8
001420193 10
001420194 13
001420196 23
001420198 6
001420200 14
001420203 7
001420204 23
001420205 17
001420206 12
001420207 21
001420208 28
001420210 27
001420212 27
001420213 15
001420214 22
001420215 10
001420216 18
001420217 15
001420222 10
001420224 6
001420225 12
001420227 6
001420228 23
001420230 10
001420231 31
001420233 11
001420234 22
001420235 15
001420236 30
001420238 7
001420240 25
001420241 19
001420242 16
001420243 32
001420244 29
001420245 12
001420246 12
001420247 39
001420251 9
001420253 11
001420254 17
001420256 33
001420257 15
001420259 21
001420261 31
001420263 24
001420264 25
001420265 10
001420269 7
001420270 18
001420271 16
001420272 17
001420273 17
001420274 6
001420275 15
001420276 23
001420277 12
001420279 25
001420280 21
001420282 29
001420283 32
001420285 17
001420287 24
001420288 25
001420289 19
001420290 23
001420291 18
001420292 22
001420293 14
001420294 20
001420295 20
001420296 21
001420297 14
001420300 32
001420301 11
001420302 22
001420305 9
001420306 14
001420307 29
001420309 18
001420310 9
001420311 10
001420312 15
001420313 14
001420316 14
001420318 9
001420319 25
001420320 22
001420321 11
001420323 13
001420324 18
001420325 42
001420327 23
001420328 14
001420329 15
001420330 21
001420332 22
001420333 8
001420334 33
001420335 5
001420337 22
001420338 19
001420339 27
001420340 17
001420341 16
001420342 11
001420343 8
001420344 24
001420345 19
001420348 9
001420349 23
001420351 13
001420352 10
001420353 18
001420355 33
001420358 12
001420361 28
001420362 24
001420363 22
001420364 13
001420365 20
001420366 15
001420367 12
001420368 12
001420369 20
001420370 20
001420371 5
001420372 18
001420373 28
001420374 10
001420376 43
001420378 15
001420379 33
001420380 27
001420381 27
001420382 16
001420383 22
001420384 21
001420386 36
001420387 25
001420389 32
001420390 19
001420391 43
001420392 9
001420393 15
001420394 19
001420395 15
001420396 21
001420397 12
001420398 9
001420399 23
001421402 18
001421403 13
001421404 21
001421405 13
001421406 15
001421407 17
001421411 19
001421412 21
001421413 6
001421414 19
001421415 11
001421416 13
001421417 27
001421420 14
001421421 8
001421422 13
001421423 10
001421424 15
001421425 10
001421428 10
001421429 15
001421430 17
001421431 14
001421432 20
001421434 14
001421435 10
001421437 12
001421438 15
001421439 19
001421441 17
001421442 20
001421443 17
001421444 19
001421445 15
001421447 11
001421448 16
001421449 12
001421450 16
001421451 21
001421452 25
001421453 15
001421454 6
001421455 20
001421456 20
001421457 13
001421459 15
001421463 21
001421464 16
001421465 13
001421466 19
001421467 9
001421468 15
001421470 18
001421471 14
001421473 12
001421474 8
001421475 20
001421476 14
001421477 13
001421479 17
001421480 33
001421481 12
001421482 14
001421484 15
001421485 10
001421486 10
001421487 18
001421488 15
001421489 25
001421491 15
001421492 16
001421494 13
001421495 12
001421497 15
001421498 15
001421499 14
001421500 18
001421501 8
001421502 13
001421503 19
001421504 13
001421505 24
001421507 29
001421508 15
001421509 23
001421510 16
001421511 14
001421515 26
001421516 18
001421517 11
001421518 14
001421519 16
001421520 12
001421521 11
001421522 16
001421523 20
001421524 32
001421525 16
001421526 30
001421527 26
001421528 5
001421529 16
001421530 16
001421531 23
001421532 14
001421533 27
001421534 20
001421535 42
001421536 27
001421538 21
001421539 28
001421540 13
001421541 6
001421542 20
001421543 17
001421544 9
001421545 12
001421546 22
001421548 14
001421549 15
001421550 5
001421551 26
001421552 37
001421553 17
001421554 32
001421555 18
001421556 38
001421557 22
001421558 16
001421559 23
001421560 21
001421561 28
001421562 9
001421563 16
001421564 25
001421565 20
001421566 28
001421567 22
001421568 12
001421569 18
001421570 9
001421571 9
001421572 13
001421573 22
001421574 13
001421575 11
001421576 9
001421577 22
001421578 17
001421579 11
001421580 33
001421581 21
001421582 22
001421583 12
001421584 23
001421585 12
001421586 32
001421587 20
001421588 8
001421589 26
001421590 28
001421591 38
001421593 16
001421594 18
001421595 28
001421596 23
001421597 29
001421598 26
001421599 15
001421600 16
001421601 8
001421602 21
001421604 22
001421605 17
001421606 14
001421608 10
001421609 8
001421610 20
001421611 25
001421612 6
001421613 25
001421614 11
001421615 24
001421616 19
001421617 15
001421618 29
001421619 26
001421620 11
001421621 20
001421622 15
001421623 25
001421624 29
001421625 21
001421626 30
001421627 38
001421628 14
001421629 7
001421630 23
001421631 11
001421632 17
001421633 5
001421634 23
001421635 18
001421636 27
001421638 28
001421639 11
001421640 14
001421641 17
001421642 10
001421643 17
001421645 10
001421647 19
001421648 21
001421649 29
001421650 15
001421651 16
001421652 11
001421654 18
001421655 16
001421656 20
001421657 19
001421658 10
001421659 19
001421660 11
001421661 6
001421662 19
001421663 29
001421664 12
001421665 14
001421666 15
001421667 24
001421668 23
001421669 23
001421670 15
001421671 35
001421672 27
001421673 26
001421674 16
001421675 30
001421676 23
001421677 16
001421678 18
001421679 23
001421681 14
001421682 17
001421683 12
001421684 16
001421685 8
001421686 21
001421687 12
001421688 7
001421689 10
001421690 28
001421691 20
001421692 14
001421693 14
001421694 11
001421695 12
001421696 44
001421697 18
001421698 19
001421699 14
001421701 32
001421702 22
001421703 20
001421704 9
001421705 25
001421706 9
001421707 33
001421708 39
001421709 15
001421710 14
001421711 9
001421712 10
001421713 13
001421714 8
001421715 34
001421716 30
001421717 8
001421718 27
001421719 41
001421720 34
001421721 22
001421722 25
001421724 22
001421725 28
001421726 19
001421727 17
001421729 11
001421730 14
001421731 21
001421732 22
001421733 23
001421734 20
001421735 28
001421737 23
001421738 21
001421739 19
001421740 20
001421741 14
001421742 30
001421745 31
001421746 14
001421747 16
001421748 8
001421749 9
001421750 15
001421751 28
001421752 7
001421753 28
001421754 16
001421755 24
001421756 13
001421757 26
001421758 18
001421759 16
001421760 26
001421761 8
001421762 26
001421763 22
001421764 24
001421765 34
001421766 18
001421767 7
001421769 7
001421771 22
001421772 29
001421773 24
001421774 29
001421775 6
001421776 9
001421778 20
001421779 13
001421780 16
001421781 15
001421782 33
001421784 14
001421785 18
001421786 10
001421787 23
001421789 24
001421790 7
001421791 27
001421793 25
001421794 18
001421795 27
001421796 15
001421797 26
001421798 25
001421799 22
001430004 33
001430005 35
001430006 21
001430007 30
001430008 24
001430010 27
001430012 34
001430013 20
001430014 39
001430017 21
001430019 42
001430021 7
001430022 11
001430023 13
001430024 12
001430025 20
001430027 12
001430028 8
001430029 12
001430030 14
001430031 15
001430032 19
001430033 20
001430034 20
001430035 7
001430038 10
001430040 14
001430041 4
001430043 14
001430045 6
001430046 9
001430048 15
001430050 14
001430052 16
001430055 12
001430056 13
001430057 16
001430060 14
001430061 17
001430062 11
001430063 20
001430064 13
001430066 8
001430067 11
001430068 13
001430070 19
001430072 12
001430073 15
001430074 14
001430076 18
001430078 20
001430080 10
001430082 17
001430083 14
001430085 11
001430087 15
001430088 15
001430089 21
001430090 22
001430091 15
001430092 35
001430094 13
001430095 14
001430096 14
001430097 13
001430099 17
001430100 17
001430102 24
001430104 17
001430105 18
001430106 14
001430107 22
001430108 19
001430109 35
001430110 22
001430111 35
001430112 26
001430113 21
001430114 34
001430115 16
001430116 12
001430117 26
001430118 14
001430119 31
001430120 37
001430122 27
001430123 14
001430124 36
001430126 19
001430129 19
001430130 26
001430132 12
001430133 14
001430134 22
001430135 15
001430138 12
001430139 17
001430140 13
001430141 18
001430142 22
001430143 11
001430144 17
001430146 24
001430147 29
001430148 39
001430149 21
001430150 11
001430151 13
001430152 14
001430153 19
001430155 38
001430156 18
001430157 14
001430158 9
001430159 20
001430160 11
001430161 12
001430163 25
001430165 12
001430166 21
001430167 15
001430170 16
001430172 11
001430173 24
001430174 26
001430175 35
001430176 18
001430177 17
001430182 20
001430183 28
001430185 18
001430187 26
001430188 32
001430189 33
001430190 15
001430192 22
001430193 9
001430194 16
001430195 6
001430196 15
001430197 34
001430198 10
001430199 19
001430201 15
001430202 28
001430203 11
001430204 12
001430205 29
001430206 31
001430207 29
001430208 15
001430209 14
001430211 15
001430212 13
001430213 23
001430214 24
001430215 21
001430216 19
001430217 16
001430219 12
001430220 12
001430221 24
001430222 37
001430224 8
001430225 22
001430226 18
001430229 13
001430230 16
001430232 38
001430233 22
001430234 24
001430235 19
001430236 11
001430237 19
001430238 14
001430239 17
001430241 21
001430243 25
001430244 20
001430245 15
001430246 14
001430248 27
001430249 22
001430250 28
001430251 16
001430252 14
001430253 37
001430254 18
001430256 30
001430258 15
001430259 18
001430260 30
001430261 20
001430262 18
001430263 19
001430264 28
001430265 26
001430266 34
001430267 19
001430268 40
001430269 14
001430270 27
001430271 11
001430274 30
001430275 36
001430276 19
001430277 5
001430278 29
001430281 41
001430282 25
001430283 17
001430284 17
001430285 26
001430286 30
001430287 23
001430288 37
001430289 23
001430291 20
001430292 34
001430293 14
001430296 19
001430299 8
001430300 20
001430301 15
001430302 6
001430303 28
001430304 45
001430305 20
001430307 22
001430308 34
001430310 13
001430311 27
001430312 20
001430315 39
001430316 21
001430317 13
001430319 9
001430320 13
001430321 16
001430322 30
001430323 22
001430324 17
001430326 30
001430327 22
001430328 12
001430330 20
001430331 16
001430334 17
001430335 11
001430337 9
001430342 24
001430345 12
001430346 20
001430347 15
001430348 19
001430350 22
001430351 12
001430354 13
001430357 21
001430358 10
001430359 16
001430360 15
001430362 21
001430364 22
001430365 23
001430366 11
001430367 28
001430368 10
001430369 22
001430370 17
001430373 17
001430374 29
001430376 34
001430377 18
001430379 24
001430382 19
001430383 10
001430384 21
001430388 36
001430389 23
001430396 22
001430397 21
001430399 10
001430400 12
001431401 12
001431402 18
001431405 13
001431417 27
001431455 21
001431456 20
001431458 23
001431461 16
001431469 19
001431472 20
001431475 21
001431477 13
001431487 18
001431488 15
001431489 25
001431496 21
001431503 22
001431513 20
001431514 19
001431517 22
001431523 20
001431524 18
001431525 22
001431526 18
001431527 7
001431528 13
001431529 26
001431530 25
001431531 26
001431532 35
001431533 7
001431534 22
001431535 20
001431537 13
001431538 31
001431542 22
001431544 20
001431546 33
001431550 13
001431565 24
001431566 26
001431568 23
001431572 28
001431573 29
001431574 11
001431575 22
001431577 12
001431578 31
001431579 9
001431580 26
001431581 18
001431583 18
001431585 30
001431586 9
001431587 19
001431590 23
001431591 28
001431592 24
001431593 16
001431594 27
001431595 13
001431596 7
001431597 18
001431603 18
001431605 17
001431608 18
001431611 31
001431612 10
001431615 34
001431616 38
001431618 15
001431619 9
001431620 16
001431621 14
001431623 6
001431625 9
001431627 14
001431629 17
001431630 22
001431633 10
001431637 11
001431640 23
001431644 26
001431645 15
001431648 20
001431649 24
001431650 14
001431651 19
001431652 14
001431653 20
001431656 19
001431657 15
001431658 6
001431662 13
001431663 18
001431669 32
001431671 7
001431677 13
001431680 30
001431681 22
001431687 20
001431688 26
001431689 24
001431690 26
001431691 26
001431692 6
001431694 13
001431695 27
001431698 31
001431699 41
001431700 17
001431702 16
001431704 26
001431705 45
001431708 11
001431709 14
001431712 17
001431714 16
001431719 14
001431720 25
001431721 6
001431722 10
001431723 12
001431724 27
001431729 16
001431731 26
001431733 25
001431734 25
001431736 24
001431739 38
001431743 21
001431747 32
001431748 16
001431750 11
001431751 28
001431752 15
001431753 15
001431754 14
001431755 29
001431757 23
001431761 21
001431762 7
001431763 23
001431766 29
001431767 22
001431768 22
001431769 21
001431770 11
001431773 28
001431774 20
001431775 31
001431777 15
001431778 18
001431779 16
001431780 29
001431783 31
001431787 22
001431788 12
001431789 11
001431790 24
001431794 17
001431796 26
001431797 23
001431798 17
001431799 11
001431800 20
001440002 41
001440003 16
001440004 33
001440005 35
001440006 20
001440008 24
001440009 14
001440010 27
001440011 20
001440012 34
001440013 20
001440014 37
001440016 46
001440018 25
001440019 42
001440020 23
001440022 11
001440028 8
001440029 11
001440031 15
001440032 19
001440033 20
001440034 20
001440037 17
001440039 11
001440044 10
001440045 6
001440048 15
001440049 7
001440050 14
001440051 11
001440052 17
001440053 8
001440054 7
001440055 12
001440056 13
001440057 16
001440059 8
001440060 14
001440061 17
001440062 11
001440063 20
001440064 13
001440065 18
001440066 8
001440067 11
001440068 13
001440070 19
001440071 14
001440072 12
001440073 15
001440074 14
001440075 13
001440076 18
001440077 7
001440078 20
001440079 14
001440080 10
001440081 13
001440082 17
001440083 14
001440084 13
001440085 11
001440086 14
001440088 15
001440089 21
001440090 22
001440091 15
001440092 35
001440093 16
001440094 13
001440095 14
001440096 14
001440098 19
001440099 17
001440100 17
001440101 27
001440103 21
001440104 20
001440105 23
001440107 19
001440108 7
001440109 25
001440110 10
001440111 17
001440112 23
001440113 11
001440114 18
001440115 5
001440116 21
001440117 21
001440118 10
001440119 18
001440120 28
001440121 30
001440122 28
001440123 29
001440124 7
001440125 21
001440126 9
001440127 21
001440128 16
001440130 11
001440131 22
001440132 16
001440133 14
001440134 19
001440135 14
001440136 20
001440137 29
001440138 21
001440139 17
001440140 20
001440141 38
001440142 14
001440143 14
001440144 26
001440145 11
001440146 33
001440147 14
001440148 9
001440149 33
001440151 15
001440152 11
001440153 21
001440154 18
001440155 18
001440156 6
001440157 17
001440158 7
001440159 24
001440160 22
001440161 24
001440162 36
001440163 24
001440164 12
001440165 23
001440166 24
001440167 30
001440168 19
001440169 22
001440170 8
001440171 27
001440172 16
001440173 16
001440174 12
001440175 14
001440176 28
001440177 36
001440178 21
001440179 14
001440180 11
001440181 10
001440182 10
001440183 20
001440184 25
001440185 11
001440186 44
001440187 5
001440188 17
001440189 26
001440190 19
001440191 8
001440192 25
001440193 19
001440194 12
001440196 22
001440197 13
001440198 21
001440199 23
001440200 24
001440201 26
001440202 36
001440203 22
001440204 34
001440206 20
001440208 11
001440209 20
001440210 26
001440211 33
001440212 20
001440213 19
001440214 27
001440215 8
001440216 22
001440217 10
001440218 12
001440219 19
001440220 20
001440221 10
001440222 10
001440223 46
001440224 25
001440225 28
001440226 17
001440227 17
001440229 33
001440230 24
001440231 10
001440232 25
001440233 9
001440234 11
001440235 21
001440237 26
001440240 30
001440243 25
001440244 8
001440245 10
001440246 30
001440247 26
001440248 12
001440249 11
001440250 30
001440251 31
001440252 14
001440253 13
001440254 16
001440255 25
001440256 29
001440258 38
001440259 23
001440260 14
001440262 23
001440263 23
001440264 22
001440266 25
001440270 13
001440271 20
001440272 13
001440273 18
001440274 23
001440275 21
001440276 30
001440277 13
001440278 14
001440279 18
001440280 22
001440281 15
001440282 7
001440283 17
001440285 34
001440286 17
001440287 14
001440288 29
001440289 21
001440290 14
001440291 18
001440292 37
001440293 17
001440295 10
001440296 8
001440297 17
001440298 15
001440299 28
001440300 18
001440301 20
001440302 18
001440303 43
001440305 9
001440306 23
001440307 10
001440308 26
001440309 10
001440310 19
001440311 26
001440312 18
001440313 23
001440314 21
001440315 12
001440316 17
001440317 16
001440318 28
001440319 19
001440320 11
001440321 23
001440322 25
001440323 29
001440324 28
001440325 21
001440326 21
001440327 31
001440328 14
001440329 10
001440330 12
001440332 36
001440333 27
001440335 18
001440336 13
001440337 20
001440338 25
001440339 18
001440340 20
001440342 29
001440343 23
001440344 21
001440345 32
001440346 11
001440348 9
001440349 9
001440350 19
001440351 18
001440352 34
001440355 17
001440358 14
001440359 20
001440361 22
001440362 22
001440363 18
001440364 25
001440365 33
001440367 18
001440368 29
001440369 17
001440370 12
001440372 31
001440373 25
001440374 33
001440375 32
001440378 13
001440382 29
001440384 22
001440385 13
001440386 20
001440387 12
001440388 11
001440389 21
001440390 15
001440391 12
001440392 19
001440393 15
001440394 10
001440395 30
001440397 20
001440398 19
001440399 23
001440400 29
001441403 13
001441404 21
001441405 14
001441406 15
001441410 19
001441411 19
001441412 21
001441415 11
001441416 13
001441419 16
001441420 14
001441422 13
001441423 10
001441424 15
001441426 12
001441428 10
001441429 15
001441430 17
001441432 20
001441433 19
001441434 14
001441435 10
001441436 14
001441440 8
001441444 19
001441448 16
001441449 12
001441450 16
001441451 21
001441452 25
001441453 15
001441456 20
001441458 23
001441459 15
001441462 14
001441463 21
001441464 16
001441465 13
001441467 9
001441468 15
001441469 19
001441470 18
001441472 20
001441473 12
001441474 8
001441476 13
001441477 13
001441478 14
001441479 17
001441480 33
001441481 12
001441483 17
001441485 10
001441487 18
001441488 15
001441489 25
001441491 15
001441492 16
001441493 11
001441494 13
001441495 12
001441496 21
001441497 15
001441498 15
001441502 14
001441503 12
001441504 6
001441505 20
001441508 16
001441509 13
001441510 13
001441511 9
001441514 15
001441515 24
001441517 12
001441518 28
001441519 13
001441520 9
001441521 22
001441522 22
001441523 35
001441524 37
001441525 16
001441526 9
001441527 19
001441528 14
001441529 22
001441530 14
001441532 24
001441533 35
001441534 11
001441535 20
001441536 22
001441537 31
001441538 18
001441539 22
001441540 14
001441541 18
001441542 23
001441543 18
001441545 26
001441546 17
001441547 22
001441549 18
001441550 23
001441551 14
001441553 26
001441554 12
001441555 23
001441556 8
001441557 21
001441558 19
001441559 13
001441560 32
001441561 23
001441562 26
001441565 19
001441567 33
001441568 6
001441569 26
001441570 22
001441571 5
001441572 23
001441574 15
001441575 9
001441576 32
001441577 39
001441578 6
001441580 17
001441581 35
001441582 22
001441583 28
001441585 26
001441586 27
001441587 6
001441588 21
001441589 26
001441590 16
001441591 24
001441593 24
001441594 32
001441595 14
001441597 12
001441598 14
001441599 18
001441600 27
001441601 15
001441603 22
001441605 26
001441606 32
001441608 10
001441609 21
001441610 26
001441611 12
001441612 15
001441613 17
001441614 24
001441615 12
001441616 13
001441617 6
001441618 20
001441619 15
001441620 23
001441621 20
001441622 17
001441623 26
001441624 22
001441625 24
001441626 34
001441627 7
001441628 7
001441629 10
001441630 23
001441631 17
001441632 27
001441633 9
001441634 15
001441635 20
001441636 11
001441637 23
001441638 19
001441639 13
001441640 18
001441641 7
001441642 15
001441643 22
001441644 35
001441645 10
001441646 10
001441647 13
001441648 14
001441649 10
001441650 10
001441651 26
001441653 15
001441654 11
001441655 27
001441656 22
001441657 31
001441658 27
001441659 7
001441660 19
001441661 6
001441662 20
001441663 19
001441664 22
001441665 9
001441666 22
001441667 17
001441670 19
001441671 33
001441672 28
001441673 8
001441674 26
001441675 11
001441676 18
001441677 19
001441678 27
001441679 6
001441680 11
001441681 9
001441682 37
001441684 19
001441685 32
001441686 12
001441687 9
001441688 21
001441689 13
001441690 15
001441691 30
001441692 31
001441694 21
001441695 25
001441696 16
001441697 9
001441698 24
001441699 18
001441700 25
001441701 22
001441702 24
001441703 14
001441704 18
001441705 27
001441707 15
001441708 19
001441709 22
001441710 25
001441711 16
001441712 28
001441713 16
001441714 28
001441715 8
001441716 9
001441717 19
001441718 14
001441719 36
001441720 16
001441721 20
001441722 31
001441723 8
001441725 20
001441728 9
001441730 11
001441731 16
001441732 7
001441733 20
001441734 23
001441735 30
001441737 32
001441738 20
001441741 38
001441742 27
001441744 17
001441745 7
001441746 18
001441747 23
001441748 20
001441749 16
001441750 10
001441751 22
001441752 28
001441753 28
001441754 26
001441755 11
001441756 28
001441757 17
001441758 36
001441759 16
001441761 19
001441762 41
001441763 13
001441765 7
001441766 17
001441768 31
001441769 13
001441770 23
001441771 14
001441772 15
001441773 20
001441774 16
001441775 37
001441776 37
001441777 34
001441778 25
001441780 9
001441781 27
001441783 20
001441784 11
001441785 27
001441786 22
001441789 16
001441790 20
001441791 17
001441792 42
001441793 7
001441794 23
001441795 7
001441796 6
001441797 16
001441799 23
001450001 10
001450002 41
001450003 16
001450004 34
001450005 35
001450006 21
001450007 30
001450008 24
001450009 14
001450010 27
001450011 20
001450012 34
001450013 20
001450014 37
001450015 27
001450016 46
001450017 18
001450018 25
001450019 44
001450020 29
001450021 7
001450022 11
001450023 16
001450024 12
001450025 21
001450026 8
001450027 12
001450028 10
001450029 10
001450030 14
001450031 15
001450032 19
001450033 20
001450034 21
001450035 7
001450036 8
001450037 17
001450038 10
001450039 11
001450040 14
001450041 4
001450042 4
001450043 14
001450044 10
001450045 6
001450046 9
001450047 10
001450048 15
001450049 7
001450050 14
001450051 11
001450052 17
001450053 8
001450054 7
001450055 12
001450056 13
001450057 16
001450058 14
001450059 9
001450060 14
001450061 19
001450062 11
001450063 20
001450064 13
001450065 18
001450066 8
001450067 11
001450068 13
001450069 21
001450070 19
001450071 14
001450072 12
001450073 14
001450074 14
001450075 13
001450076 18
001450077 8
001450078 20
001450079 14
001450080 10
001450081 13
001450082 17
001450083 14
001450084 14
001450085 11
001450086 14
001450087 15
001450088 15
001450089 21
001450090 22
001450091 15
001450092 36
001450093 14
001450094 13
001450095 14
001450096 14
001450097 13
001450098 19
001450099 17
001450100 17
001450101 16
001450102 17
001450103 18
001450104 17
001450105 12
001450106 26
001450107 12
001450108 16
001450109 17
001450110 29
001450111 26
001450112 16
001450113 7
001450114 13
001450115 19
001450116 14
001450117 22
001450118 17
001450119 20
001450120 15
001450121 8
001450122 39
001450123 28
001450124 18
001450125 9
001450126 11
001450127 22
001450128 8
001450129 12
001450130 23
001450131 34
001450132 25
001450133 31
001450134 21
001450135 7
001450136 23
001450137 27
001450138 11
001450139 38
001450140 29
001450141 30
001450142 21
001450143 22
001450144 12
001450145 16
001450146 15
001450147 11
001450148 25
001450149 31
001450150 27
001450151 30
001450152 19
001450153 20
001450154 27
001450155 12
001450156 18
001450157 15
001450158 34
001450159 7
001450160 28
001450161 26
001450162 18
001450163 7
001450165 13
001450166 13
001450167 20
001450168 14
001450169 25
001450170 21
001450171 8
001450172 17
001450173 31
001450174 16
001450175 16
001450176 11
001450177 13
001450178 15
001450179 31
001450180 34
001450181 20
001450182 22
001450183 15
001450184 22
001450185 19
001450186 39
001450187 19
001450188 21
001450189 5
001450190 9
001450191 9
001450192 27
001450193 16
001450194 30
001450195 10
001450196 21
001450197 42
001450198 10
001450199 35
001450200 23
001450201 19
001450202 5
001450203 20
001450204 13
001450205 8
001450206 7
001450207 24
001450208 25
001450209 25
001450210 22
001450211 26
001450212 6
001450213 9
001450214 13
001450215 19
001450216 28
001450217 20
001450218 24
001450219 24
001450220 14
001450221 13
001450222 20
001450223 7
001450224 12
001450225 15
001450226 20
001450227 8
001450228 16
001450229 14
001450230 34
001450231 31
001450232 18
001450233 11
001450234 8
001450235 24
001450236 7
001450237 17
001450238 13
001450239 8
001450240 22
001450241 21
001450242 8
001450243 12
001450244 5
001450245 32
001450246 18
001450247 9
001450248 17
001450249 9
001450250 23
001450251 28
001450252 30
001450253 34
001450254 21
001450255 10
001450256 24
001450257 31
001450258 17
001450259 25
001450260 13
001450261 25
001450262 18
001450263 27
001450264 15
001450265 30
001450266 8
001450267 23
001450268 25
001450269 15
001450270 6
001450271 8
001450272 12
001450273 28
001450274 21
001450275 8
001450276 26
001450277 33
001450278 24
001450279 10
001450280 33
001450281 9
001450282 11
001450283 11
001450284 19
001450285 11
001450286 11
001450287 24
001450288 21
001450289 7
001450290 27
001450291 14
001450293 19
001450294 10
001450295 7
001450296 13
001450297 24
001450298 30
001450299 17
001450300 22
001450301 9
001450302 5
001450303 23
001450304 22
001450305 21
001450306 32
001450307 17
001450308 6
001450309 17
001450310 30
001450311 52
001450312 8
001450313 35
001450314 25
001450315 12
001450316 12
001450317 15
001450318 10
001450319 9
001450320 26
001450321 34
001450322 16
001450323 18
001450324 24
001450325 7
001450326 20
001450327 21
001450328 6
001450329 49
001450330 10
001450331 30
001450332 18
001450335 24
001450336 27
001450337 19
001450338 28
001450339 18
001450340 7
001450341 18
001450342 11
001450343 16
001450344 23
001450345 10
001450346 33
001450347 15
001450348 6
001450349 11
001450350 19
001450351 10
001450352 22
001450353 15
001450354 12
001450355 18
001450356 25
001450357 22
001450358 14
001450359 17
001450361 47
001450363 22
001450364 28
001450365 22
001450366 18
001450367 15
001450368 22
001450369 14
001450370 14
001450371 7
001450372 17
001450373 25
001450374 12
001450375 25
001450376 18
001450377 25
001450378 11
001450379 20
001450380 6
001450381 14
001450382 6
001450383 21
001450384 24
001450385 20
001450386 15
001450387 24
001450388 13
001450389 26
001450390 37
001450391 28
001450392 13
001450393 20
001450394 15
001450395 5
001450396 18
001450397 23
001450398 14
001450399 30
001450400 30
001451401 12
001451403 19
001451404 21
001451405 14
001451406 15
001451407 17
001451408 16
001451409 10
001451411 19
001451412 21
001451413 6
001451414 19
001451415 11
001451416 13
001451417 27
001451418 12
001451419 16
001451420 14
001451421 8
001451422 12
001451423 10
001451424 15
001451425 10
001451426 18
001451427 28
001451428 10
001451429 15
001451430 17
001451431 14
001451432 20
001451433 19
001451434 14
001451435 10
001451436 12
001451437 12
001451438 16
001451439 19
001451440 8
001451441 17
001451442 18
001451443 17
001451444 19
001451445 15
001451446 21
001451447 11
001451448 16
001451449 19
001451450 16
001451451 21
001451452 25
001451453 16
001451454 6
001451455 20
001451456 20
001451457 13
001451458 28
001451459 15
001451460 15
001451461 16
001451462 14
001451463 21
001451464 16
001451465 13
001451466 19
001451467 9
001451468 14
001451469 19
001451470 18
001451471 15
001451472 20
001451473 12
001451474 8
001451475 20
001451476 14
001451477 13
001451478 14
001451479 17
001451480 33
001451481 12
001451482 14
001451483 17
001451484 15
001451485 12
001451486 8
001451487 18
001451488 15
001451489 25
001451490 13
001451491 15
001451492 16
001451493 11
001451494 19
001451495 12
001451496 21
001451497 15
001451498 15
001451499 14
001451500 18
001451501 18
001451502 39
001451503 12
001451504 14
001451505 10
001451506 18
001451507 10
001451508 36
001451509 15
001451510 36
001451511 13
001451512 30
001451513 26
001451514 7
001451515 25
001451516 33
001451517 25
001451518 17
001451519 26
001451520 17
001451521 20
001451522 22
001451523 30
001451524 16
001451525 31
001451526 9
001451527 19
001451528 32
001451529 34
001451530 18
001451531 16
001451532 16
001451533 14
001451534 8
001451535 17
001451536 15
001451537 17
001451538 29
001451539 18
001451540 11
001451541 38
001451542 12
001451543 13
001451544 25
001451545 9
001451546 6
001451547 32
001451548 9
001451549 15
001451550 22
001451551 20
001451552 15
001451553 20
001451554 15
001451555 16
001451556 6
001451557 14
001451558 23
001451559 15
001451560 24
001451561 16
001451562 23
001451563 6
001451564 32
001451565 10
001451566 24
001451567 12
001451568 16
001451569 22
001451570 31
001451571 41
001451572 20
001451573 23
001451574 10
001451575 12
001451576 26
001451577 17
001451578 27
001451579 17
001451580 19
001451581 16
001451582 18
001451583 26
001451584 17
001451585 9
001451586 17
001451587 23
001451588 21
001451589 22
001451590 21
001451591 23
001451592 19
001451593 25
001451594 14
001451595 19
001451596 30
001451597 15
001451598 24
001451599 26
001451600 19
001451601 10
001451602 17
001451603 35
001451604 26
001451605 30
001451606 20
001451607 26
001451608 20
001451609 35
001451610 25
001451611 21
001451612 30
001451613 26
001451614 20
001451615 14
001451616 15
001451617 8
001451618 15
001451619 16
001451620 20
001451621 20
001451622 23
001451623 25
001451624 27
001451625 15
001451626 12
001451627 22
001451628 15
001451629 22
001451630 36
001451631 14
001451632 8
001451633 33
001451634 9
001451635 27
001451636 15
001451637 17
001451638 20
001451639 22
001451640 25
001451641 12
001451642 10
001451643 31
001451644 12
001451645 22
001451646 22
001451647 11
001451648 15
001451649 16
001451650 36
001451651 18
001451652 17
001451653 27
001451654 24
001451655 23
001451656 11
001451657 21
001451658 19
001451659 24
001451660 18
001451661 27
001451662 21
001451663 33
001451664 26
001451665 22
001451666 15
001451667 15
001451668 29
001451669 23
001451670 13
001451671 24
001451672 27
001451673 10
001451674 5
001451675 19
001451676 16
001451678 21
001451679 38
001451680 22
001451681 21
001451682 9
001451683 16
001451684 26
001451685 17
001451686 17
001451687 19
001451688 20
001451689 19
001451690 11
001451691 17
001451692 23
001451693 24
001451694 22
001451695 33
001451696 14
001451697 20
001451698 11
001451699 11
001451700 12
001451701 5
001451702 20
001451703 17
001451704 33
001451705 24
001451706 15
001451707 13
001451708 23
001451709 9
001451710 5
001451711 21
001451712 20
001451713 26
001451714 20
001451715 33
001451716 8
001451717 25
001451718 37
001451719 15
001451720 25
001451721 13
001451722 33
001451723 38
001451724 26
001451725 36
001451726 28
001451727 21
001451728 29
001451729 19
001451730 44
001451731 23
001451732 23
001451733 20
001451734 14
001451735 23
001451736 7
001451737 9
001451738 31
001451739 27
001451740 27
001451741 11
001451742 47
001451743 22
001451744 21
001451745 18
001451746 23
001451747 13
001451748 35
001451749 26
001451750 12
001451751 28
001451752 35
001451753 9
001451754 5
001451755 37
001451756 14
001451757 23
001451758 6
001451759 10
001451760 27
001451761 24
001451762 29
001451763 12
001451764 24
001451765 34
001451766 31
001451767 9
001451768 26
001451769 24
001451770 10
001451771 14
001451772 34
001451773 30
001451774 5
001451775 6
001451776 19
001451777 13
001451778 29
001451779 15
001451780 30
001451781 10
001451782 8
001451783 11
001451784 20
001451785 24
001451786 6
001451787 18
001451788 19
001451789 33
001451790 37
001451791 24
001451792 11
001451793 7
001451794 14
001451795 11
001451796 33
001451797 13
001451798 24
001451799 36
001451800 18
001460001 10
001460002 41
001460003 16
001460004 33
001460005 35
001460006 21
001460007 30
001460008 24
001460009 14
001460010 27
001460011 20
001460012 34
001460013 20
001460014 37
001460015 27
001460016 46
001460017 17
001460018 25
001460019 42
001460020 23
001460021 7
001460022 16
001460023 19
001460024 12
001460025 20
001460026 9
001460027 17
001460028 8
001460029 11
001460030 15
001460031 15
001460032 19
001460033 20
001460034 22
001460035 7
001460036 9
001460037 17
001460038 10
001460039 11
001460040 14
001460041 4
001460042 4
001460043 14
001460044 10
001460045 6
001460046 9
001460047 10
001460048 15
001460049 7
001460050 14
001460051 10
001460052 17
001460053 8
001460054 7
001460055 12
001460056 13
001460057 16
001460058 14
001460059 9
001460060 14
001460061 16
001460062 11
001460063 20
001460064 18
001460065 18
001460066 8
001460067 11
001460068 13
001460069 20
001460070 19
001460071 13
001460072 12
001460073 15
001460074 13
001460075 13
001460076 18
001460077 7
001460078 20
001460079 14
001460080 10
001460081 13
001460082 18
001460083 14
001460084 13
001460085 11
001460086 14
001460087 15
001460088 15
001460089 21
001460090 21
001460091 15
001460092 35
001460093 16
001460094 13
001460095 14
001460096 14
001460097 13
001460098 19
001460099 17
001460100 17
001460101 14
001460102 19
001460103 12
001460104 25
001460105 33
001460106 27
001460107 26
001460108 15
001460109 30
001460110 17
001460111 14
001460112 31
001460113 11
001460114 29
001460115 18
001460116 11
001460117 35
001460118 21
001460119 28
001460120 34
001460121 23
001460122 21
001460123 23
001460124 34
001460125 25
001460126 25
001460127 26
001460128 26
001460129 18
001460130 28
001460131 26
001460132 10
001460133 26
001460134 16
001460135 23
001460136 25
001460137 29
001460138 23
001460139 42
001460140 21
001460141 36
001460142 34
001460143 6
001460144 26
001460145 30
001460146 11
001460147 19
001460148 11
001460149 37
001460150 23
001460151 7
001460152 18
001460153 8
001460154 16
001460155 18
001460156 24
001460157 29
001460158 19
001460159 22
001460160 21
001460161 18
001460162 18
001460163 22
001460164 8
001460165 17
001460166 31
001460167 14
001460168 14
001460169 21
001460170 11
001460171 11
001460172 10
001460173 11
001460174 21
001460175 27
001460176 24
001460177 35
001460178 18
001460179 14
001460180 12
001460181 27
001460182 17
001460183 16
001460184 11
001460185 12
001460186 30
001460187 24
001460188 16
001460189 11
001460190 22
001460191 21
001460192 30
001460193 26
001460194 10
001460195 31
001460196 16
001460197 24
001460198 18
001460199 14
001460200 19
001460201 11
001460202 12
001460203 19
001460204 8
001460205 11
001460206 15
001460207 27
001460208 19
001460209 27
001460210 14
001460211 15
001460212 16
001460213 25
001460214 13
001460215 46
001460216 27
001460217 24
001460218 10
001460219 22
001460220 25
001460221 11
001460222 24
001460223 25
001460224 11
001460225 14
001460226 22
001460227 27
001460228 14
001460229 8
001460230 25
001460231 15
001460232 27
001460233 11
001460234 23
001460235 20
001460236 10
001460237 30
001460238 16
001460239 29
001460240 11
001460241 31
001460242 11
001460243 19
001460244 15
001460245 15
001460246 29
001460247 30
001460248 32
001460249 35
001460250 31
001460251 26
001460252 15
001460253 15
001460254 25
001460255 25
001460256 22
001460257 8
001460258 7
001460259 15
001460260 11
001460261 10
001460262 33
001460263 19
001460264 18
001460265 9
001460266 34
001460267 25
001460268 17
001460269 18
001460270 37
001460271 45
001460272 10
001460273 26
001460274 12
001460275 24
001460276 13
001460277 18
001460278 24
001460279 16
001460280 11
001460281 17
001460282 14
001460283 24
001460284 19
001460285 15
001460286 13
001460287 12
001460288 24
001460289 47
001460290 26
001460291 13
001460292 26
001460295 26
001460296 28
001460297 25
001460298 13
001460299 28
001460300 33
001460301 24
001460302 8
001460303 18
001460304 20
001460305 20
001460306 13
001460307 19
001460308 33
001460309 9
001460310 6
001460311 7
001460312 35
001460313 7
001460314 13
001460315 19
001460316 26
001460317 17
001460318 19
001460319 11
001460320 22
001460321 24
001460322 24
001460323 10
001460324 18
001460325 27
001460326 28
001460327 7
001460328 17
001460329 33
001460330 33
001460331 11
001460332 20
001460333 16
001460334 28
001460335 19
001460336 9
001460337 26
001460338 36
001460339 16
001460340 11
001460341 6
001460342 35
001460343 20
001460344 11
001460345 27
001460346 28
001460347 22
001460348 21
001460349 27
001460350 11
001460351 35
001460352 17
001460353 7
001460354 32
001460355 22
001460356 20
001460357 35
001460358 16
001460359 23
001460360 25
001460361 17
001460362 20
001460363 26
001460364 24
001460365 13
001460366 16
001460367 17
001460368 23
001460369 15
001460370 21
001460371 21
001460372 20
001460373 20
001460374 16
001460375 20
001460376 27
001460377 9
001460378 28
001460379 16
001460380 25
001460381 17
001460382 28
001460383 7
001460384 29
001460385 7
001460386 28
001460387 24
001460388 17
001460389 9
001460390 26
001460391 21
001460392 28
001460393 10
001460394 33
001460395 9
001460396 11
001460397 37
001460398 12
001460399 22
001460400 25
001461402 18
001461403 13
001461404 21
001461405 13
001461406 15
001461407 17
001461408 16
001461409 10
001461410 20
001461411 19
001461412 21
001461413 6
001461414 19
001461415 11
001461416 13
001461417 27
001461418 11
001461419 16
001461420 14
001461421 8
001461422 13
001461423 10
001461424 15
001461425 10
001461426 12
001461427 22
001461428 10
001461429 15
001461430 17
001461431 14
001461432 20
001461433 19
001461434 14
001461435 9
001461436 12
001461437 12
001461438 16
001461439 19
001461440 8
001461441 17
001461442 20
001461443 17
001461444 19
001461445 15
001461446 21
001461447 11
001461448 16
001461449 11
001461450 16
001461451 21
001461452 25
001461453 20
001461454 6
001461455 20
001461456 20
001461457 13
001461458 23
001461459 15
001461460 15
001461461 16
001461462 14
001461463 21
001461464 16
001461465 13
001461466 19
001461467 9
001461468 15
001461469 19
001461470 18
001461471 14
001461472 20
001461473 12
001461474 8
001461475 20
001461476 13
001461477 13
001461478 14
001461479 18
001461480 33
001461481 12
001461482 11
001461483 17
001461484 15
001461485 11
001461486 8
001461487 18
001461488 15
001461489 25
001461490 13
001461491 15
001461492 18
001461493 11
001461494 13
001461495 12
001461496 21
001461497 17
001461498 16
001461499 14
001461500 18
001461501 17
001461502 5
001461503 7
001461504 17
001461505 16
001461506 13
001461507 14
001461508 25
001461509 23
001461510 33
001461511 7
001461512 23
001461513 22
001461514 29
001461515 12
001461516 30
001461517 34
001461518 15
001461519 15
001461520 11
001461521 24
001461522 17
001461523 9
001461524 27
001461525 17
001461526 21
001461527 18
001461528 18
001461529 13
001461530 23
001461531 18
001461532 28
001461533 17
001461534 26
001461535 24
001461536 25
001461537 8
001461538 10
001461539 19
001461540 15
001461541 29
001461542 29
001461543 31
001461544 30
001461545 16
001461546 14
001461547 11
001461548 19
001461549 23
001461550 11
001461551 17
001461552 19
001461553 8
001461554 16
001461555 20
001461556 14
001461559 20
001461560 30
001461561 19
001461562 32
001461563 12
001461564 12
001461565 20
001461566 10
001461567 17
001461568 10
001461569 19
001461570 13
001461571 26
001461572 22
001461573 21
001461574 17
001461575 12
001461576 17
001461577 6
001461578 25
001461579 13
001461580 9
001461581 12
001461582 28
001461583 21
001461584 8
001461585 13
001461586 14
001461587 23
001461588 24
001461589 29
001461590 15
001461591 28
001461592 25
001461593 14
001461594 18
001461595 34
001461596 11
001461597 22
001461598 10
001461599 21
001461600 26
001461601 17
001461602 27
001461603 21
001461604 21
001461605 32
001461606 13
001461607 26
001461608 27
001461609 30
001461610 27
001461611 8
001461612 15
001461613 24
001461614 19
001461615 10
001461616 27
001461617 24
001461618 23
001461619 8
001461620 9
001461621 20
001461622 6
001461623 14
001461624 15
001461625 14
001461626 26
001461627 27
001461628 35
001461629 32
001461630 36
001461631 19
001461632 11
001461633 20
001461634 26
001461635 15
001461636 14
001461637 21
001461638 15
001461639 4
001461640 40
001461641 15
001461642 32
001461643 31
001461644 12
001461645 12
001461646 13
001461647 23
001461648 18
001461649 7
001461650 19
001461651 14
001461652 6
001461653 5
001461654 20
001461655 12
001461656 17
001461657 25
001461658 24
001461659 24
001461660 14
001461661 14
001461662 33
001461663 9
001461664 23
001461665 21
001461666 20
001461667 15
001461668 33
001461669 9
001461670 17
001461671 13
001461672 27
001461673 24
001461674 24
001461675 18
001461676 20
001461677 17
001461678 7
001461679 27
001461680 17
001461681 29
001461682 18
001461683 6
001461684 24
001461685 13
001461686 6
001461687 9
001461688 12
001461689 16
001461690 26
001461691 19
001461692 9
001461693 21
001461694 14
001461695 13
001461696 12
001461697 17
001461698 26
001461699 20
001461701 13
001461703 22
001461704 10
001461705 6
001461706 9
001461707 29
001461708 22
001461709 10
001461710 11
001461711 12
001461712 22
001461713 34
001461714 20
001461715 34
001461716 7
001461717 13
001461718 25
001461719 14
001461720 20
001461721 9
001461722 14
001461723 30
001461724 24
001461725 11
001461726 7
001461727 13
001461728 19
001461729 14
001461730 34
001461731 28
001461732 17
001461733 11
001461734 12
001461735 26
001461736 19
001461737 20
001461738 12
001461739 14
001461740 25
001461741 30
001461742 17
001461743 15
001461744 11
001461745 22
001461746 21
001461747 22
001461748 17
001461749 36
001461750 15
001461751 27
001461752 20
001461753 12
001461754 19
001461755 28
001461756 26
001461757 27
001461758 15
001461759 21
001461760 23
001461761 20
001461762 23
001461763 8
001461764 10
001461765 19
001461766 16
001461767 15
001461768 25
001461769 13
001461770 34
001461771 6
001461772 22
001461773 11
001461774 12
001461775 27
001461776 16
001461777 12
001461778 15
001461779 5
001461780 22
001461781 30
001461782 11
001461783 33
001461784 9
001461785 21
001461786 36
001461787 17
001461788 18
001461789 24
001461790 15
001461791 26
001461792 19
001461793 24
001461794 18
001461795 24
001461796 19
001461797 20
001461798 15
001461799 27
001461800 24
001470001 10
001470002 41
001470003 18
001470004 33
001470005 35
001470006 21
001470007 30
001470008 24
001470009 14
001470010 27
001470011 20
001470012 34
001470013 20
001470014 37
001470016 46
001470017 18
001470018 25
001470019 42
001470020 23
001470021 7
001470022 11
001470024 12
001470025 20
001470026 8
001470027 12
001470028 8
001470029 11
001470030 15
001470031 15
001470032 19
001470033 20
001470034 19
001470035 7
001470036 8
001470037 17
001470038 16
001470039 11
001470040 14
001470041 4
001470042 4
001470043 14
001470044 10
001470045 6
001470046 9
001470047 10
001470048 15
001470049 7
001470050 14
001470051 11
001470052 17
001470053 9
001470054 7
001470055 12
001470056 13
001470057 16
001470058 14
001470059 9
001470060 14
001470061 17
001470062 11
001470063 20
001470064 13
001470065 18
001470066 8
001470067 11
001470068 13
001470069 20
001470070 19
001470071 14
001470072 12
001470073 15
001470074 14
001470075 13
001470076 18
001470077 7
001470078 20
001470079 14
001470080 10
001470081 13
001470082 17
001470083 14
001470084 13
001470085 11
001470086 14
001470087 15
001470088 15
001470089 21
001470090 22
001470091 15
001470092 35
001470093 16
001470094 13
001470095 13
001470096 14
001470097 13
001470098 19
001470099 17
001470100 17
001470101 34
001470102 13
001470103 17
001470104 20
001470105 33
001470106 27
001470107 12
001470108 15
001470109 11
001470110 34
001470111 15
001470112 16
001470113 31
001470114 14
001470115 18
001470116 11
001470117 12
001470118 9
001470119 34
001470120 19
001470121 9
001470122 6
001470123 40
001470124 22
001470125 11
001470126 26
001470127 16
001470128 20
001470129 31
001470130 21
001470131 26
001470132 11
001470133 30
001470134 13
001470135 16
001470136 20
001470137 24
001470138 13
001470139 7
001470140 8
001470141 14
001470142 25
001470143 12
001470144 36
001470145 30
001470146 17
001470147 22
001470148 20
001470149 28
001470150 18
001470151 9
001470152 26
001470153 22
001470154 28
001470155 18
001470156 28
001470157 21
001470158 26
001470159 23
001470160 20
001470161 29
001470162 17
001470163 25
001470164 25
001470165 8
001470166 11
001470167 24
001470168 17
001470169 16
001470170 18
001470171 6
001470172 31
001470173 24
001470174 28
001470175 16
001470176 16
001470177 14
001470178 13
001470179 18
001470180 17
001470181 31
001470182 21
001470183 13
001470184 34
001470185 17
001470186 8
001470187 6
001470188 26
001470189 28
001470190 18
001470191 11
001470192 28
001470193 13
001470194 21
001470195 17
001470196 15
001470197 13
001470198 14
001470199 19
001470200 14
001470201 18
001470202 39
001470203 12
001470204 14
001470205 5
001470206 8
001470207 21
001470208 23
001470209 16
001470210 17
001470211 5
001470212 13
001470213 33
001470214 33
001470215 9
001470216 13
001470217 28
001470218 16
001470219 33
001470220 26
001470221 15
001470222 28
001470223 24
001470224 30
001470225 9
001470226 12
001470227 21
001470228 24
001470229 20
001470230 33
001470231 21
001470232 33
001470233 20
001470234 27
001470235 16
001470236 6
001470238 10
001470239 22
001470240 11
001470241 31
001470242 34
001470243 14
001470244 10
001470245 24
001470246 25
001470247 13
001470248 19
001470249 14
001470251 19
001470252 11
001470253 11
001470254 14
001470255 23
001470256 24
001470257 35
001470258 22
001470259 23
001470260 28
001470261 7
001470262 11
001470263 12
001470264 6
001470265 6
001470266 26
001470267 11
001470268 10
001470269 13
001470270 29
001470271 8
001470272 36
001470273 12
001470274 24
001470275 15
001470276 14
001470277 20
001470278 28
001470279 16
001470280 20
001470281 32
001470282 15
001470283 33
001470284 33
001470285 37
001470286 20
001470287 13
001470288 31
001470289 16
001470290 12
001470291 14
001470292 22
001470293 20
001470294 23
001470295 25
001470296 5
001470297 26
001470298 28
001470299 16
001470300 19
001470301 27
001470302 19
001470303 20
001470304 19
001470305 18
001470306 32
001470307 24
001470308 29
001470309 18
001470310 8
001470311 12
001470312 19
001470313 10
001470314 26
001470315 18
001470316 19
001470317 31
001470318 16
001470319 10
001470320 13
001470321 15
001470322 13
001470323 21
001470324 30
001470325 26
001470326 25
001470327 13
001470328 34
001470329 14
001470330 18
001470331 19
001470332 9
001470333 27
001470334 7
001470335 13
001470336 20
001470337 7
001470338 29
001470339 23
001470340 14
001470341 10
001470342 21
001470343 42
001470344 25
001470345 42
001470346 25
001470347 20
